CTD;CTD;CTD;CTD;CTD;CTD;CTD;CTD;CTD;CTD;CTD;labo;labo;labo;labo;labo;labo;labo
Fichier;Station;Latitude;Longitude;Echantillon;zbouteille;Date;Heure;PSAL;TEMP_XX;DOXY;CHL_01;Si_01;PO4_01;NOx_01;PSAL_BS;NO2_01;OXY_03
(nom);(nom/no);(degres);(degres);(no_unique);(dbar);(jj-mmm-yyyy);(GMT);(psu);(celsius);(ml/l);(mg/m**3);(mmol/m**3);(mmol/m**3);(mmol/m**3);(PSU);(mmol/m**3);(ml/l)
NED2010002_1;MFD_SETNO1;44.8167;-61.7785;336859;110;11-mar-10;09:26:38;32.0998;1.9761;6.67715;0.0834223186440678;8.61;1.07;7.4615;32.0838356018066;NaN;6.754
NED2010002_1;MFD_SETNO1;44.8167;-61.7785;336860;51;11-mar-10;09:26:38;31.5555;0.7601;7.56816;0.276492540677966;6.4235;0.905;5.491;NaN;NaN;NaN
NED2010002_1;MFD_SETNO1;44.8167;-61.7785;336861;50;11-mar-10;09:26:38;31.5555;0.7601;7.56816;NaN;NaN;NaN;NaN;NaN;NaN;NaN
NED2010002_1;MFD_SETNO1;44.8167;-61.7785;336862;25;11-mar-10;09:26:38;31.3948;0.7376;7.80527;0.487500005932203;5.1485;0.743;4.1485;NaN;NaN;NaN
NED2010002_1;MFD_SETNO1;44.8167;-61.7785;336863;5;11-mar-10;09:26:38;30.9386;0.5565;7.90222;0.50932836440678;6.901;0.8595;4.7125;NaN;NaN;7.8945
NED2010002_10;MFD_SETNO10;44.5505;-60.5345;336892;31;12-mar-10;18:50:53;31.9007;1.8585;7.57462;1.4670746;5.1605;0.8215;4.742;31.8972835540771;NaN;7.3165
NED2010002_10;MFD_SETNO10;44.5505;-60.5345;336893;25;12-mar-10;18:50:53;31.9015;1.8586;7.58061;1.54167161355932;5.037;0.7855;4.601;NaN;NaN;NaN
NED2010002_10;MFD_SETNO10;44.5505;-60.5345;336894;5;12-mar-10;18:50:53;31.9021;2.0154;7.56914;1.49194027118644;4.5175;0.7235;3.899;NaN;NaN;7.334
NED2010002_11;MFD_SETNO11;44.6223;-60.83;336895;61;12-mar-10;21:22:22;32.055;1.7632;7.38967;1.18111938135593;3.017;0.821;4.329;32.0420837402344;NaN;7.3175
NED2010002_11;MFD_SETNO11;44.6223;-60.83;336896;50;12-mar-10;21:22:22;31.932;1.7791;7.24967;0.633022395762712;5.359;0.8675;5.391;NaN;NaN;NaN
NED2010002_11;MFD_SETNO11;44.6223;-60.83;336897;25;12-mar-10;21:22:22;31.8761;1.6737;7.41805;0.74597013559322;4.1715;0.735;4.048;NaN;NaN;NaN
NED2010002_11;MFD_SETNO11;44.6223;-60.83;336898;5;12-mar-10;21:22:22;31.7481;1.8323;7.6695;1.09408953220339;4.7525;0.7625;4.037;NaN;NaN;7.5205
NED2010002_12;MFD_SETNO12;44.7822;-60.9382;336899;185;12-mar-10;23:32:59;32.6091;3.1235;5.84444;NaN;9.8705;1.0705;8.464;32.6084480285645;NaN;5.808
NED2010002_12;MFD_SETNO12;44.7822;-60.9382;336900;50;12-mar-10;23:32:59;31.9044;1.5999;7.35481;0.327425377118644;5.5245;0.81;4.998;NaN;NaN;NaN
NED2010002_12;MFD_SETNO12;44.7822;-60.9382;336901;25;12-mar-10;23:32:59;31.7228;1.3484;7.5667;0.72110446440678;5.4915;0.8305;4.8165;NaN;NaN;NaN
NED2010002_12;MFD_SETNO12;44.7822;-60.9382;336902;5;12-mar-10;23:32:59;31.6082;1.5885;7.71865;1.04435818983051;3.781;0.691;3.1395;NaN;NaN;7.4475
NED2010002_14;MFD_SETNO14;45.2132;-60.5997;336903;146;13-mar-10;04:01:30;32.4333;2.0361;6.28147;NaN;10.8015;1.1015;8.747;32.4264869689941;NaN;6.273
NED2010002_14;MFD_SETNO14;45.2132;-60.5997;336904;50;13-mar-10;04:01:30;31.532;0.8743;7.68299;0.334701496610169;5.642;0.822;4.8255;NaN;NaN;NaN
NED2010002_14;MFD_SETNO14;45.2132;-60.5997;336905;25;13-mar-10;04:01:30;31.3632;0.4286;7.77752;0.458395527966102;5.8855;0.779;4.719;NaN;NaN;NaN
NED2010002_14;MFD_SETNO14;45.2132;-60.5997;336906;6;13-mar-10;04:01:30;31.1714;0.4878;7.86144;0.516604483898305;6.9125;0.85;4.996;NaN;NaN;NaN
NED2010002_15;MFD_SETNO15;44.8282;-60.1818;336907;179;13-mar-10;14:40:07;32.796;3.2355;5.8295;NaN;10.3335;1.163;9.4175;32.8009147644043;NaN;5.769
NED2010002_15;MFD_SETNO15;44.8282;-60.1818;336908;50;13-mar-10;14:40:07;31.8572;1.4807;7.48175;0.480223886440678;5.0185;0.8075;4.6815;NaN;NaN;NaN
NED2010002_15;MFD_SETNO15;44.8282;-60.1818;336909;24;13-mar-10;14:40:07;31.6514;1.259;NaN;0.611194037288136;5.152;0.83;4.6965;NaN;NaN;NaN
NED2010002_15;MFD_SETNO15;44.8282;-60.1818;336910;6;13-mar-10;14:40:07;31.6422;1.2825;7.63764;0.50932836440678;5.4575;0.8545;4.91;NaN;NaN;7.476
NED2010002_16;MFD_SETNO16;44.7223;-60.0345;336911;121;13-mar-10;17:40:04;32.6348;3.0094;6.04435;0.0756014762711864;8.6915;1.0415;7.8025;32.6245422363281;NaN;5.9495
NED2010002_16;MFD_SETNO16;44.7223;-60.0345;336912;50;13-mar-10;17:40:04;32.2356;2.1491;6.70156;0.226804428813559;7.504;1.0185;6.9635;NaN;NaN;NaN
NED2010002_16;MFD_SETNO16;44.7223;-60.0345;336913;25;13-mar-10;17:40:04;32.0249;1.6576;7.34088;0.770835806779661;5.849;0.909;5.611;NaN;NaN;NaN
NED2010002_16;MFD_SETNO16;44.7223;-60.0345;336914;6;13-mar-10;17:40:04;31.9082;1.7513;7.54646;NaN;NaN;NaN;NaN;NaN;NaN;NaN
NED2010002_17;MFD_SETNO17;44.587;-59.6892;336915;73;13-mar-10;20:26:50;32.1727;1.8479;7.18793;0.882731327118644;4.8055;0.9275;5.4185;32.1657295227051;NaN;7.0755
NED2010002_17;MFD_SETNO17;44.587;-59.6892;336916;50;13-mar-10;20:26:50;32.1467;1.7738;7.3113;1.29301490169492;4.3275;0.8985;4.986;NaN;NaN;NaN
NED2010002_17;MFD_SETNO17;44.587;-59.6892;336917;25;13-mar-10;20:26:50;32.0443;1.8016;7.87093;4.8984134440678;2.462;0.7465;2.6725;NaN;NaN;NaN
NED2010002_17;MFD_SETNO17;44.587;-59.6892;336918;5;13-mar-10;20:26:50;32.0489;2.0135;8.02778;3.96384772118644;2.366;0.6805;2.3755;NaN;NaN;7.6685
NED2010002_18;MFD_SETNO18;44.6845;-59.6038;336919;156;13-mar-10;23:32:16;32.8786;3.4828;5.76598;0.127740425423729;10.861;1.1875;10.467;34.5907440185547;NaN;5.651
NED2010002_18;MFD_SETNO18;44.6845;-59.6038;336920;50;13-mar-10;23:32:16;32.0156;1.5747;7.45765;0.870298491525423;5.2515;0.8105;4.628;NaN;NaN;NaN
NED2010002_18;MFD_SETNO18;44.6845;-59.6038;336921;25;13-mar-10;23:32:16;31.9929;1.6012;7.60858;1.04435818983051;4.686;0.794;4.527;NaN;NaN;NaN
NED2010002_18;MFD_SETNO18;44.6845;-59.6038;336922;5;13-mar-10;23:32:16;31.9948;1.7161;7.58891;1.09408953220339;4.5715;0.794;4.4765;NaN;NaN;7.328
NED2010002_19;MFD_SETNO19;44.6598;-59.0623;336923;123;14-mar-10;04:05:27;32.6526;2.6417;5.81894;NaN;8.1525;1.0175;7.3565;32.6408081054688;NaN;5.735
NED2010002_19;MFD_SETNO19;44.6598;-59.0623;336924;50;14-mar-10;04:05:27;32.123;1.6052;7.18397;1.06922386101695;4.543;0.79;4.8455;NaN;NaN;NaN
NED2010002_19;MFD_SETNO19;44.6598;-59.0623;336925;26;14-mar-10;04:05:27;32.0019;1.4393;7.61709;1.74059698305085;3.3215;0.678;3.4505;NaN;NaN;NaN
NED2010002_19;MFD_SETNO19;44.6598;-59.0623;336926;6;14-mar-10;04:05:27;32.0019;1.5235;7.61006;1.39247758644068;4.355;0.7825;4.32;NaN;NaN;7.319
NED2010002_20;MFD_SETNO20;44.7712;-59.1777;336927;173;14-mar-10;07:02:15;32.6766;2.6681;5.79425;NaN;10.6835;1.186;9.753;32.6626091003418;NaN;5.6375
NED2010002_20;MFD_SETNO20;44.7712;-59.1777;336928;50;14-mar-10;07:02:15;32.0467;1.6007;7.35403;0.625746276271187;5.5045;0.859;5.538;NaN;NaN;NaN
NED2010002_20;MFD_SETNO20;44.7712;-59.1777;336929;25;14-mar-10;07:02:15;31.9621;1.4045;7.56737;0.820567149152542;4.3155;0.75;4.2985;NaN;NaN;NaN
NED2010002_20;MFD_SETNO20;44.7712;-59.1777;336930;5;14-mar-10;07:02:15;31.9592;1.502;7.59752;1.06922386101695;4.785;0.7975;4.6225;NaN;NaN;7.28
NED2010002_21;MFD_SETNO21;44.718;-59.2068;336931;212;14-mar-10;09:30:51;32.6144;2.7539;5.83089;NaN;9.1315;1.034;8.194;32.6072807312012;NaN;5.795
NED2010002_21;MFD_SETNO21;44.718;-59.2068;336932;50;14-mar-10;09:30:51;32.0966;1.6495;7.27825;1.29301490169492;5.216;0.881;5.5915;NaN;NaN;NaN
NED2010002_21;MFD_SETNO21;44.718;-59.2068;336933;26;14-mar-10;09:30:51;31.9973;1.5368;7.59189;1.4670746;4.4945;0.816;4.7145;NaN;NaN;NaN
NED2010002_21;MFD_SETNO21;44.718;-59.2068;336934;5;14-mar-10;09:30:51;31.995;1.5649;7.57203;1.71573131186441;4.501;0.8005;4.592;NaN;NaN;7.3805
NED2010002_22;MFD_SETNO22;45.0352;-59.3868;336935;87;14-mar-10;13:27:19;32.2848;2.1772;6.42793;0.0729945288135593;8.6515;0.991;7.609;32.2741355895996;NaN;6.198
NED2010002_22;MFD_SETNO22;45.0352;-59.3868;336936;50;14-mar-10;13:27:19;31.9861;1.552;7.0607;0.276492540677966;5.7945;0.83;5.2965;NaN;NaN;NaN
NED2010002_22;MFD_SETNO22;45.0352;-59.3868;336937;25;14-mar-10;13:27:19;31.8202;1.3133;7.6116;0.552985081355932;5.0705;0.8195;4.74;NaN;NaN;NaN
NED2010002_22;MFD_SETNO22;45.0352;-59.3868;336938;6;14-mar-10;13:27:19;31.731;1.1394;7.68466;0.589365678813559;5.3545;0.8215;4.821;NaN;NaN;7.445
NED2010002_24;MFD_SETNO24;45.1388;-59.4608;336939;86;14-mar-10;15:30:59;32.2657;1.737;6.62945;0.0990640033898305;8.5955;1.0075;7.787;32.2553024291992;NaN;6.471
NED2010002_24;MFD_SETNO24;45.1388;-59.4608;336940;50;14-mar-10;15:30:59;31.8151;1.1494;7.51873;0.396548512288136;5.2255;0.8185;5.152;NaN;NaN;NaN
NED2010002_24;MFD_SETNO24;45.1388;-59.4608;336941;25;14-mar-10;15:30:59;31.7509;1.1584;7.68293;0.60391791779661;4.916;0.7715;4.5945;NaN;NaN;NaN
NED2010002_24;MFD_SETNO24;45.1388;-59.4608;336942;5;14-mar-10;15:30:59;31.6183;0.9973;7.81044;0.640298515254237;5.1545;0.802;4.2145;NaN;NaN;7.6685
NED2010002_25;MFD_SETNO25;45.2275;-59.8223;336943;79;14-mar-10;18:25:44;32.0093;1.1555;7.11862;0.109491793220339;6.6455;0.9365;5.977;31.9744167327881;NaN;6.999
NED2010002_25;MFD_SETNO25;45.2275;-59.8223;336944;50;14-mar-10;18:25:44;31.4947;0.3483;7.73253;0.218283584745763;5.912;0.8135;4.872;NaN;NaN;NaN
NED2010002_25;MFD_SETNO25;45.2275;-59.8223;336945;25;14-mar-10;18:25:44;31.2797;0.0031;7.89965;0.502052244915254;6.4545;0.8445;4.845;NaN;NaN;NaN
NED2010002_25;MFD_SETNO25;45.2275;-59.8223;336946;5;14-mar-10;18:25:44;31.1307;0.4296;8.09881;1.20598505254237;6.451;0.8265;4.2935;NaN;NaN;7.934
NED2010002_26;MFD_SETNO26;45.5563;-59.4533;336947;127;14-mar-10;22:12:39;33.0916;2.3509;5.68905;0.0417111593220339;10.7025;1.085;9.8195;33.0827751159668;NaN;5.5955
NED2010002_26;MFD_SETNO26;45.5563;-59.4533;336948;51;14-mar-10;22:12:39;31.8618;0.451;7.65939;0.407462691525424;5.488;0.7675;5.3015;NaN;NaN;NaN
NED2010002_26;MFD_SETNO26;45.5563;-59.4533;336949;24;14-mar-10;22:12:39;31.6658;0.5455;7.95978;1.01949251864407;5.5365;0.7295;4.565;NaN;NaN;NaN
NED2010002_26;MFD_SETNO26;45.5563;-59.4533;336950;5;14-mar-10;22:12:39;31.6334;0.9568;7.8447;0.895164162711864;5.619;0.733;4.6455;NaN;NaN;7.5695
NED2010002_27;MFD_SETNO27;45.4722;-59.4348;336951;162;15-mar-10;00:45:08;33.3785;2.9781;5.28037;NaN;11.605;1.109;10.656;33.3676795959473;NaN;5.288
NED2010002_27;MFD_SETNO27;45.4722;-59.4348;336952;50;15-mar-10;00:45:08;31.8399;0.4596;7.66027;0.367444034322034;5.7935;0.7745;5.4135;NaN;NaN;NaN
NED2010002_27;MFD_SETNO27;45.4722;-59.4348;336953;25;15-mar-10;00:45:08;31.7416;0.4612;7.89373;1.18111938135593;4.771;0.6915;4.203;NaN;NaN;NaN
NED2010002_27;MFD_SETNO27;45.4722;-59.4348;336954;5;15-mar-10;00:45:08;31.6943;0.6232;8.00293;1.66599996949153;4.5775;0.687;3.698;NaN;NaN;7.7745
NED2010002_28;MFD_SETNO28;45.225;-58.8842;336955;78;15-mar-10;04:34:38;32.1557;1.4895;6.9325;0.174665479661017;7.2725;0.832;6.3265;32.1491966247559;NaN;6.7665
NED2010002_28;MFD_SETNO28;45.225;-58.8842;336956;50;15-mar-10;04:34:38;31.837;0.9781;7.59814;0.320149257627119;5.932;0.785;5.5825;NaN;NaN;NaN
NED2010002_28;MFD_SETNO28;45.225;-58.8842;336957;25;15-mar-10;04:34:38;31.7474;0.8998;NaN;0.538432842372881;5.5505;0.785;5.208;NaN;NaN;NaN
NED2010002_28;MFD_SETNO28;45.225;-58.8842;336958;7;15-mar-10;04:34:38;31.6571;0.9494;7.77422;0.857865655932203;5.514;0.7305;4.7755;NaN;NaN;7.454
NED2010002_29;MFD_SETNO29;45.3265;-58.588;336959;91;15-mar-10;07:28:42;32.167;1.0487;7.29899;0.232835823728814;5.7535;0.779;5.5245;32.150577545166;NaN;7.3885
NED2010002_29;MFD_SETNO29;45.3265;-58.588;336960;49;15-mar-10;07:28:42;31.8862;1.0481;7.48046;0.291044779661017;5.166;0.7265;4.977;NaN;NaN;NaN
NED2010002_29;MFD_SETNO29;45.3265;-58.588;336961;25;15-mar-10;07:28:42;31.7732;1.0395;7.71209;0.795701477966102;5.241;0.7205;4.811;NaN;NaN;NaN
NED2010002_29;MFD_SETNO29;45.3265;-58.588;336962;5;15-mar-10;07:28:42;31.7478;1.2332;7.66078;0.74597013559322;5.403;0.741;4.8805;NaN;NaN;8.007
NED2010002_3;MFD_SETNO3;44.8943;-61.1843;336864;166;11-mar-10;14:36:34;32.6409;3.3127;5.65091;NaN;10.7285;1.171;8.146;32.6332359313965;NaN;6.4465
NED2010002_3;MFD_SETNO3;44.8943;-61.1843;336865;49;11-mar-10;14:36:34;31.841;1.2823;7.39582;0.225559704237288;6.081;0.929;5.616;NaN;NaN;NaN
NED2010002_3;MFD_SETNO3;44.8943;-61.1843;336866;25;11-mar-10;14:36:34;31.7217;0.9895;7.48567;0.356529855084746;3.963;0.659;3.5255;NaN;NaN;NaN
NED2010002_3;MFD_SETNO3;44.8943;-61.1843;336867;5;11-mar-10;14:36:34;31.5518;0.8856;7.62308;0.363805974576271;6.083;0.8545;4.8815;NaN;NaN;7.073
NED2010002_30;MFD_SETNO30;45.131;-58.5248;336963;84;15-mar-10;10:35:18;32.2414;0.9582;7.40581;0.225559704237288;3.995;0.6245;4.019;32.2404365539551;NaN;7.2435
NED2010002_30;MFD_SETNO30;45.131;-58.5248;336964;50;15-mar-10;10:35:18;31.8827;0.9478;7.63018;0.381996273305085;5.442;0.7675;5.237;NaN;NaN;NaN
NED2010002_30;MFD_SETNO30;45.131;-58.5248;336965;26;15-mar-10;10:35:18;31.8252;0.9648;7.70621;0.625746276271186;4.77;0.684;4.356;NaN;NaN;NaN
NED2010002_30;MFD_SETNO30;45.131;-58.5248;336966;6;15-mar-10;10:35:18;31.7981;1.1806;7.69308;0.654850754237288;5.493;0.7515;4.877;NaN;NaN;7.5245
NED2010002_31;MFD_SETNO31;45.0633;-58.563;336967;76;15-mar-10;12:20:19;32.1934;0.9227;7.54464;0.276492540677966;4.1515;0.6505;4.0985;32.1898536682129;NaN;7.545
NED2010002_31;MFD_SETNO31;45.0633;-58.563;336968;51;15-mar-10;12:20:19;31.9344;0.7837;7.57728;0.34925373559322;5.4535;0.775;5.3465;NaN;NaN;NaN
NED2010002_31;MFD_SETNO31;45.0633;-58.563;336969;25;15-mar-10;12:20:19;31.8099;0.9455;7.73671;0.494776125423729;5.5515;0.757;5.0335;NaN;NaN;NaN
NED2010002_31;MFD_SETNO31;45.0633;-58.563;336970;5;15-mar-10;12:20:19;31.778;1.1274;7.72826;0.596641798305085;4.7475;0.6965;4.2865;NaN;NaN;7.7285
NED2010002_32;MFD_SETNO32;44.821;-58.5737;336971;234;15-mar-10;15:21:52;32.949;2.2456;6.06157;0.0521389491525424;10.4415;1.0665;10.025;32.9459953308105;NaN;4.9925
NED2010002_32;MFD_SETNO32;44.821;-58.5737;336972;50;15-mar-10;15:21:52;32.0106;1.2824;7.66811;3.38377244491526;2.686;0.653;3.2795;NaN;NaN;NaN
NED2010002_32;MFD_SETNO32;44.821;-58.5737;336973;25;15-mar-10;15:21:52;32.0063;1.3043;7.76706;2.83592357288136;2.9755;0.6415;3.1175;NaN;NaN;NaN
NED2010002_32;MFD_SETNO32;44.821;-58.5737;336974;5;15-mar-10;15:21:52;32.0182;1.462;8.08622;4.96286625254237;1.709;0.4935;0.696;NaN;NaN;8.2815
NED2010002_33;MFD_SETNO33;44.8495;-58.1977;336975;170;15-mar-10;18:31:14;32.7934;2.035;6.16893;0.156416847457627;8.367;0.873;7.543;32.8034362792969;NaN;6.212
NED2010002_33;MFD_SETNO33;44.8495;-58.1977;336976;51;15-mar-10;18:31:14;32.1124;1.0338;7.74742;0.845432820338983;4.5365;0.678;4.209;NaN;NaN;NaN
NED2010002_33;MFD_SETNO33;44.8495;-58.1977;336977;25;15-mar-10;18:31:14;32.0044;1.1354;7.77536;1.39247758644068;4.3915;0.6465;3.876;NaN;NaN;NaN
NED2010002_33;MFD_SETNO33;44.8495;-58.1977;336978;5;15-mar-10;18:31:14;31.9665;1.4007;7.75747;0.994626847457627;4.1825;0.6295;3.8515;NaN;NaN;7.8385
NED2010002_34;MFD_SETNO34;44.9135;-58.1803;336979;73;15-mar-10;20:36:21;32.234;1.2755;7.05543;0.552985081355932;6.162;0.818;6.078;32.2508697509766;NaN;7.1055
NED2010002_34;MFD_SETNO34;44.9135;-58.1803;336980;48;15-mar-10;20:36:21;32.0089;1.3827;7.89406;0.0834223186440678;1.6055;0.5755;2.3775;NaN;NaN;NaN
NED2010002_34;MFD_SETNO34;44.9135;-58.1803;336981;25;15-mar-10;20:36:21;31.9485;1.1311;7.86527;1.06922386101695;4.5815;0.6765;4.164;NaN;NaN;NaN
NED2010002_34;MFD_SETNO34;44.9135;-58.1803;336982;5;15-mar-10;20:36:21;31.9124;1.3986;7.69312;0.982194011864407;4.886;0.742;4.5725;NaN;NaN;7.698
NED2010002_35;MFD_SETNO35;45.1642;-58.369;336983;158;16-mar-10;00:34:56;33.4483;3.2055;5.26909;0.0417111593220339;13.588;1.247;12.8665;33.4524803161621;NaN;5.383
NED2010002_35;MFD_SETNO35;45.1642;-58.369;336984;51;16-mar-10;00:34:56;31.9123;0.8386;7.49375;0.327425377118644;4.6825;0.704;4.569;NaN;NaN;NaN
NED2010002_35;MFD_SETNO35;45.1642;-58.369;336985;25;16-mar-10;00:34:56;31.7867;0.8734;7.74987;0.669402993220339;4.4815;0.656;3.9705;NaN;NaN;NaN
NED2010002_35;MFD_SETNO35;45.1642;-58.369;336986;5;16-mar-10;00:34:56;31.7826;0.998;7.7796;0.578451499576271;5.2675;0.793;4.7475;NaN;NaN;7.9525
NED2010002_36;MFD_SETNO36;45.028;-57.9778;336987;123;16-mar-10;04:44:00;33.1062;2.3122;6.06902;0.0664771601694915;7.666;0.8605;7.3525;33.0977172851562;NaN;6.1435
NED2010002_36;MFD_SETNO36;45.028;-57.9778;336988;50;16-mar-10;04:44:00;32.1242;0.9445;7.54044;0.341977616101695;4.394;0.3775;4.5195;NaN;NaN;NaN
NED2010002_36;MFD_SETNO36;45.028;-57.9778;336989;24;16-mar-10;04:44:00;31.9726;1.2498;7.81575;1.76546265423729;3.958;0.1205;3.8995;NaN;NaN;NaN
NED2010002_36;MFD_SETNO36;45.028;-57.9778;336990;4;16-mar-10;04:44:00;31.9723;1.2421;7.812;1.93952235254237;2.6605;0.6745;2.616;NaN;NaN;7.6585
NED2010002_37;MFD_SETNO37;45.2308;-57.9907;336991;73;16-mar-10;07:41:37;32.3368;0.9243;7.31991;0.216376638983051;4.336;0.6665;4.4175;32.3418884277344;NaN;7.2525
NED2010002_37;MFD_SETNO37;45.2308;-57.9907;336992;50;16-mar-10;07:41:37;32.2379;0.8949;7.44292;0.243750002966102;5.2875;0.792;5.4685;NaN;NaN;NaN
NED2010002_37;MFD_SETNO37;45.2308;-57.9907;336993;25;16-mar-10;07:41:37;32.0673;1.0332;7.74739;0.795701477966102;4.3065;0.688;3.997;NaN;NaN;NaN
NED2010002_37;MFD_SETNO37;45.2308;-57.9907;336994;4;16-mar-10;07:41:37;32.0607;1.0232;7.74467;0.907596998305085;4.527;0.6555;3.7815;NaN;NaN;7.7345
NED2010002_39;MFD_SETNO39;45.3075;-57.7845;336995;154;16-mar-10;13:18:54;33.5727;3.636;5.29109;0.0312833694915254;9.708;1.042;10.1395;33.5606079101562;NaN;5.4435
NED2010002_39;MFD_SETNO39;45.3075;-57.7845;336996;50;16-mar-10;13:18:54;32.1657;0.8825;7.65407;0.363805974576271;4.615;0.7435;4.612;NaN;NaN;NaN
NED2010002_39;MFD_SETNO39;45.3075;-57.7845;336997;24;16-mar-10;13:18:54;31.9672;0.9311;7.83209;1.08165669661017;4.366;0.661;3.724;NaN;NaN;NaN
NED2010002_39;MFD_SETNO39;45.3075;-57.7845;336998;5;16-mar-10;13:18:54;31.9324;0.8898;7.79006;0.994626847457627;4.4485;0.6755;3.9525;NaN;NaN;7.6665
NED2010002_4;MFD_SETNO4;44.484;-61.6875;336868;156;11-mar-10;21:37:32;34.7242;9.2753;3.46645;NaN;14.525;1.506;17.477;34.7119522094727;NaN;3.5945
NED2010002_4;MFD_SETNO4;44.484;-61.6875;336869;51;11-mar-10;21:37:32;32.1595;1.9097;7.41201;1.99803706271186;2.831;0.831;4.4755;NaN;NaN;NaN
NED2010002_4;MFD_SETNO4;44.484;-61.6875;336870;27;11-mar-10;21:37:32;32.1206;1.9676;7.54745;3.22264042372881;1.832;0.716;3.0005;NaN;NaN;NaN
NED2010002_4;MFD_SETNO4;44.484;-61.6875;336871;4;11-mar-10;21:37:32;31.6827;1.5568;7.75908;1.39507548135593;4.943;0.797;4.0485;NaN;NaN;7.626
NED2010002_40;MFD_SETNO40;45.4888;-57.6332;357501;447;16-mar-10;16:14:49;34.8191;5.1776;3.43679;NaN;27.212;1.531;18.337;34.8170356750488;NaN;3.6285
NED2010002_40;MFD_SETNO40;45.4888;-57.6332;357502;49;16-mar-10;16:14:49;32.0814;0.7901;7.68054;0.371;4.9145;0.649;4.023;NaN;NaN;NaN
NED2010002_40;MFD_SETNO40;45.4888;-57.6332;357503;25;16-mar-10;16:14:49;31.8232;0.74;7.814;0.870298491525424;4.822;0.7395;4.7955;NaN;NaN;NaN
NED2010002_40;MFD_SETNO40;45.4888;-57.6332;357504;4;16-mar-10;16:14:49;31.7107;0.7178;7.90075;0.727611949152542;4.129;0.6115;3.5345;NaN;NaN;7.9675
NED2010002_42;MFD_SETNO42;45.3668;-57.2838;357505;443;16-mar-10;20:59:26;34.9003;5.2917;4.06556;NaN;22.4305;1.513;18.611;34.8902587890625;NaN;4.296
NED2010002_42;MFD_SETNO42;45.3668;-57.2838;357506;49;16-mar-10;20:59:26;32.1093;0.6706;7.89836;0.291044779661017;2.5715;0.608;2.1775;NaN;NaN;NaN
NED2010002_42;MFD_SETNO42;45.3668;-57.2838;357507;25;16-mar-10;20:59:26;31.8239;0.6689;7.82413;0.621641779661017;4.9625;0.733;4.588;NaN;NaN;NaN
NED2010002_42;MFD_SETNO42;45.3668;-57.2838;357508;5;16-mar-10;20:59:26;31.8176;1.0479;7.78989;0.560261200847457;4.725;0.7235;4.0345;NaN;NaN;7.95
NED2010002_43;MFD_SETNO43;45.2848;-57.1662;357509;441;16-mar-10;23:04:37;34.8918;5.2714;3.99338;0.0834223186440678;24.333;1.58;19.9425;NaN;NaN;4.1995
NED2010002_43;MFD_SETNO43;45.2848;-57.1662;357510;51;16-mar-10;23:04:37;32.487;0.3754;7.7124;0.531156722881356;NaN;NaN;NaN;NaN;NaN;NaN
NED2010002_43;MFD_SETNO43;45.2848;-57.1662;357511;25;16-mar-10;23:04:37;32.4619;0.2995;7.75956;0.312873138135593;4.2205;0.713;4.292;NaN;NaN;NaN
NED2010002_43;MFD_SETNO43;45.2848;-57.1662;357512;6;16-mar-10;23:04:37;32.3601;1.0324;7.47868;0.50932836440678;4.601;0.739;4.6635;32.3406372070312;NaN;7.768
NED2010002_44;MFD_SETNO44;45.2115;-57.5938;357513;343;17-mar-10;02:27:55;34.6421;5.3999;3.19354;0.0104277898305085;15.6815;1.295;12.414;34.6294784545898;NaN;7.5655
NED2010002_44;MFD_SETNO44;45.2115;-57.5938;357514;50;17-mar-10;02:27:55;32.147;0.9833;7.66941;0.574813439830508;3.7915;0.647;3.8005;NaN;NaN;NaN
NED2010002_44;MFD_SETNO44;45.2115;-57.5938;357515;25;17-mar-10;02:27:55;31.9755;1.2946;7.74815;1.29301490169492;3.266;0.6035;3.0885;NaN;NaN;NaN
NED2010002_44;MFD_SETNO44;45.2115;-57.5938;357516;4;17-mar-10;02:27:55;31.9501;1.4366;7.73654;1.06922386101695;2.6855;0.487;2.3775;NaN;NaN;3.4275
NED2010002_45;MFD_SETNO45;44.9797;-57.6132;357517;43;17-mar-10;04:54:32;32.1077;0.8851;7.55234;0.411100751271186;4.628;0.7195;4.6735;32.1003074645996;NaN;NaN
NED2010002_45;MFD_SETNO45;44.9797;-57.6132;357518;25;17-mar-10;04:54:32;32.027;0.9299;7.72232;0.552985081355932;4.915;0.74;4.7995;NaN;NaN;NaN
NED2010002_45;MFD_SETNO45;44.9797;-57.6132;357519;5;17-mar-10;04:54:32;32.0179;1.0387;7.70159;0.770835806779661;4.575;0.7105;4.292;NaN;NaN;NaN
NED2010002_46;MFD_SETNO46;44.9323;-57.2933;357521;401;17-mar-10;07:29:21;34.8297;5.1975;3.54214;NaN;22.0155;1.425;15.652;34.8278007507324;NaN;3.684
NED2010002_46;MFD_SETNO46;44.9323;-57.2933;357522;50;17-mar-10;07:29:21;32.1471;0.7194;7.55825;0.177272427118644;5.0555;0.7945;5.1425;NaN;NaN;7.796
NED2010002_46;MFD_SETNO46;44.9323;-57.2933;357523;25;17-mar-10;07:29:21;32.0073;0.8173;7.73469;0.502052244915254;4.6545;0.728;4.552;NaN;NaN;NaN
NED2010002_46;MFD_SETNO46;44.9323;-57.2933;357524;5;17-mar-10;07:29:21;31.9507;0.9112;7.78751;0.820567149152542;4.882;0.7275;4.4515;NaN;NaN;NaN
NED2010002_48;MFD_SETNO48;44.9748;-56.8035;357525;411;17-mar-10;11:17:37;34.9118;5.3876;4.18176;NaN;21.964;1.515;19.9015;34.9036254882812;NaN;4.256
NED2010002_48;MFD_SETNO48;44.9748;-56.8035;357526;50;17-mar-10;11:17:37;32.554;1.0158;7.79394;0.957328340677966;3.448;0.6525;3.835;NaN;NaN;NaN
NED2010002_48;MFD_SETNO48;44.9748;-56.8035;357527;25;17-mar-10;11:17:37;32.551;1.1221;7.75454;0.870298491525424;3.644;0.635;3.7565;NaN;NaN;NaN
NED2010002_48;MFD_SETNO48;44.9748;-56.8035;357528;5;17-mar-10;11:17:37;32.4985;1.0777;7.74739;1.06922386101695;3.548;0.6845;3.842;NaN;NaN;7.642
NED2010002_49;MFD_SETNO49;44.7763;-56.984;357529;414;17-mar-10;14:06:05;34.8596;5.1673;3.72993;NaN;29.1365;1.6565;20.8975;34.8598251342773;NaN;3.8745
NED2010002_49;MFD_SETNO49;44.7763;-56.984;357530;50;17-mar-10;14:06:05;32.5842;0.9681;7.49501;0.187700216949153;4.3445;0.6955;4.7005;NaN;NaN;NaN
NED2010002_49;MFD_SETNO49;44.7763;-56.984;357531;25;17-mar-10;14:06:05;32.4144;1.0519;7.66578;0.502052244915254;4.188;0.6815;4.2395;NaN;NaN;NaN
NED2010002_49;MFD_SETNO49;44.7763;-56.984;357532;5;17-mar-10;14:06:05;32.2511;1.4;7.74857;0.770835806779661;4.3935;0.706;4.023;NaN;NaN;7.7135
NED2010002_5;MFD_SETNO5;44.3558;-61.5495;336872;179;11-mar-10;23:02:08;34.6374;9.1214;3.43957;0.226804428813559;15.3065;1.4885;17.004;34.6299018859863;NaN;3.541
NED2010002_5;MFD_SETNO5;44.3558;-61.5495;336873;55;11-mar-10;23:02:08;32.1709;1.8941;7.50628;2.77147076440678;2.061;0.8205;4.0815;NaN;NaN;NaN
NED2010002_5;MFD_SETNO5;44.3558;-61.5495;336874;22;11-mar-10;23:02:08;32.0819;1.9993;7.84492;2.7070179559322;1.322;0.5625;1.9435;NaN;NaN;NaN
NED2010002_5;MFD_SETNO5;44.3558;-61.5495;336875;5;11-mar-10;23:02:08;32.032;2.7755;7.78408;2.06248987118644;1.578;0.516;1.7645;NaN;NaN;7.675
NED2010002_50;MFD_SETNO50;44.6867;-57.0458;357533;414;17-mar-10;16:17:28;34.8394;5.1753;3.58732;NaN;29.9075;1.695;20.9485;34.8441963195801;NaN;3.7435
NED2010002_50;MFD_SETNO50;44.6867;-57.0458;357534;49;17-mar-10;16:17:28;32.5848;1.2195;7.53081;0.385634333050847;4.5;0.7395;4.9475;NaN;NaN;NaN
NED2010002_50;MFD_SETNO50;44.6867;-57.0458;357535;25;17-mar-10;16:17:28;32.4643;1.2776;7.71651;0.820567149152542;3.8815;0.645;3.73;NaN;NaN;NaN
NED2010002_50;MFD_SETNO50;44.6867;-57.0458;357536;5;17-mar-10;16:17:28;32.2636;1.5622;7.7318;1.69086564067797;4.337;0.6915;3.98;NaN;NaN;7.8295
NED2010002_51;MFD_SETNO51;44.7315;-57.8545;357537;40;17-mar-10;21:10:54;32.1725;1.3965;7.78264;1.96438802372881;4.0615;0.695;3.8275;32.1752815246582;NaN;7.729
NED2010002_51;MFD_SETNO51;44.7315;-57.8545;357538;25;17-mar-10;21:10:54;32.1738;1.4;7.79209;2.16331339322034;3.6065;0.6465;3.4925;NaN;NaN;NaN
NED2010002_51;MFD_SETNO51;44.7315;-57.8545;357539;5;17-mar-10;21:10:54;32.1675;1.5596;7.81384;1.84005966779661;4.045;0.7005;3.6235;NaN;NaN;7.787
NED2010002_52;MFD_SETNO52;44.589;-57.8163;357540;33;17-mar-10;22:59:52;32.1268;1.1941;7.76594;0.820567149152542;4.6215;0.7215;4.269;32.1237907409668;NaN;7.8125
NED2010002_52;MFD_SETNO52;44.589;-57.8163;357541;25;17-mar-10;22:59:52;32.1233;1.2014;7.73886;0.907596998305085;4.8375;0.722;4.2495;NaN;NaN;NaN
NED2010002_52;MFD_SETNO52;44.589;-57.8163;357542;5;17-mar-10;22:59:52;32.0878;1.4103;7.76036;0.795701477966102;4.6395;0.706;4.1915;NaN;NaN;7.8695
NED2010002_53;MFD_SETNO53;44.595;-57.9915;357543;48;18-mar-10;00:40:15;32.1633;1.3247;7.72791;1.06922386101695;4.417;0.691;4.142;32.1588821411133;NaN;7.693
NED2010002_53;MFD_SETNO53;44.595;-57.9915;357544;24;18-mar-10;00:40:15;32.1619;1.3291;7.70678;1.11895520338983;3.351;0.56;3.169;NaN;NaN;NaN
NED2010002_53;MFD_SETNO53;44.595;-57.9915;357545;5;18-mar-10;00:40:15;32.1605;1.427;7.71267;1.09408953220339;4.056;0.6505;3.7335;NaN;NaN;7.7825
NED2010002_54;MFD_SETNO54;44.3537;-57.5717;357546;179;18-mar-10;04:50:49;33.8281;4.9045;5.24065;NaN;10.5725;1.12;11.984;33.8351058959961;NaN;5.359
NED2010002_54;MFD_SETNO54;44.3537;-57.5717;357547;50;18-mar-10;04:50:49;32.6176;1.1995;7.44236;0.341977616101695;4.787;0.743;4.958;NaN;NaN;NaN
NED2010002_54;MFD_SETNO54;44.3537;-57.5717;357548;26;18-mar-10;04:50:49;32.4954;0.8881;7.61293;0.795701477966102;4.245;0.675;4.112;NaN;NaN;NaN
NED2010002_54;MFD_SETNO54;44.3537;-57.5717;357549;5;18-mar-10;04:50:49;32.3763;1.2183;7.67187;0.607555977542373;4.2455;0.664;3.932;NaN;NaN;7.775
NED2010002_55;MFD_SETNO55;44.3372;-57.739;357550;223;18-mar-10;08:41:41;34.5392;7.0985;4.14684;NaN;10.665;1.1335;13.196;34.536060333252;NaN;4.332
NED2010002_55;MFD_SETNO55;44.3372;-57.739;357551;50;18-mar-10;08:41:41;32.3587;1.108;7.69638;0.269216421186441;5.0015;0.7395;4.966;NaN;NaN;NaN
NED2010002_55;MFD_SETNO55;44.3372;-57.739;357552;24;18-mar-10;08:41:41;32.2329;1.2769;7.66101;0.669402993220339;4.349;0.684;3.8625;NaN;NaN;NaN
NED2010002_55;MFD_SETNO55;44.3372;-57.739;357553;5;18-mar-10;08:41:41;32.1206;1.236;7.70293;0.647574634745763;4.941;0.7195;4.246;NaN;NaN;7.7665
NED2010002_56;MFD_SETNO56;44.3543;-57.8832;357554;111;18-mar-10;10:12:58;32.6091;1.0428;7.21546;0.243750002966102;5.646;0.7615;5.4785;32.6050720214844;NaN;7.298
NED2010002_56;MFD_SETNO56;44.3543;-57.8832;357555;49;18-mar-10;10:12:58;32.2076;0.9943;7.60387;0.494776125423729;4.5975;0.7015;4.648;NaN;NaN;NaN
NED2010002_56;MFD_SETNO56;44.3543;-57.8832;357556;25;18-mar-10;10:12:58;32.0962;1.0883;7.70294;0.74597013559322;4.155;0.658;3.915;NaN;NaN;NaN
NED2010002_56;MFD_SETNO56;44.3543;-57.8832;357557;5;18-mar-10;10:12:58;32.095;1.0924;7.68091;0.907596998305085;4.2455;0.6485;3.8545;NaN;NaN;7.8505
NED2010002_57;MFD_SETNO57;44.3645;-59.2852;357558;189;20-mar-10;10:42:31;34.2334;6.2391;4.91873;0.0860292661016949;9.351;1.0585;12.477;34.23;NaN;5.0185
NED2010002_57;MFD_SETNO57;44.3645;-59.2852;357559;49;20-mar-10;10:42:31;32.5931;2.1721;7.5082;1.88682196101695;3.725;0.705;4.267;NaN;NaN;NaN
NED2010002_57;MFD_SETNO57;44.3645;-59.2852;357560;24;20-mar-10;10:42:31;32.4937;2.1092;7.74228;4.96286625254237;2.9885;0.6395;3.414;NaN;NaN;NaN
NED2010002_57;MFD_SETNO57;44.3645;-59.2852;357561;4;20-mar-10;10:42:31;32.2689;2.1519;8.09228;11.8793049576271;1.491;0.461;0.8275;NaN;NaN;8.0965
NED2010002_59;MFD_SETNO59;43.7262;-59.4678;357562;106;20-mar-10;17:34:22;33.3691;4.4378;6.25596;0.305597018644068;5.91;0.8265;7.6535;33.379;NaN;6.251
NED2010002_59;MFD_SETNO59;43.7262;-59.4678;357563;50;20-mar-10;17:34:22;32.8329;2.9171;7.24866;1.19355221694915;2.635;0.508;3.279;NaN;NaN;NaN
NED2010002_59;MFD_SETNO59;43.7262;-59.4678;357564;25;20-mar-10;17:34:22;32.6309;2.6369;7.75807;10.928960561017;1.797;0.4895;1.9145;NaN;NaN;NaN
NED2010002_59;MFD_SETNO59;43.7262;-59.4678;357565;5;20-mar-10;17:34:22;32.3653;2.8482;8.68382;15.4430964449153;0.5095;0.3615;0.094;NaN;NaN;8.7655
NED2010002_6;MFD_SETNO6;44.271;-61.4165;336876;165;12-mar-10;02:07:56;34.4134;8.7492;3.56923;NaN;13.305;1.2815;14.2655;34.4046821594238;NaN;3.6135
NED2010002_6;MFD_SETNO6;44.271;-61.4165;336877;50;12-mar-10;02:07:56;32.3547;2.4001;7.07933;5.92965837966102;4.753;0.962;6.254;NaN;NaN;NaN
NED2010002_6;MFD_SETNO6;44.271;-61.4165;336878;25;12-mar-10;02:07:56;32.1479;2.2371;7.54572;2.38475391355932;0.8405;0.609;1.7875;NaN;NaN;NaN
NED2010002_6;MFD_SETNO6;44.271;-61.4165;336879;5;12-mar-10;02:07:56;31.9417;2.2309;7.81741;2.19139548813559;3.1365;0.7095;2.9;NaN;NaN;7.5725
NED2010002_60;MFD_SETNO60;43.6312;-59.7145;357566;156;20-mar-10;19:36:36;34.0882;6.8937;5.39295;1.31788057288136;5.998;0.794;8.6715;34.073;NaN;5.53
NED2010002_60;MFD_SETNO60;43.6312;-59.7145;357567;50;20-mar-10;19:36:36;32.8039;2.8827;7.39471;2.12694267966102;3.3505;0.644;0.696;NaN;NaN;NaN
NED2010002_60;MFD_SETNO60;43.6312;-59.7145;357568;25;20-mar-10;19:36:36;32.7405;2.7172;7.46181;15.6806825440678;1.3075;0.4935;1.5095;NaN;NaN;NaN
NED2010002_60;MFD_SETNO60;43.6312;-59.7145;357569;5;20-mar-10;19:36:36;32.4006;3.0462;8.66798;14.7303381474576;0.4415;0.355;0.052;NaN;NaN;8.4985
NED2010002_61;MFD_SETNO61;43.6927;-60.0682;357570;59;20-mar-10;22:04:52;32.6831;2.7425;7.28092;1.54167161355932;3.3735;0.6625;3.997;32.679;NaN;7.448
NED2010002_61;MFD_SETNO61;43.6927;-60.0682;357571;50;20-mar-10;22:04:52;32.6673;2.6876;7.3341;1.93358425423729;3.464;0.6785;4.2415;NaN;NaN;NaN
NED2010002_61;MFD_SETNO61;43.6927;-60.0682;357572;26;20-mar-10;22:04:52;32.4541;2.385;7.87476;16.1558547423729;0.7285;0.496;1.195;NaN;NaN;NaN
NED2010002_61;MFD_SETNO61;43.6927;-60.0682;357573;6;20-mar-10;22:04:52;32.4464;2.7876;8.54843;15.2055103457627;0.5335;0.3335;0.0695;NaN;NaN;8.7635
NED2010002_62;MFD_SETNO62;43.6907;-60.9172;357574;48;21-mar-10;02:36:48;32.245;2.3377;7.69056;5.71851411016949;0.5315;0.5345;1.151;32.251;NaN;7.653
NED2010002_62;MFD_SETNO62;43.6907;-60.9172;357575;25;21-mar-10;02:36:48;32.2462;2.4858;7.72398;5.70206637966102;0.4235;0.514;0.8065;NaN;NaN;NaN
NED2010002_62;MFD_SETNO62;43.6907;-60.9172;357576;6;21-mar-10;02:36:48;32.2528;2.9331;7.78256;2.51365953050848;0.393;0.47;0.657;NaN;NaN;7.814
NED2010002_63;MFD_SETNO63;43.3973;-61.5452;357578;75;21-mar-10;06:23:11;32.9855;3.9475;6.86614;9.5034439661017;2.63;0.669;3.833;32.987;NaN;6.8125
NED2010002_63;MFD_SETNO63;43.3973;-61.5452;357579;50;21-mar-10;06:23:11;32.7108;2.9335;7.41397;7.36516907372881;2.5915;0.613;3.285;NaN;NaN;NaN
NED2010002_63;MFD_SETNO63;43.3973;-61.5452;357580;24;21-mar-10;06:23:11;32.328;2.8448;7.94391;4.51169659322034;0.34;0.37;0.269;NaN;NaN;7.985
NED2010002_63;MFD_SETNO63;43.3973;-61.5452;357581;6;21-mar-10;06:23:11;32.5135;2.914;7.92562;4.31833816779661;0.3565;0.419;0.2095;NaN;NaN;NaN
NED2010002_64;MFD_SETNO64;43.4373;-62.5963;357582;91;21-mar-10;11:01:36;34.0654;8.0243;4.10695;1.28905616949153;10.84;1.2055;13.248;34.107;NaN;4.3515
NED2010002_64;MFD_SETNO64;43.4373;-62.5963;357583;51;21-mar-10;11:01:36;32.4704;3.0545;7.33814;1.61132021186441;2.372;0.55;2.574;NaN;NaN;NaN
NED2010002_64;MFD_SETNO64;43.4373;-62.5963;357584;26;21-mar-10;11:01:36;32.3617;3.1759;7.57609;2.51365953050848;2.163;0.45;0.827;NaN;NaN;NaN
NED2010002_64;MFD_SETNO64;43.4373;-62.5963;357585;6;21-mar-10;11:01:36;32.2108;3.7492;7.47238;2.38475391355932;2.5305;0.446;1.113;NaN;NaN;7.4005
NED2010002_65;MFD_SETNO65;43.231;-63.0787;357586;119;21-mar-10;13:40:30;34.8759;10.2441;4.16165;1.80467863728814;9.177;1.0275;13.3935;34.897;NaN;4.9745
NED2010002_65;MFD_SETNO65;43.231;-63.0787;357587;50;21-mar-10;13:40:30;32.4525;3.8808;7.26443;3.54490446610169;3.3955;0.544;2.531;NaN;NaN;NaN
NED2010002_65;MFD_SETNO65;43.231;-63.0787;357588;25;21-mar-10;13:40:30;32.4239;4.0093;7.43351;3.73826289152542;2.571;0.443;1.6705;NaN;NaN;NaN
NED2010002_65;MFD_SETNO65;43.231;-63.0787;357589;5;21-mar-10;13:40:30;32.419;4.1866;7.3992;3.73826289152542;2.8375;0.4635;1.295;NaN;NaN;8.662
NED2010002_66;MFD_SETNO66;44.2658;-63.3188;357590;160;21-mar-10;19:33:35;34.3261;8.4006;3.66593;0.485226091353383;14.6915;1.3395;16.138;34.321;0.2185;3.809
NED2010002_66;MFD_SETNO66;44.2658;-63.3188;357591;101;21-mar-10;19:33:35;32.4473;3.7008;6.88175;1.43998905263158;4.322;0.688;3.836;NaN;0.227;NaN
NED2010002_66;MFD_SETNO66;44.2658;-63.3188;357592;75;21-mar-10;19:33:35;32.1101;2.315;7.43382;0.614619715714286;3.15;0.5975;3.2005;NaN;0.197;NaN
NED2010002_66;MFD_SETNO66;44.2658;-63.3188;357593;50;21-mar-10;19:33:35;31.7514;1.309;7.44215;1.48113159699248;4.5625;0.6815;4.296;NaN;0.1905;NaN
NED2010002_66;MFD_SETNO66;44.2658;-63.3188;357594;39;21-mar-10;19:33:35;31.6724;1.3888;7.57268;0.727839137030075;5.2225;0.835;4.5595;31.687;0.218;7.472
NED2010002_66;MFD_SETNO66;44.2658;-63.3188;357595;30;21-mar-10;19:33:35;31.5738;1.1411;7.59138;0.598445512669173;4.872;0.7005;4.597;NaN;0.206;NaN
NED2010002_66;MFD_SETNO66;44.2658;-63.3188;357596;20;21-mar-10;19:33:35;31.5096;1.0656;7.71064;0.841058558345865;4.867;0.6775;4.277;NaN;0.2115;NaN
NED2010002_66;MFD_SETNO66;44.2658;-63.3188;357597;10;21-mar-10;19:33:35;31.3014;1.3362;7.88883;1.19689102533835;5.2685;0.721;3.807;NaN;0.187;NaN
NED2010002_66;MFD_SETNO66;44.2658;-63.3188;357598;5;21-mar-10;19:33:35;31.0935;1.9256;NaN;0.449043906766917;5.169;0.6655;3.634;NaN;0.1785;NaN
NED2010002_66;MFD_SETNO66;44.2658;-63.3188;357600;3;21-mar-10;19:33:35;31.0937;1.9202;NaN;0.744013340075188;5.79;0.716;4.1155;NaN;0.1935;7.7225
NED2010002_67;MFD_SETNO67;43.4087;-63.1083;357601;133;28-mar-10;02:22:49;34.9375;9.8691;3.5619;0.0912431610169492;12.02;1.21;17.6295;34.945;0.1845;3.7105
NED2010002_67;MFD_SETNO67;43.4087;-63.1083;357602;49;28-mar-10;02:22:49;32.1333;3.1048;7.17096;0.820567149152542;4.4345;0.6155;4.4315;NaN;0.294;NaN
NED2010002_67;MFD_SETNO67;43.4087;-63.1083;357603;24;28-mar-10;02:22:49;31.8437;2.4733;7.42493;3.35154604067797;4.06;0.6165;3.8595;NaN;0.302;NaN
NED2010002_67;MFD_SETNO67;43.4087;-63.1083;357604;4;28-mar-10;02:22:49;31.8442;2.4779;7.40724;3.28709323220339;4.178;0.655;3.8525;NaN;0.259;7.512
NED2010002_69;MFD_SETNO69;43.2302;-63.09;357605;130;28-mar-10;05:48:56;34.8486;9.9911;3.97922;0.116417911864407;9.746;1.061;15.0675;34.863;0.27;4.142
NED2010002_69;MFD_SETNO69;43.2302;-63.09;357606;50;28-mar-10;05:48:56;32.1899;3.4363;7.12816;1.31788057288136;2.564;0.4895;1.2395;NaN;0.2195;NaN
NED2010002_69;MFD_SETNO69;43.2302;-63.09;357607;25;28-mar-10;05:48:56;32.1288;3.3632;7.40927;1.29301490169492;2.378;0.4615;1.0385;NaN;0.1925;NaN
NED2010002_69;MFD_SETNO69;43.2302;-63.09;357608;4;28-mar-10;05:48:56;32.1063;3.241;7.405;1.51680594237288;2.362;0.46;1.0725;NaN;0.2045;7.527
NED2010002_7;MFD_SETNO7;44.0492;-60.8438;336880;31;12-mar-10;07:33:00;32.2757;2.0576;7.78026;4.12497974237288;1.69;0.684;2.762;32.2678718566895;NaN;7.601
NED2010002_7;MFD_SETNO7;44.0492;-60.8438;336881;25;12-mar-10;07:33:00;32.2766;2.0593;7.78878;4.06052693389831;1.738;0.706;2.873;NaN;NaN;NaN
NED2010002_7;MFD_SETNO7;44.0492;-60.8438;336882;5;12-mar-10;07:33:00;32.2827;2.0546;7.72316;4.44724378474576;1.5735;0.657;2.6165;NaN;NaN;7.5165
NED2010002_71;MFD_SETNO71;42.8098;-63.1775;357609;296;28-mar-10;10:55:31;35.1479;9.1889;3.39397;NaN;12.4255;1.407;21.939;35.159;0.165;3.61
NED2010002_71;MFD_SETNO71;42.8098;-63.1775;357610;49;28-mar-10;10:55:31;32.7243;4.7745;7.00094;0.820567149152542;2.9265;0.4795;2.3645;NaN;0.2595;NaN
NED2010002_71;MFD_SETNO71;42.8098;-63.1775;357611;25;28-mar-10;10:55:31;32.4609;4.1472;7.23351;1.04435818983051;2.6035;0.446;0.9905;NaN;0.209;NaN
NED2010002_71;MFD_SETNO71;42.8098;-63.1775;357612;5;28-mar-10;10:55:31;32.4599;4.1256;7.20118;1.06922386101695;2.5905;0.4275;0.984;NaN;0.1995;7.419
NED2010002_73;MFD_SETNO73;43.0442;-62.2448;357613;112;28-mar-10;17:44:56;35.2795;11.3971;4.45894;0.167350748305085;6.8385;0.8625;12.527;35.275;0.261;4.6325
NED2010002_73;MFD_SETNO73;43.0442;-62.2448;357614;50;28-mar-10;17:44:56;33.2124;5.0345;6.86966;4.51169659322034;2.388;0.5285;3.5535;NaN;0.243;NaN
NED2010002_73;MFD_SETNO73;43.0442;-62.2448;357615;27;28-mar-10;17:44:56;33.1764;4.9312;6.94868;4.83396063559322;2.2125;0.5305;3.249;NaN;0.2605;NaN
NED2010002_73;MFD_SETNO73;43.0442;-62.2448;357616;5;28-mar-10;17:44:56;33.1608;4.939;6.93406;4.57614940169492;2.266;0.5985;3.279;NaN;0.2605;7.138
NED2010002_75;MFD_SETNO75;43.4143;-61.5322;357617;80;28-mar-10;23:15:04;33;3.781;6.70539;1.41796178644068;3.648;0.7635;4.9115;33.025;0.29;6.851
NED2010002_75;MFD_SETNO75;43.4143;-61.5322;357618;49;28-mar-10;23:15:04;32.7362;3.1674;7.13443;2.06248987118644;2.8875;0.647;3.866;NaN;0.276;NaN
NED2010002_75;MFD_SETNO75;43.4143;-61.5322;357619;25;28-mar-10;23:15:04;32.4188;3.0431;7.53747;3.09373480677966;1.038;0.4575;1.1505;NaN;0.182;NaN
NED2010002_75;MFD_SETNO75;43.4143;-61.5322;357620;5;28-mar-10;23:15:04;32.4182;3.0408;7.52098;2.96482918983051;1.004;0.4715;1.096;NaN;0.1915;7.6905
NED2010002_77;MFD_SETNO77;43.5232;-61.2523;357621;68;29-mar-10;03:09:22;32.4035;2.7873;7.21064;4.98930808220339;0.7725;0.6675;1.4575;32.415;0.207;7.371
NED2010002_77;MFD_SETNO77;43.5232;-61.2523;357622;49;29-mar-10;03:09:22;32.27;2.8036;7.44097;2.25584829661017;0.578;0.594;1.046;NaN;0.1935;NaN
NED2010002_77;MFD_SETNO77;43.5232;-61.2523;357623;25;29-mar-10;03:09:22;32.2633;2.8651;7.51525;1.21841788813559;0.464;0.471;0.6235;NaN;0.187;NaN
NED2010002_77;MFD_SETNO77;43.5232;-61.2523;357624;5;29-mar-10;03:09:22;32.2542;2.876;7.4909;1.56653728474576;0.459;0.467;0.6015;NaN;0.188;7.645
NED2010002_79;MFD_SETNO79;43.3135;-61.2138;357625;101;29-mar-10;06:15:18;33.2518;4.515;6.5523;1.14382087457627;4.425;0.6885;5.8885;33.268;0.287;6.6945
NED2010002_79;MFD_SETNO79;43.3135;-61.2138;357626;50;29-mar-10;06:15:18;32.7752;3.1622;7.29743;6.41482467711865;2.302;0.469;3.026;NaN;0.221;NaN
NED2010002_79;MFD_SETNO79;43.3135;-61.2138;357627;25;29-mar-10;06:15:18;32.639;2.8157;7.67104;9.5034439661017;1.26;0.4315;1.287;NaN;0.2545;NaN
NED2010002_79;MFD_SETNO79;43.3135;-61.2138;357628;5;29-mar-10;06:15:18;32.6352;2.8975;7.61885;9.74103006525424;1.1775;0.4015;1.1345;NaN;0.178;7.726
NED2010002_8;MFD_SETNO8;44.2685;-60.0767;336884;98;12-mar-10;13:30:05;32.8018;3.0619;6.31567;0.472947766949152;8.118;1.0625;8.611;32.739128112793;NaN;6.2365
NED2010002_8;MFD_SETNO8;44.2685;-60.0767;336885;51;12-mar-10;13:30:05;32.1436;1.6443;7.5218;2.19139548813559;2.8255;0.6785;3.483;NaN;NaN;NaN
NED2010002_8;MFD_SETNO8;44.2685;-60.0767;336886;25;12-mar-10;13:30:05;31.9984;1.7376;7.67424;2.51365953050848;3.847;0.7875;4.271;NaN;NaN;NaN
NED2010002_8;MFD_SETNO8;44.2685;-60.0767;336887;5;12-mar-10;13:30:05;31.9667;1.7319;7.52941;0.969761176271187;4.6805;0.8105;4.382;NaN;NaN;7.153
NED2010002_81;MFD_SETNO81;43.5407;-60.8963;357629;65;29-mar-10;10:24:49;32.7388;3.2045;6.96672;8.55309956949153;1.1755;0.654;2.6405;32.745;0.268;7.1495
NED2010002_81;MFD_SETNO81;43.5407;-60.8963;357630;50;29-mar-10;10:24:49;32.7351;3.2142;7.00454;8.07792737118644;1.1005;0.616;2.593;NaN;0.232;NaN
NED2010002_81;MFD_SETNO81;43.5407;-60.8963;357631;25;29-mar-10;10:24:49;32.6681;3.1887;7.41242;4.44724378474576;0.9375;0.433;1.6615;NaN;0.261;NaN
NED2010002_81;MFD_SETNO81;43.5407;-60.8963;357632;5;29-mar-10;10:24:49;32.6486;3.1323;7.46816;5.49359833728814;1.0525;0.462;1.48;NaN;0.2335;7.6055
NED2010002_83;MFD_SETNO83;43.5232;-60.321;357633;104;29-mar-10;14:30:01;33.3364;4.3852;6.32763;0.371082094067797;5.6715;0.7965;7.3255;33.346;0.296;6.52
NED2010002_83;MFD_SETNO83;43.5232;-60.321;357634;49;29-mar-10;14:30:01;32.4554;1.6004;7.55242;1.21841788813559;4.303;0.644;4.358;NaN;0.2415;NaN
NED2010002_83;MFD_SETNO83;43.5232;-60.321;357635;24;29-mar-10;14:30:01;32.3933;1.6116;7.6173;1.44220892881356;4.2215;0.6415;4.032;NaN;0.2905;NaN
NED2010002_83;MFD_SETNO83;43.5232;-60.321;357636;5;29-mar-10;14:30:01;32.3829;1.6619;7.60979;1.41734325762712;3.882;0.596;3.638;NaN;0.2225;7.7105
NED2010002_85;MFD_SETNO85;43.7358;-60.613;357637;51;29-mar-10;18:17:08;32.4752;2.7491;7.73895;9.26585786694915;0.595;0.359;0.1855;32.476;0.1475;7.89
NED2010002_85;MFD_SETNO85;43.7358;-60.613;357638;25;29-mar-10;18:17:08;32.472;2.7923;7.84239;9.74103006525424;0.5965;0.381;0.159;NaN;0.1315;NaN
NED2010002_85;MFD_SETNO85;43.7358;-60.613;357639;6;29-mar-10;18:17:08;32.471;2.8714;7.88368;10.2162022635593;0.6045;0.3785;0.1485;NaN;0.166;8.035
NED2010002_87;MFD_SETNO87;43.7137;-60.9155;357641;45;29-mar-10;21:44:37;32.5627;2.9462;7.5447;11.8793049576271;0.6345;0.479;0.748;32.578;0.219;7.6745
NED2010002_87;MFD_SETNO87;43.7137;-60.9155;357642;25;29-mar-10;21:44:37;32.5618;2.971;7.55595;8.79068566864407;0.643;0.485;0.7405;NaN;0.1825;NaN
NED2010002_87;MFD_SETNO87;43.7137;-60.9155;357643;5;29-mar-10;21:44:37;32.5709;3.0183;7.58391;8.79068566864407;0.6425;0.4565;0.6335;NaN;0.1765;7.753
NED2010002_9;MFD_SETNO9;44.5197;-60.2313;336888;113;12-mar-10;16:29:20;32.827;3.4664;5.79625;NaN;10.713;1.16;10.077;32.8169097900391;NaN;5.7645
NED2010002_9;MFD_SETNO9;44.5197;-60.2313;336889;50;12-mar-10;16:29:20;32.0449;1.785;7.47406;0.870298491525424;4.084;0.7285;4.1735;NaN;NaN;NaN
NED2010002_9;MFD_SETNO9;44.5197;-60.2313;336890;25;12-mar-10;16:29:20;31.9371;1.7221;7.53607;0.895164162711864;5.1455;0.836;4.962;NaN;NaN;NaN
NED2010002_9;MFD_SETNO9;44.5197;-60.2313;336891;5;12-mar-10;16:29:20;31.8685;1.7721;7.55659;0.646507450847458;5.518;0.846;5.065;NaN;NaN;7.3785
NED2010002_91;MFD_SETNO91;43.8755;-61.8707;357644;124;30-mar-10;05:55:21;34.5391;8.9315;4.74098;5.93965247881356;5.538;0.983;10.803;34.578;0.3795;4.9775
NED2010002_91;MFD_SETNO91;43.8755;-61.8707;357645;49;30-mar-10;05:55:21;32.8847;3.964;7.16866;2.83592357288136;1.533;0.579;1.7945;NaN;0.2195;NaN
NED2010002_91;MFD_SETNO91;43.8755;-61.8707;357646;26;30-mar-10;05:55:21;32.6964;3.3311;7.66365;10.4537883627119;0.647;0.3985;0.4095;NaN;0.1645;NaN
NED2010002_91;MFD_SETNO91;43.8755;-61.8707;357647;6;30-mar-10;05:55:21;32.5383;3.4802;7.55523;2.7070179559322;1.517;0.4025;1.05;NaN;0.2075;7.6465
NED2010002_93;MFD_SETNO93;43.4703;-62.5915;357648;96;30-mar-10;12:08:13;34.4485;8.6159;4.8252;1.3535089779661;6.2985;0.9485;10.776;34.492;0.3995;NaN
NED2010002_93;MFD_SETNO93;43.4703;-62.5915;357649;50;30-mar-10;12:08:13;33.2463;5.072;6.59313;2.96482918983051;2.85;0.6325;4.294;NaN;0.281;NaN
NED2010002_93;MFD_SETNO93;43.4703;-62.5915;357650;25;30-mar-10;12:08:13;32.6389;3.8227;7.2336;0.870298491525423;1.977;0.482;1.634;NaN;0.1965;NaN
NED2010002_93;MFD_SETNO93;43.4703;-62.5915;357651;6;30-mar-10;12:08:13;32.3166;3.5365;7.31294;0.870298491525424;2.323;0.978;1.181;NaN;0.1645;5.071
