CTD;CTD;CTD;CTD;CTD;CTD;CTD;CTD;CTD;CTD;CTD;labo;labo;labo;labo;labo;labo
Fichier;Station;Latitude;Longitude;Echantillon;zbouteille;Date;Heure;PSAL;TEMP_XX;DOXY;CHL_01;Si_01;PO4_01;NOx_01;PSAL_BS;OXY_03
(nom);(nom/no);(degres);(degres);(no_unique);(dbar);(jj-mmm-yyyy);(GMT);(psu);(celsius);(ml/l);(mg/m**3);(mmol/m**3);(mmol/m**3);(mmol/m**3);(PSU);(ml/l)
NED2006036_0;MFD_SETNO0;44.271967;-63.323117;295853;186;20-jul-06;21:20:48;34.508;9.0087;2.76565;0.0179877419354839;13.801;1.199;14.7375;34.521;3.669
NED2006036_0;MFD_SETNO0;44.271967;-63.323117;295854;100;20-jul-06;21:20:48;33.27;5.8702;3.93108;0.0205574193548387;8.5685;0.95;9.5765;NaN;NaN
NED2006036_0;MFD_SETNO0;44.271967;-63.323117;295855;75;20-jul-06;21:20:48;32.6942;3.8759;4.2108;0.0449693548387097;10.0995;1.065;10.066;NaN;NaN
NED2006036_0;MFD_SETNO0;44.271967;-63.323117;295856;50;20-jul-06;21:20:48;32.3965;3.9474;4.7645;0.403862516129032;4.843;0.827;5.8275;32.474;6.167
NED2006036_0;MFD_SETNO0;44.271967;-63.323117;295857;41;20-jul-06;21:20:48;32.2195;3.4933;4.88062;NaN;NaN;NaN;NaN;NaN;NaN
NED2006036_0;MFD_SETNO0;44.271967;-63.323117;295858;30;20-jul-06;21:20:48;31.9036;3.5551;5.30486;1.21012025806452;2.298;0.554;1.409;NaN;NaN
NED2006036_0;MFD_SETNO0;44.271967;-63.323117;295859;20;20-jul-06;21:20:48;31.7771;5.6684;5.59239;0.460974387096774;1;0.3605;5e-04;NaN;NaN
NED2006036_0;MFD_SETNO0;44.271967;-63.323117;295860;10;20-jul-06;21:20:48;31.4646;10.0962;5.24876;0.224368064516129;0.6505;0.2435;0.007;NaN;NaN
NED2006036_0;MFD_SETNO0;44.271967;-63.323117;295861;5;20-jul-06;21:20:48;31.0747;18.3794;4.22328;0.187653290322581;0.6875;0.2345;0.022;NaN;NaN
NED2006036_0;MFD_SETNO0;44.271967;-63.323117;295862;2;20-jul-06;21:20:48;31.075;18.2468;4.23417;0.199891548387097;0.792;0.2805;0.1515;31.127;5.7345
NED2006036_1;MFD_SETNO1;44.398667;-62.8084;295863;159;21-jul-06;01:52:38;35.0108;9.8455;2.00177;0.00513935483870968;18.109;1.433;19.1035;35.062;NaN
NED2006036_1;MFD_SETNO1;44.398667;-62.8084;295864;50;21-jul-06;01:52:38;32.306;2.9728;4.50541;0.095078064516129;8.11;0.9065;7.8605;NaN;NaN
NED2006036_1;MFD_SETNO1;44.398667;-62.8084;295865;25;21-jul-06;01:52:38;31.7802;4.4071;5.57675;0.819352258064516;1.883;0.493;0.5955;NaN;NaN
NED2006036_1;MFD_SETNO1;44.398667;-62.8084;295866;5;21-jul-06;01:52:38;30.6578;17.2561;4.36698;0.273321096774194;0.445;0.221;0.0585;NaN;NaN
NED2006036_10;MFD_SETNO10;45.0534;-60.747433;295893;115;22-jul-06;11:42:00;32.7754;3.3427;3.67237;0.0282664516129032;14.4315;1.222;11.5655;32.763;5.0575
NED2006036_10;MFD_SETNO10;45.0534;-60.747433;295894;50;22-jul-06;11:42:00;32.0937;3.3024;4.8098;0.281479935483871;5.2415;1.003;5.755;NaN;NaN
NED2006036_10;MFD_SETNO10;45.0534;-60.747433;295895;26;22-jul-06;11:42:00;31.8474;7.1719;5.28242;1.19751483870968;1.893;0.5205;0.7095;NaN;NaN
NED2006036_10;MFD_SETNO10;45.0534;-60.747433;295896;5;22-jul-06;11:42:00;30.6081;15.1744;4.56242;0.554801032258065;0.516;0.246;0.043;NaN;5.961
NED2006036_100;MFD_SETNO100;44.331217;-62.084317;296226;189;01-aug-06;02:09:27;34.9743;9.9615;2.32507;0.00770903225806451;16.1235;1.3705;19.515;34.974;3.1595
NED2006036_100;MFD_SETNO100;44.331217;-62.084317;296227;50;01-aug-06;02:09:27;32.3027;3.0099;4.61668;0.322274129032258;7.6565;0.9615;8.3065;NaN;NaN
NED2006036_100;MFD_SETNO100;44.331217;-62.084317;296228;25;01-aug-06;02:09:27;31.7714;5.3495;5.35608;1.48743948387097;2.6245;0.4865;1.1895;NaN;NaN
NED2006036_100;MFD_SETNO100;44.331217;-62.084317;296229;5;01-aug-06;02:09:27;31.5248;17.5796;4.32684;NaN;NaN;NaN;NaN;NaN;NaN
NED2006036_102;MFD_SETNO102;44.269683;-63.322733;296230;177;02-aug-06;01:17:47;34.6443;9.3088;2.64016;0.0128483870967742;15.218;1.2935;17.303;34.648;3.586
NED2006036_102;MFD_SETNO102;44.269683;-63.322733;296231;100;02-aug-06;01:17:47;33.1575;5.3623;3.94662;0.0141332258064516;9.259;1.0045;9.967;NaN;NaN
NED2006036_102;MFD_SETNO102;44.269683;-63.322733;296232;76;02-aug-06;01:17:47;32.6062;3.1564;4.16579;0.0269816129032258;8.3815;0.979;8.362;NaN;NaN
NED2006036_102;MFD_SETNO102;44.269683;-63.322733;296233;51;02-aug-06;01:17:47;32.2637;3.1807;4.58367;0.114223741935484;5.6705;0.8475;6.0405;NaN;NaN
NED2006036_102;MFD_SETNO102;44.269683;-63.322733;296234;41;02-aug-06;01:17:47;31.859;3.5338;4.90909;0.118303161290323;4.6855;0.83;4.719;31.845;6.654
NED2006036_102;MFD_SETNO102;44.269683;-63.322733;296235;30;02-aug-06;01:17:47;31.6617;3.9229;5.10366;0.130541419354839;3.369;0.6535;2.94;NaN;NaN
NED2006036_102;MFD_SETNO102;44.269683;-63.322733;296236;20;02-aug-06;01:17:47;31.3422;4.3789;5.2615;0.069350129032258;3.0815;0.6275;2.3135;NaN;NaN
NED2006036_102;MFD_SETNO102;44.269683;-63.322733;296237;10;02-aug-06;01:17:47;30.9134;11.3218;4.93883;0.0897472258064516;1.336;0.4195;0.4995;NaN;NaN
NED2006036_102;MFD_SETNO102;44.269683;-63.322733;296238;5;02-aug-06;01:17:47;30.6178;16.1878;4.45675;0.0449693548387097;0.3225;0.359;0.109;NaN;NaN
NED2006036_102;MFD_SETNO102;44.269683;-63.322733;296239;2;02-aug-06;01:17:47;30.5964;16.2946;4.40611;0.0411148387096774;0.3825;0.2945;0.0925;30.635;5.848
NED2006036_103;MFD_SETNO103;43.594783;-61.185483;296240;57;02-aug-06;12:05:29;32.6287;6.9124;4.57376;1.60364670967742;5.292;0.769;2.2785;32.637;6.1535
NED2006036_103;MFD_SETNO103;43.594783;-61.185483;296241;50;02-aug-06;12:05:29;32.4899;7.5368;4.72352;2.78729070967742;4.177;0.696;1.7725;NaN;NaN
NED2006036_103;MFD_SETNO103;43.594783;-61.185483;296242;26;02-aug-06;12:05:29;32.2615;8.7354;5.15241;1.52728258064516;0.943;0.492;0.2495;NaN;NaN
NED2006036_103;MFD_SETNO103;43.594783;-61.185483;296243;5;02-aug-06;12:05:29;31.704;19.2249;4.04937;0.114223741935484;1.1035;0.164;0.194;NaN;5.375
NED2006036_104;MFD_SETNO104;43.564917;-60.966683;296244;68;02-aug-06;13:54:00;33.3667;6.3726;4.3692;0.0530324516129032;6.9395;0.7425;6.169;33.405;5.8575
NED2006036_104;MFD_SETNO104;43.564917;-60.966683;296245;50;02-aug-06;13:54:00;32.6844;6.0464;5.03145;0.453795096774193;3.7745;0.632;2.932;NaN;NaN
NED2006036_104;MFD_SETNO104;43.564917;-60.966683;296246;24;02-aug-06;13:54:00;31.6786;15.641;4.60968;0.114223741935484;0.7695;0.264;0.209;NaN;NaN
NED2006036_104;MFD_SETNO104;43.564917;-60.966683;296247;4;02-aug-06;13:54:00;31.487;17.8626;4.21207;0.0758054838709677;0.587;0.195;0.216;NaN;5.5515
NED2006036_106;MFD_SETNO106;43.599383;-60.49295;296248;64;02-aug-06;17:27:01;32.9091;3.4561;4.83637;0.0256967741935484;5.2;0.831;5.6865;32.949;6.5105
NED2006036_106;MFD_SETNO106;43.599383;-60.49295;296249;49;02-aug-06;17:27:01;32.6516;4.1697;5.13241;0.126462;3.9275;0.732;3.9985;NaN;NaN
NED2006036_106;MFD_SETNO106;43.599383;-60.49295;296250;24;02-aug-06;17:27:01;32.2449;12.509;5.07695;0.399783096774194;0.7385;0.3285;0.2105;NaN;NaN
NED2006036_106;MFD_SETNO106;43.599383;-60.49295;296251;5;02-aug-06;17:27:01;31.104;17.1115;4.34533;0.095078064516129;0.4495;0.218;0.1555;NaN;5.78
NED2006036_109;MFD_SETNO109;43.84235;-60.401133;296252;41;02-aug-06;22:03:50;32.1181;8.6501;4.60473;1.4509184516129;2.341;0.6125;0.8485;32.074;6.2465
NED2006036_109;MFD_SETNO109;43.84235;-60.401133;296253;26;02-aug-06;22:03:50;31.4927;12.2767;4.84591;0.314115290322581;0.69;0.349;0.192;NaN;NaN
NED2006036_109;MFD_SETNO109;43.84235;-60.401133;296254;5;02-aug-06;22:03:50;31.1299;17.3743;4.34271;0.0758054838709677;0.3605;0.2375;0.218;NaN;5.766
NED2006036_110;MFD_SETNO110;43.84985;-59.905817;296255;41;03-aug-06;00:43:07;32.4094;6.7872;4.48862;0.579849290322581;6.3965;0.816;3.63;32.474;6.0135
NED2006036_110;MFD_SETNO110;43.84985;-59.905817;296256;25;03-aug-06;00:43:07;31.6499;11.0006;4.92627;1.83273909677419;1.392;0.5105;0.631;NaN;NaN
NED2006036_110;MFD_SETNO110;43.84985;-59.905817;296257;5;03-aug-06;00:43:07;31.2574;16.2496;4.0009;0.391624258064516;0.242;0.281;0.1695;NaN;5.9765
NED2006036_111;MFD_SETNO111;43.829;-59.341183;296258;67;03-aug-06;04:08:35;32.9233;4.3641;4.56385;0.0411148387096774;6.4715;0.864;6.7785;33;6.186
NED2006036_111;MFD_SETNO111;43.829;-59.341183;296259;48;03-aug-06;04:08:35;32.614;4.2525;4.85702;0.0539632258064516;4.7465;0.848;5.6395;NaN;NaN
NED2006036_111;MFD_SETNO111;43.829;-59.341183;296260;25;03-aug-06;04:08:35;31.9029;9.5355;5.16607;0.529427612903226;0.8735;0.3915;0.2415;NaN;NaN
NED2006036_111;MFD_SETNO111;43.829;-59.341183;296261;5;03-aug-06;04:08:35;31.1015;16.8114;4.35714;0.0616722580645161;0.502;0.203;0.148;NaN;5.8455
NED2006036_112;MFD_SETNO112;43.592617;-60.105233;296262;113;03-aug-06;08:23:34;34.1666;7.5276;3.98085;0.0167029032258065;7.3375;0.8875;10.4635;34.243;5.3795
NED2006036_112;MFD_SETNO112;43.592617;-60.105233;296263;50;03-aug-06;08:23:34;32.6154;4.8869;4.90876;0.371227161290323;3.83;0.7775;4.565;NaN;NaN
NED2006036_112;MFD_SETNO112;43.592617;-60.105233;296264;25;03-aug-06;08:23:34;32.1928;7.1859;5.28974;3.2836575483871;1.9685;0.6325;1.393;NaN;NaN
NED2006036_112;MFD_SETNO112;43.592617;-60.105233;296265;5;03-aug-06;08:23:34;31.1033;16.9728;4.31298;0.0513935483870968;0.3645;0.223;0.1585;NaN;5.7255
NED2006036_113;MFD_SETNO113;43.448567;-60.42115;296266;141;03-aug-06;11:07:37;35.077;10.343;3.12773;0.00513935483870968;8.604;1.018;14.8575;35.189;4.2325
NED2006036_113;MFD_SETNO113;43.448567;-60.42115;296267;50;03-aug-06;11:07:37;33.6125;9.9259;4.28693;0.0591025806451613;2.9835;0.498;1.654;NaN;NaN
NED2006036_113;MFD_SETNO113;43.448567;-60.42115;296268;24;03-aug-06;11:07:37;32.9421;14.4378;5.01121;0.232526903225806;1.342;0.1905;0.1395;NaN;NaN
NED2006036_113;MFD_SETNO113;43.448567;-60.42115;296269;4;03-aug-06;11:07:37;32.0101;18.4796;4.22781;0.122382580645161;0.5345;0.1595;0.137;NaN;5.576
NED2006036_12;MFD_SETNO12;45.23955;-60.41425;295897;80;22-jul-06;15:40:45;32.6282;2.6293;4.16393;0.0192725806451613;11.578;1.1455;10.887;32.6;5.645
NED2006036_12;MFD_SETNO12;45.23955;-60.41425;295898;50;22-jul-06;15:40:45;32.0813;2.7401;5.09266;0.187653290322581;4.6495;0.801;4.7205;NaN;NaN
NED2006036_12;MFD_SETNO12;45.23955;-60.41425;295899;25;22-jul-06;15:40:45;30.3896;11.9954;4.78663;0.932801032258064;2.2505;0.3895;0.3495;NaN;NaN
NED2006036_12;MFD_SETNO12;45.23955;-60.41425;295900;4;22-jul-06;15:40:45;29.8368;15.7542;4.50791;0.831957677419355;1.9275;0.264;0.034;NaN;5.9595
NED2006036_13;MFD_SETNO13;45.279333;-60.118817;295901;151;22-jul-06;18:55:30;33.3712;3.0576;3.69087;0.0359754838709677;16.247;1.2935;13.6245;33.38;5.0155
NED2006036_13;MFD_SETNO13;45.279333;-60.118817;295902;52;22-jul-06;18:55:30;32.314;2.1462;4.72168;0.102787096774194;6.9005;0.9405;7.436;NaN;NaN
NED2006036_13;MFD_SETNO13;45.279333;-60.118817;295903;26;22-jul-06;18:55:30;31.3996;4.5138;5.54211;0.945406451612903;3.543;0.61;2.0325;NaN;NaN
NED2006036_13;MFD_SETNO13;45.279333;-60.118817;295904;5;22-jul-06;18:55:30;30.0664;15.5152;4.55622;0.705903483870968;2.3375;0.197;0.077;NaN;6.014
NED2006036_14;MFD_SETNO14;45.376767;-59.8387;295905;122;22-jul-06;21:24:29;33.0021;2.6172;3.99121;0.0231270967741935;14.294;1.2325;12.004;33.011;5.3755
NED2006036_14;MFD_SETNO14;45.376767;-59.8387;295906;51;22-jul-06;21:24:29;32.2806;2.1525;4.66115;0.163174516129032;6.0255;0.663;5.688;NaN;NaN
NED2006036_14;MFD_SETNO14;45.376767;-59.8387;295907;25;22-jul-06;21:24:29;31.7757;5.7389;5.52142;1.04624980645161;2.493;0.423;0.6495;NaN;NaN
NED2006036_14;MFD_SETNO14;45.376767;-59.8387;295908;5;22-jul-06;21:24:29;30.2577;14.9907;4.63205;0.705903483870968;2.14;0.212;0.074;NaN;6.06
NED2006036_15;MFD_SETNO15;45.280533;-59.556217;295909;108;22-jul-06;23:55:32;32.5376;2.4706;4.3011;0.0603874193548387;10.3195;1.021;8.532;32.509;5.8225
NED2006036_15;MFD_SETNO15;45.280533;-59.556217;295910;51;22-jul-06;23:55:32;32.2087;2.8242;4.90508;0.265162258064516;5.2135;0.733;5.504;NaN;NaN
NED2006036_15;MFD_SETNO15;45.280533;-59.556217;295911;26;22-jul-06;23:55:32;30.9715;8.1266;5.2494;0.53848335483871;1.3145;0.3755;0.1325;NaN;NaN
NED2006036_15;MFD_SETNO15;45.280533;-59.556217;295912;5;22-jul-06;23:55:32;30.6251;15.5054;4.49602;0.330432967741935;1.1805;0.1805;0.0605;NaN;5.88
NED2006036_16;MFD_SETNO16;45.51295;-59.618817;295913;120;23-jul-06;03:31:26;33.1484;2.8168;3.89598;0.0205574193548387;13.9805;1.2525;12.2885;33.133;5.3955
NED2006036_16;MFD_SETNO16;45.51295;-59.618817;295914;49;23-jul-06;03:31:26;32.066;1.9725;5.40577;0.297797612903226;4.583;0.676;4.0625;NaN;NaN
NED2006036_16;MFD_SETNO16;45.51295;-59.618817;295915;26;23-jul-06;03:31:26;31.0333;10.2777;4.95613;1.08406606451613;2.354;0.429;0.5335;NaN;NaN
NED2006036_16;MFD_SETNO16;45.51295;-59.618817;295916;5;23-jul-06;03:31:26;30.2413;16.1563;4.45192;0.59967464516129;1.897;0.1815;0.0305;NaN;5.9305
NED2006036_17;MFD_SETNO17;45.70475;-59.7814;295917;146;23-jul-06;05:48:51;33.3659;3.0953;3.87477;0.0282664516129032;12.8325;1.1985;12.1825;33.378;5.302
NED2006036_17;MFD_SETNO17;45.70475;-59.7814;295918;49;23-jul-06;05:48:51;32.2103;2.621;5.02588;0.163176774193548;6.35;0.7915;6.2515;NaN;NaN
NED2006036_17;MFD_SETNO17;45.70475;-59.7814;295919;24;23-jul-06;05:48:51;31.5627;4.8563;5.47605;0.743719741935484;1.381;0.502;0.198;NaN;NaN
NED2006036_17;MFD_SETNO17;45.70475;-59.7814;295920;5;23-jul-06;05:48:51;29.853;16.7147;4.36864;0.655481806451613;1.8925;0.173;0.048;NaN;5.926
NED2006036_18;MFD_SETNO18;45.756217;-59.47495;295921;143;23-jul-06;08:11:47;33.4148;3.2535;3.87103;0.0256967741935484;13.714;1.25;13.339;33.424;5.3425
NED2006036_18;MFD_SETNO18;45.756217;-59.47495;295922;49;23-jul-06;08:11:47;31.7799;3.2196;5.34904;0.203970967741935;4.8375;0.657;3.7145;NaN;NaN
NED2006036_18;MFD_SETNO18;45.756217;-59.47495;295923;24;23-jul-06;08:11:47;30.9239;7.1327;5.1581;0.53848335483871;3.3395;0.51;1.713;NaN;NaN
NED2006036_18;MFD_SETNO18;45.756217;-59.47495;295924;6;23-jul-06;08:11:47;29.8943;14.6659;4.57363;0.907590193548387;2.3235;0.2525;0.036;NaN;6.0875
NED2006036_19;MFD_SETNO19;45.873033;-59.43225;295925;61;23-jul-06;10:06:18;32.1556;2.4903;5.10865;0.167256193548387;5.93;0.799;4.9345;32.144;6.9695
NED2006036_19;MFD_SETNO19;45.873033;-59.43225;295926;50;23-jul-06;10:06:18;31.9286;2.9818;5.22012;0.199891548387097;5.2495;0.7545;4.0035;NaN;NaN
NED2006036_19;MFD_SETNO19;45.873033;-59.43225;295927;24;23-jul-06;10:06:18;31.3747;6.8188;5.26261;0.617665548387097;3.403;0.602;2.007;NaN;NaN
NED2006036_19;MFD_SETNO19;45.873033;-59.43225;295928;6;23-jul-06;10:06:18;29.6574;17.1065;4.29219;0.546642193548387;2.01;0.168;0.026;NaN;5.7365
NED2006036_2;MFD_SETNO2;44.64135;-62.336983;295867;122;21-jul-06;05:11:04;34.1074;7.4735;2.55835;NaN;NaN;NaN;NaN;NaN;NaN
NED2006036_2;MFD_SETNO2;44.64135;-62.336983;295868;49;21-jul-06;05:11:04;32.0876;3.1226;4.84903;0.326353548387097;5.414;0.842;5.9275;NaN;NaN
NED2006036_2;MFD_SETNO2;44.64135;-62.336983;295869;24;21-jul-06;05:11:04;31.8506;8.2814;5.309;0.731114322580645;1.5425;0.436;0.611;NaN;NaN
NED2006036_2;MFD_SETNO2;44.64135;-62.336983;295870;5;21-jul-06;05:11:04;30.6414;16.4745;4.45224;0.236606322580645;0.342;0.2445;0.076;NaN;6.1375
NED2006036_20;MFD_SETNO20;45.9936;-59.285567;295929;79;23-jul-06;12:03:06;32.3758;2.0112;5.00498;0.132338387096774;6.7695;0.875;5.949;32.393;6.795
NED2006036_20;MFD_SETNO20;45.9936;-59.285567;295930;49;23-jul-06;12:03:06;32.262;1.9464;5.23985;0.140047419354839;6.3265;0.81;5.5805;NaN;NaN
NED2006036_20;MFD_SETNO20;45.9936;-59.285567;295931;24;23-jul-06;12:03:06;31.6247;3.7092;5.41538;0.743719741935484;4.5085;0.6235;3.161;NaN;NaN
NED2006036_20;MFD_SETNO20;45.9936;-59.285567;295932;6;23-jul-06;12:03:06;29.9508;17.3157;4.28731;0.655481806451613;1.879;0.1535;0.0365;NaN;5.7485
NED2006036_21;MFD_SETNO21;46.3186;-59.2796;295933;140;23-jul-06;14:54:00;33.8131;4.0438;3.0764;0.024411935483871;17.752;1.37;15.2585;33.788;4.2675
NED2006036_21;MFD_SETNO21;46.3186;-59.2796;295934;51;23-jul-06;14:54:00;32.2717;1.6068;5.31485;0.244765161290323;2.747;0.6355;3.2875;NaN;NaN
NED2006036_21;MFD_SETNO21;46.3186;-59.2796;295935;25;23-jul-06;14:54:00;31.9185;4.6631;5.92721;0.514006838709677;1.1175;0.45;0.0695;NaN;NaN
NED2006036_21;MFD_SETNO21;46.3186;-59.2796;295936;6;23-jul-06;14:54:00;30.0272;17.0967;4.34735;0.587436387096774;1.5465;0.1495;0.013;NaN;5.679
NED2006036_22;MFD_SETNO22;46.4511;-59.310683;295937;149;23-jul-06;16:52:12;34.0456;4.6055;2.69448;0.0115635483870968;19.831;1.5075;16.8365;33.914;3.9215
NED2006036_22;MFD_SETNO22;46.4511;-59.310683;295938;50;23-jul-06;16:52:12;32.1895;2.2037;5.5804;0.310035870967742;1.344;0.4995;1.454;NaN;NaN
NED2006036_22;MFD_SETNO22;46.4511;-59.310683;295939;25;23-jul-06;16:52:12;30.8818;4.0964;5.33467;0.444656709677419;3.547;0.5545;1.952;NaN;NaN
NED2006036_22;MFD_SETNO22;46.4511;-59.310683;295940;6;23-jul-06;16:52:12;29.8798;16.0753;4.46949;0.806746838709677;2.0135;0.18;0.0705;NaN;5.9405
NED2006036_23;MFD_SETNO23;46.465783;-59.584683;295941;83;23-jul-06;20:07:05;32.5104;1.4342;4.90701;0.0359754838709677;7.0045;0.924;7.2905;32.518;6.739
NED2006036_23;MFD_SETNO23;46.465783;-59.584683;295942;50;23-jul-06;20:07:05;32.1487;1.8018;5.46731;0.281479935483871;3.176;0.6825;3.1035;NaN;NaN
NED2006036_23;MFD_SETNO23;46.465783;-59.584683;295943;24;23-jul-06;20:07:05;30.7551;5.5711;5.3326;0.579849290322581;3.966;0.6785;2.3265;NaN;NaN
NED2006036_23;MFD_SETNO23;46.465783;-59.584683;295944;4;23-jul-06;20:07:05;29.2246;18.6974;4.27969;0.768930580645161;1.944;0.0885;0.0325;NaN;5.726
NED2006036_24;MFD_SETNO24;46.527983;-59.745383;295945;64;23-jul-06;22:25:04;32.3712;1.3727;4.86945;0.107926451612903;8.038;0.969;7.624;32.378;6.436
NED2006036_24;MFD_SETNO24;46.527983;-59.745383;295946;50;23-jul-06;22:25:04;32.1544;1.6296;5.46318;0.261082838709677;3.0855;0.7;3.5355;NaN;NaN
NED2006036_24;MFD_SETNO24;46.527983;-59.745383;295947;25;23-jul-06;22:25:04;31.3799;5.5462;5.54432;0.844563096774193;2.472;0.3985;0.2235;NaN;NaN
NED2006036_24;MFD_SETNO24;46.527983;-59.745383;295948;5;23-jul-06;22:25:04;28.5659;19.2851;4.2246;0.806746838709677;2.0765;0.071;0.0195;NaN;5.684
NED2006036_25;MFD_SETNO25;46.892433;-59.713233;295949;363;24-jul-06;01:34:48;34.8397;5.2012;2.75952;0.0100217419354839;28.9665;1.6965;21.597;34.849;3.8405
NED2006036_25;MFD_SETNO25;46.892433;-59.713233;295950;50;24-jul-06;01:34:48;32.2303;1.4215;5.3142;0.273321096774194;4.1865;0.768;5.2795;NaN;NaN
NED2006036_25;MFD_SETNO25;46.892433;-59.713233;295951;25;24-jul-06;01:34:48;31.7453;2.4461;6.03089;2.06183148387097;1.5875;0.551;0.3345;NaN;NaN
NED2006036_25;MFD_SETNO25;46.892433;-59.713233;295952;5;24-jul-06;01:34:48;29.6745;17.709;4.28799;0.554801032258065;1.7555;0.1875;0.0995;NaN;5.73
NED2006036_26;MFD_SETNO26;47.140417;-60.144233;295953;209;24-jul-06;05:16:19;34.7154;5.7098;2.56372;0.0192725806451613;24.359;1.465;22.029;34.73;3.549
NED2006036_26;MFD_SETNO26;47.140417;-60.144233;295954;51;24-jul-06;05:16:19;31.9197;2.1179;5.54;0.289638774193548;2.7735;0.5455;2.632;NaN;NaN
NED2006036_26;MFD_SETNO26;47.140417;-60.144233;295955;25;24-jul-06;05:16:19;30.6989;9.5326;5.01774;0.857168516129032;2.6355;0.4435;0.798;NaN;NaN
NED2006036_26;MFD_SETNO26;47.140417;-60.144233;295956;5;24-jul-06;05:16:19;28.8513;18.505;4.21687;0.932801032258064;2.01;0.135;0.02;NaN;5.6265
NED2006036_27;MFD_SETNO27;47.025417;-60.036833;295957;214;24-jul-06;07:09:36;34.4348;5.4683;2.49206;0.0115635483870968;20.831;1.47;18.2925;34.448;3.4305
NED2006036_27;MFD_SETNO27;47.025417;-60.036833;295958;48;24-jul-06;07:09:36;32.1109;1.4422;5.42558;0.314115290322581;3.52;0.7335;4.3155;NaN;NaN
NED2006036_27;MFD_SETNO27;47.025417;-60.036833;295959;26;24-jul-06;07:09:36;31.6536;3.7192;5.95105;4.08548090322581;2.2405;0.592;0.736;NaN;NaN
NED2006036_27;MFD_SETNO27;47.025417;-60.036833;295960;5;24-jul-06;07:09:36;29.1552;17.6085;4.26649;0.907590193548387;1.703;0.1825;0.0485;NaN;5.7955
NED2006036_28;MFD_SETNO28;46.664267;-60.226833;295961;136;24-jul-06;10:26:55;33.573;3.3975;3.04843;0.0462541935483871;22.058;1.563;17.278;33.499;4.3245
NED2006036_28;MFD_SETNO28;46.664267;-60.226833;295962;50;24-jul-06;10:26:55;31.9094;1.4966;5.47985;0.289638774193548;3.846;0.6545;3.932;NaN;NaN
NED2006036_28;MFD_SETNO28;46.664267;-60.226833;295963;26;24-jul-06;10:26:55;30.8059;10.3325;4.8126;0.375306580645161;1.8375;0.4345;0.3615;NaN;NaN
NED2006036_28;MFD_SETNO28;46.664267;-60.226833;295964;5;24-jul-06;10:26:55;28.9103;18.8182;4.2034;1.15969858064516;1.6735;0.162;0.074;NaN;5.7395
NED2006036_29;MFD_SETNO29;46.503483;-59.96805;295965;62;24-jul-06;13:06:13;32.4306;1.6596;4.52205;0.0693812903225806;13.8605;1.1015;9.231;32.425;6.1555
NED2006036_29;MFD_SETNO29;46.503483;-59.96805;295966;49;24-jul-06;13:06:13;32.0011;1.7335;5.08418;0.0925083870967742;8.1915;0.862;6.286;NaN;NaN
NED2006036_29;MFD_SETNO29;46.503483;-59.96805;295967;24;24-jul-06;13:06:13;30.9032;8.3544;4.98366;0.509927419354839;4.5035;0.7845;3.2125;NaN;NaN
NED2006036_29;MFD_SETNO29;46.503483;-59.96805;295968;5;24-jul-06;13:06:13;29.0833;18.5245;4.23578;0.945406451612903;1.617;0.163;0.069;NaN;5.77
NED2006036_3;MFD_SETNO3;44.384;-61.30405;295871;170;21-jul-06;10:44:11;34.5855;8.9895;2.12324;0.0128483870967742;20.566;1.4655;18.9775;34.588;2.9
NED2006036_3;MFD_SETNO3;44.384;-61.30405;295872;50;21-jul-06;10:44:11;32.6034;4.5194;4.57754;0.477292064516129;6.231;0.8475;6.9645;NaN;NaN
NED2006036_3;MFD_SETNO3;44.384;-61.30405;295873;26;21-jul-06;10:44:11;32.0219;6.4128;5.33237;0.781536;0.9705;0.4165;0.232;NaN;NaN
NED2006036_3;MFD_SETNO3;44.384;-61.30405;295874;4;21-jul-06;10:44:11;30.8229;17.9637;4.22231;0.244765161290323;0.318;0.238;0.0625;NaN;5.825
NED2006036_30;MFD_SETNO30;46.341;-59.558667;295969;101;24-jul-06;16:04:32;33.2256;2.6323;3.66953;0.0385451612903226;15.978;1.301;13.0885;33.185;5.122
NED2006036_30;MFD_SETNO30;46.341;-59.558667;295970;50;24-jul-06;16:04:32;32.2501;1.737;5.29776;0.432418451612903;4.6115;0.7795;4.8825;NaN;NaN
NED2006036_30;MFD_SETNO30;46.341;-59.558667;295971;25;24-jul-06;16:04:32;31.8958;3.2867;5.93309;0.592454709677419;2.186;0.531;1.6125;NaN;NaN
NED2006036_30;MFD_SETNO30;46.341;-59.558667;295972;5;24-jul-06;16:04:32;30.114;16.6156;4.35237;0.806746838709677;1.398;0.1725;0.031;NaN;5.6625
NED2006036_31;MFD_SETNO31;46.258083;-59.098183;295973;120;24-jul-06;19:00:53;33.8511;4.134;3.11391;0.024411935483871;17.8065;1.471;16.345;33.659;4.599
NED2006036_31;MFD_SETNO31;46.258083;-59.098183;295974;51;24-jul-06;19:00:53;32.1981;1.691;5.44291;0.460974387096774;2.0105;0.6595;3.05;NaN;NaN
NED2006036_31;MFD_SETNO31;46.258083;-59.098183;295975;25;24-jul-06;19:00:53;31.9315;3.8302;5.70926;0.605060129032258;0.74;0.5155;0.5305;NaN;NaN
NED2006036_31;MFD_SETNO31;46.258083;-59.098183;295976;5;24-jul-06;19:00:53;30.004;16.2222;4.41095;0.731114322580645;1.208;0.258;0.0655;NaN;5.7995
NED2006036_32;MFD_SETNO32;46.091017;-58.811017;295977;145;24-jul-06;21:51:43;34.3941;5.5061;2.42143;0.0231270967741935;23.4425;1.6565;21.93;34.41;3.3555
NED2006036_32;MFD_SETNO32;46.091017;-58.811017;295978;50;24-jul-06;21:51:43;32.2715;1.9981;5.34002;0.277400516129032;1.889;0.7515;3.105;NaN;NaN
NED2006036_32;MFD_SETNO32;46.091017;-58.811017;295979;26;24-jul-06;21:51:43;31.8466;6.1165;5.58246;0.567243870967742;0.795;0.395;0.0735;NaN;NaN
NED2006036_32;MFD_SETNO32;46.091017;-58.811017;295980;4;24-jul-06;21:51:43;30.3876;16.1281;4.40252;0.605060129032258;1.239;0.2785;0.048;NaN;5.932
NED2006036_33;MFD_SETNO33;46.201033;-58.527483;295981;366;25-jul-06;00:19:08;34.8637;5.0658;2.9029;NaN;NaN;NaN;NaN;NaN;NaN
NED2006036_33;MFD_SETNO33;46.201033;-58.527483;295982;51;25-jul-06;00:19:08;32.2208;1.86;5.46566;0.203970967741935;1.131;0.658;1.7045;NaN;NaN
NED2006036_33;MFD_SETNO33;46.201033;-58.527483;295983;25;25-jul-06;00:19:08;31.4499;7.5719;5.35465;0.57984929032258;1.111;0.41;0.077;NaN;NaN
NED2006036_33;MFD_SETNO33;46.201033;-58.527483;295984;5;25-jul-06;00:19:08;30.4273;16.3521;4.38928;0.579277548387097;0.9375;0.26;0.0445;NaN;5.989
NED2006036_34;MFD_SETNO34;45.9054;-58.431217;295985;82;25-jul-06;04:18:56;32.8931;1.8986;4.63209;0.0359754838709677;8.296;0.9675;9.957;32.9;6.2705
NED2006036_34;MFD_SETNO34;45.9054;-58.431217;295986;49;25-jul-06;04:18:56;32.1334;2.8856;5.53084;0.318194709677419;1.4515;0.6635;2.256;NaN;NaN
NED2006036_34;MFD_SETNO34;45.9054;-58.431217;295987;25;25-jul-06;04:18:56;31.4264;7.715;5.29784;0.630270967741935;0.7;0.4185;0.203;NaN;NaN
NED2006036_34;MFD_SETNO34;45.9054;-58.431217;295988;5;25-jul-06;04:18:56;30.257;15.9091;4.42801;0.57984929032258;1.298;0.244;0.036;NaN;5.917
NED2006036_35;MFD_SETNO35;45.923183;-58.761;295989;172;25-jul-06;06:48:46;34.0455;4.866;3.1127;0.00899387096774193;16.522;1.336;17.42;34.043;4.24
NED2006036_35;MFD_SETNO35;45.923183;-58.761;295990;51;25-jul-06;06:48:46;32.1692;2.2548;5.45589;0.179494451612903;1.869;0.6525;2.7345;NaN;NaN
NED2006036_35;MFD_SETNO35;45.923183;-58.761;295991;26;25-jul-06;06:48:46;31.6208;7.5947;5.32716;0.794141419354839;0.555;0.345;0.0705;NaN;NaN
NED2006036_35;MFD_SETNO35;45.923183;-58.761;295992;6;25-jul-06;06:48:46;30.3215;15.2126;4.45867;0.68069264516129;1.201;0.2725;0.0295;NaN;5.857
NED2006036_36;MFD_SETNO36;45.5501;-58.659433;295993;144;25-jul-06;09:53:04;33.6473;3.8958;3.51405;0.0218422580645161;15.168;1.313;15.903;33.658;4.756
NED2006036_36;MFD_SETNO36;45.5501;-58.659433;295994;48;25-jul-06;09:53:04;32.1709;2.7927;4.96941;0.301877032258065;4.304;0.814;5.4045;NaN;NaN
NED2006036_36;MFD_SETNO36;45.5501;-58.659433;295995;26;25-jul-06;09:53:04;31.4624;5.3389;5.44342;0.831957677419355;1.526;0.5605;1.1785;NaN;NaN
NED2006036_36;MFD_SETNO36;45.5501;-58.659433;295996;4;25-jul-06;09:53:04;30.1414;16.6043;4.32091;0.554638451612903;1.248;0.2385;0.0425;NaN;5.671
NED2006036_37;MFD_SETNO37;45.4278;-59.00585;295997;109;25-jul-06;12:22:17;32.7572;2.5233;4.31426;0.0282664516129032;9.771;1.0785;9.704;32.653;5.892
NED2006036_37;MFD_SETNO37;45.4278;-59.00585;295998;50;25-jul-06;12:22:17;32.1081;2.1442;4.89413;0.179494451612903;5.4695;0.8585;5.6765;NaN;NaN
NED2006036_37;MFD_SETNO37;45.4278;-59.00585;295999;26;25-jul-06;12:22:17;31.3632;5.1646;5.43581;0.806746838709677;0.769;0.454;0.161;NaN;NaN
NED2006036_37;MFD_SETNO37;45.4278;-59.00585;296000;5;25-jul-06;12:22:17;29.9777;16.9673;4.28928;0.57984929032258;1.151;0.2455;0.0275;NaN;5.611
NED2006036_38;MFD_SETNO38;45.271767;-58.81225;296001;76;26-jul-06;02:08:04;32.2659;2.2082;4.55873;0.0912235483870968;7.893;0.979;7.433;32.283;6.122
NED2006036_38;MFD_SETNO38;45.271767;-58.81225;296002;50;26-jul-06;02:08:04;32.1526;2.204;4.78755;0.145186774193548;7.085;0.932;6.821;NaN;NaN
NED2006036_38;MFD_SETNO38;45.271767;-58.81225;296003;26;26-jul-06;02:08:04;31.2257;6.667;5.36653;0.522165677419355;1.041;0.2235;0.066;NaN;NaN
NED2006036_38;MFD_SETNO38;45.271767;-58.81225;296004;6;26-jul-06;02:08:04;30.5189;16.4472;4.41464;0.869773935483871;1.481;0.507;0.76;NaN;5.6835
NED2006036_39;MFD_SETNO39;45.474083;-58.171967;296005;81;26-jul-06;06:37:18;32.7288;2.3373;4.38383;0.03983;9.24;1.078;10.1785;32.733;5.8585
NED2006036_39;MFD_SETNO39;45.474083;-58.171967;296006;47;26-jul-06;06:37:18;32.1336;2.2698;5.24868;0.140047419354839;5.419;0.871;6.4055;NaN;NaN
NED2006036_39;MFD_SETNO39;45.474083;-58.171967;296007;25;26-jul-06;06:37:18;31.4985;5.636;5.53998;0.894984774193548;1.428;0.485;0.5335;NaN;NaN
NED2006036_39;MFD_SETNO39;45.474083;-58.171967;296008;5;26-jul-06;06:37:18;30.3315;17.3359;4.24887;0.34675064516129;0.971;0.223;0.043;NaN;5.528
NED2006036_40;MFD_SETNO40;45.337667;-57.755533;296009;157;26-jul-06;09:31:07;34.1856;5.7571;3.47028;0.0128483870967742;11.91;1.2525;16.0655;34.166;4.659
NED2006036_40;MFD_SETNO40;45.337667;-57.755533;296010;50;26-jul-06;09:31:07;32.3179;1.9059;5.29774;0.244765161290323;2.8405;0.7925;4.3005;NaN;NaN
NED2006036_40;MFD_SETNO40;45.337667;-57.755533;296011;26;26-jul-06;09:31:07;31.8181;4.6998;5.71603;0.668087225806452;0.353;0.4315;0.161;NaN;NaN
NED2006036_40;MFD_SETNO40;45.337667;-57.755533;296012;5;26-jul-06;09:31:07;30.8829;16.6316;4.29518;0.358988903225806;0.4775;0.2315;0.0515;NaN;5.677
NED2006036_41;MFD_SETNO41;45.290283;-58.007533;296013;124;26-jul-06;11:33:58;33.4721;3.4214;3.97931;0.0231270967741936;10.462;1.1805;12.664;33.396;5.4785
NED2006036_41;MFD_SETNO41;45.290283;-58.007533;296014;48;26-jul-06;11:33:58;32.2656;2.2927;5.34616;0.363068322580645;3.2065;0.755;4.24;NaN;NaN
NED2006036_41;MFD_SETNO41;45.290283;-58.007533;296015;25;26-jul-06;11:33:58;31.5766;7.8309;5.45069;0.857168516129032;0.4;0.416;0.196;NaN;NaN
NED2006036_41;MFD_SETNO41;45.290283;-58.007533;296016;5;26-jul-06;11:33:58;30.7434;16.5906;4.31824;0.314115290322581;0.734;0.2505;0.0145;NaN;5.676
NED2006036_42;MFD_SETNO42;45.095183;-58.1257;296017;89;26-jul-06;13:47:29;32.634;1.9496;4.83957;0.105356774193548;5.5965;0.9205;6.7335;32.637;6.5355
NED2006036_42;MFD_SETNO42;45.095183;-58.1257;296018;51;26-jul-06;13:47:29;32.243;2.5356;5.19526;0.318194709677419;3.4195;0.7445;4.0605;NaN;NaN
NED2006036_42;MFD_SETNO42;45.095183;-58.1257;296019;26;26-jul-06;13:47:29;31.6343;6.8441;5.50018;0.768930580645161;0.6725;0.387;0.0795;NaN;NaN
NED2006036_42;MFD_SETNO42;45.095183;-58.1257;296020;5;26-jul-06;13:47:29;30.6802;15.9555;4.47986;0.448736129032258;0.7735;0.214;0.019;NaN;5.9015
NED2006036_43;MFD_SETNO43;44.896333;-58.35625;296021;217;26-jul-06;16:09:44;33.375;3.354;4.06985;0.0231270967741936;11.2845;1.1615;12.821;33.381;5.4555
NED2006036_43;MFD_SETNO43;44.896333;-58.35625;296022;50;26-jul-06;16:09:44;32.1525;2.4615;5.12495;0.281479935483871;4.0245;0.7895;4.746;NaN;NaN
NED2006036_43;MFD_SETNO43;44.896333;-58.35625;296023;26;26-jul-06;16:09:44;31.3811;5.4083;5.43345;0.363068322580645;0.9705;0.3635;0.0265;NaN;NaN
NED2006036_43;MFD_SETNO43;44.896333;-58.35625;296024;5;26-jul-06;16:09:44;30.7271;15.8398;4.47931;0.293718193548387;1.497;0.24;0.102;NaN;5.87
NED2006036_44;MFD_SETNO44;44.749083;-58.391867;296025;80;26-jul-06;18:34:20;32.609;2.275;4.48033;0.0308361290322581;8.5415;1.015;8.905;32.619;6.0195
NED2006036_44;MFD_SETNO44;44.749083;-58.391867;296026;50;26-jul-06;18:34:20;32.4374;2.3814;4.72895;0.236606322580645;5.626;0.833;6.006;NaN;NaN
NED2006036_44;MFD_SETNO44;44.749083;-58.391867;296027;26;26-jul-06;18:34:20;31.9601;6.203;5.43183;1.28575277419355;1.8215;0.46;0.4405;NaN;NaN
NED2006036_44;MFD_SETNO44;44.749083;-58.391867;296028;5;26-jul-06;18:34:20;30.7821;16.2901;4.44298;0.318194709677419;1.384;0.2095;0.1155;NaN;5.8365
NED2006036_45;MFD_SETNO45;44.589933;-58.539333;296029;63;26-jul-06;20:28:46;32.3397;3.1267;4.6801;0.489530322580645;5.9005;0.863;4.5875;32.342;6.3205
NED2006036_45;MFD_SETNO45;44.589933;-58.539333;296030;50;26-jul-06;20:28:46;32.3069;3.305;4.76071;0.261082838709677;5.5055;0.844;4.0815;NaN;NaN
NED2006036_45;MFD_SETNO45;44.589933;-58.539333;296031;26;26-jul-06;20:28:46;31.8684;5.1364;5.49617;1.36138529032258;2.1545;0.4855;0.7355;NaN;NaN
NED2006036_45;MFD_SETNO45;44.589933;-58.539333;296032;5;26-jul-06;20:28:46;30.8091;15.7767;4.45388;0.273321096774194;1.3735;0.214;0.1365;NaN;5.7495
NED2006036_46;MFD_SETNO46;44.65395;-58.223467;296033;67;26-jul-06;22:43:38;32.4762;2.579;4.57653;NaN;NaN;NaN;NaN;NaN;NaN
NED2006036_46;MFD_SETNO46;44.65395;-58.223467;296034;50;26-jul-06;22:43:38;32.3729;3.0472;4.68835;0.894984774193548;5.7655;0.8725;4.472;NaN;NaN
NED2006036_46;MFD_SETNO46;44.65395;-58.223467;296035;25;26-jul-06;22:43:38;31.8272;5.9293;5.57597;0.894984774193548;1.7705;0.4155;0.46;NaN;NaN
NED2006036_46;MFD_SETNO46;44.65395;-58.223467;296036;5;26-jul-06;22:43:38;30.7454;16.1806;4.43939;0.186301612903226;1.484;0.188;0.1265;NaN;5.735
NED2006036_47;MFD_SETNO47;44.6935;-57.880717;296037;43;27-jul-06;01:17:09;31.7643;7.5074;5.03511;1.75215329032258;1.531;0.4665;0.5385;31.783;6.5695
NED2006036_47;MFD_SETNO47;44.6935;-57.880717;296038;25;27-jul-06;01:17:09;31.586;9.0749;5.06872;1.85299664516129;1.332;0.3825;0.2675;NaN;NaN
NED2006036_47;MFD_SETNO47;44.6935;-57.880717;296039;5;27-jul-06;01:17:09;30.9438;16.4428;4.43881;0.407941935483871;1.021;0.2055;0.1345;NaN;5.8785
NED2006036_48;MFD_SETNO48;44.961;-57.837333;296040;60;27-jul-06;03:38:20;32.4496;2.4537;4.67314;0.314115290322581;6.5845;0.921;6.454;32.455;6.274
NED2006036_48;MFD_SETNO48;44.961;-57.837333;296041;51;27-jul-06;03:38:20;32.387;2.9393;4.7116;0.571118709677419;5.719;0.935;4.727;NaN;NaN
NED2006036_48;MFD_SETNO48;44.961;-57.837333;296042;25;27-jul-06;03:38:20;31.7659;8.0408;5.13058;1.04624980645161;1.353;0.4815;0.261;NaN;NaN
NED2006036_48;MFD_SETNO48;44.961;-57.837333;296043;5;27-jul-06;03:38:20;30.7485;16.6364;4.36323;0.257003419354839;1.5765;0.1805;0.115;NaN;5.7265
NED2006036_49;MFD_SETNO49;44.997183;-57.447517;296044;306;27-jul-06;06:02:47;34.8134;5.5517;2.66934;0.015418064516129;22.39;1.4945;20.224;34.818;3.6105
NED2006036_49;MFD_SETNO49;44.997183;-57.447517;296045;51;27-jul-06;06:02:47;32.202;2.9869;5.1708;0.743719741935484;3.697;0.7035;3.561;NaN;NaN
NED2006036_49;MFD_SETNO49;44.997183;-57.447517;296046;26;27-jul-06;06:02:47;31.6668;8.0318;5.37734;0.642876387096774;1.184;0.334;0.3285;NaN;NaN
NED2006036_49;MFD_SETNO49;44.997183;-57.447517;296047;4;27-jul-06;06:02:47;30.8307;16.9567;4.30005;0.342671225806452;1.2075;0.1885;0.1285;NaN;5.6425
NED2006036_5;MFD_SETNO5;44.478617;-60.920567;295875;89;21-jul-06;13:50:18;32.6888;3.1181;4.21463;0.0989325806451613;9.894;1.087;10.196;32.695;5.614
NED2006036_5;MFD_SETNO5;44.478617;-60.920567;295876;50;21-jul-06;13:50:18;32.1391;3.1418;4.9273;0.261082838709677;4.803;0.7795;5.1665;NaN;NaN
NED2006036_5;MFD_SETNO5;44.478617;-60.920567;295877;25;21-jul-06;13:50:18;31.4061;5.6616;5.31857;1.05885522580645;3.1075;0.563;1.972;NaN;NaN
NED2006036_5;MFD_SETNO5;44.478617;-60.920567;295878;5;21-jul-06;13:50:18;30.9552;17.3421;4.32879;0.277400516129032;0.549;0.283;0.056;NaN;5.8085
NED2006036_50;MFD_SETNO50;44.859433;-57.324783;296048;346;27-jul-06;08:11:38;34.8325;5.3892;2.73152;0.0115635483870968;26.254;1.5625;22.154;34.841;3.711
NED2006036_50;MFD_SETNO50;44.859433;-57.324783;296049;51;27-jul-06;08:11:38;32.4238;2.1437;5.14215;2.94001896774194;2.5725;0.7265;3.8625;NaN;NaN
NED2006036_50;MFD_SETNO50;44.859433;-57.324783;296050;25;27-jul-06;08:11:38;31.8259;7.5567;5.45484;0.68069264516129;1.045;0.328;0.224;NaN;NaN
NED2006036_50;MFD_SETNO50;44.859433;-57.324783;296051;5;27-jul-06;08:11:38;30.9734;17.097;4.30552;0.562959870967742;1.1805;0.2;0.149;NaN;5.646
NED2006036_52;MFD_SETNO52;44.52755;-57.439867;296052;64;27-jul-06;12:30:31;32.4597;2.6532;5.16945;1.15969858064516;3.447;0.7105;3.906;32.471;6.8645
NED2006036_52;MFD_SETNO52;44.52755;-57.439867;296053;50;27-jul-06;12:30:31;32.4603;2.8011;5.18356;1.13448774193548;3.503;0.719;3.8085;NaN;NaN
NED2006036_52;MFD_SETNO52;44.52755;-57.439867;296054;25;27-jul-06;12:30:31;31.8596;8.7077;5.26585;0.424259612903226;0.86;0.3;0.1305;NaN;NaN
NED2006036_52;MFD_SETNO52;44.52755;-57.439867;296055;5;27-jul-06;12:30:31;30.9781;16.9475;4.33738;0.265162258064516;1.051;0.1995;0.123;NaN;5.646
NED2006036_53;MFD_SETNO53;44.484283;-57.219733;296056;289;27-jul-06;14:32:32;34.8989;5.3429;3.57802;0.00513935483870968;16.953;1.296;19.6925;34.905;4.8055
NED2006036_53;MFD_SETNO53;44.484283;-57.219733;296057;49;27-jul-06;14:32:32;32.7021;4.4964;5.22474;0.509927419354839;2.065;0.5115;0.9445;NaN;NaN
NED2006036_53;MFD_SETNO53;44.484283;-57.219733;296058;25;27-jul-06;14:32:32;32.1609;11.7077;4.9987;0.465053806451613;0.777;0.204;0.102;NaN;NaN
NED2006036_53;MFD_SETNO53;44.484283;-57.219733;296059;5;27-jul-06;14:32:32;31.31;15.9924;4.46061;0.269241677419355;0.832;0.2155;0.1035;NaN;5.7815
NED2006036_54;MFD_SETNO54;44.435667;-57.330183;296060;106;27-jul-06;16:46:17;33.1661;2.3852;4.75188;0.0513935483870968;6.0015;0.963;7.8065;32.883;6.673
NED2006036_54;MFD_SETNO54;44.435667;-57.330183;296061;50;27-jul-06;16:46:17;32.5175;2.1947;5.17347;0.428584258064516;3.357;0.7425;4.2215;NaN;NaN
NED2006036_54;MFD_SETNO54;44.435667;-57.330183;296062;25;27-jul-06;16:46:17;32.0492;10.5282;5.17727;0.605060129032258;0.99;0.3175;0.281;NaN;NaN
NED2006036_54;MFD_SETNO54;44.435667;-57.330183;296063;5;27-jul-06;16:46:17;31.0652;17.1192;4.34363;0.252924;0.766;0.196;0.086;NaN;5.707
NED2006036_55;MFD_SETNO55;44.392617;-57.403417;296064;331;27-jul-06;18:44:12;34.881;5.733;3.36037;-0.0411148387096774;14.145;1.3275;19.943;34.887;4.5415
NED2006036_55;MFD_SETNO55;44.392617;-57.403417;296065;51;27-jul-06;18:44:12;32.5456;2.3819;5.18794;0.505848;2.857;0.6945;3.31;NaN;NaN
NED2006036_55;MFD_SETNO55;44.392617;-57.403417;296066;25;27-jul-06;18:44:12;31.9735;11.1079;5.07901;0.579849290322581;0.787;0.26;0.1185;NaN;NaN
NED2006036_55;MFD_SETNO55;44.392617;-57.403417;296067;5;27-jul-06;18:44:12;31.1935;16.4717;4.38276;0.293718193548387;0.722;0.191;0.0975;NaN;5.6365
NED2006036_56;MFD_SETNO56;44.353983;-57.843317;296068;111;27-jul-06;21:41:42;34.1194;5.547;3.79045;0.0192725806451613;9.1435;1.0815;13.7615;34.105;5.117
NED2006036_56;MFD_SETNO56;44.353983;-57.843317;296069;51;27-jul-06;21:41:42;32.5443;2.3942;5.1105;0.516822193548387;3.5655;0.7365;4.5395;NaN;NaN
NED2006036_56;MFD_SETNO56;44.353983;-57.843317;296070;25;27-jul-06;21:41:42;31.7003;8.363;5.25359;0.756325161290322;0.8725;0.347;0.395;NaN;NaN
NED2006036_56;MFD_SETNO56;44.353983;-57.843317;296071;5;27-jul-06;21:41:42;31.215;16.8934;4.36427;NaN;NaN;NaN;NaN;NaN;NaN
NED2006036_57;MFD_SETNO57;44.363383;-57.96975;296072;127;27-jul-06;23:18:43;33.9041;5.1665;4.00396;0.0282664516129032;8.488;1.0485;12.766;33.916;5.3595
NED2006036_57;MFD_SETNO57;44.363383;-57.96975;296073;49;27-jul-06;23:18:43;32.6106;1.7172;5.12265;0.191732709677419;4.293;0.839;5.6875;NaN;NaN
NED2006036_57;MFD_SETNO57;44.363383;-57.96975;296074;25;27-jul-06;23:18:43;31.7326;8.7384;5.17935;1.12188232258065;0.8855;0.4;0.343;NaN;NaN
NED2006036_57;MFD_SETNO57;44.363383;-57.96975;296075;5;27-jul-06;23:18:43;31.151;16.7471;4.36949;0.185016774193548;0.6045;0.2125;0.0815;NaN;5.756
NED2006036_58;MFD_SETNO58;44.503883;-58.0576;296076;55;28-jul-06;01:20:59;31.9958;5.4505;5.0262;1.07146064516129;2.33;0.584;1.528;31.995;6.67
NED2006036_58;MFD_SETNO58;44.503883;-58.0576;296077;51;28-jul-06;01:20:59;31.9552;5.9439;5.02787;0.920195612903226;2.0725;0.5575;1.364;NaN;NaN
NED2006036_58;MFD_SETNO58;44.503883;-58.0576;296078;25;28-jul-06;01:20:59;31.705;11.3506;4.83765;0.894984774193548;1.0915;0.371;0.4775;NaN;NaN
NED2006036_58;MFD_SETNO58;44.503883;-58.0576;296079;4;28-jul-06;01:20:59;31.0926;16.3461;4.38905;0.248844580645161;0.618;0.2085;0.104;NaN;5.7445
NED2006036_59;MFD_SETNO59;44.244117;-58.265;296080;93;28-jul-06;04:02:11;33.4501;3.6232;4.38123;0.0321209677419355;7.65;0.998;10.3375;33.421;5.9315
NED2006036_59;MFD_SETNO59;44.244117;-58.265;296081;49;28-jul-06;04:02:11;32.6477;1.8805;5.03408;0.109211290322581;4.5365;0.841;5.9465;NaN;NaN
NED2006036_59;MFD_SETNO59;44.244117;-58.265;296082;24;28-jul-06;04:02:11;32.3993;3.9952;5.29971;0.831957677419355;2.1905;0.6315;2.67;NaN;NaN
NED2006036_59;MFD_SETNO59;44.244117;-58.265;296083;5;28-jul-06;04:02:11;31.2429;16.6147;4.35984;0.322274129032258;0.638;0.2405;0.1115;NaN;5.857
NED2006036_6;MFD_SETNO6;44.4405;-60.656167;295879;53;21-jul-06;16:44:51;31.9834;3.8625;4.71977;NaN;NaN;NaN;NaN;NaN;NaN
NED2006036_6;MFD_SETNO6;44.4405;-60.656167;295880;50;21-jul-06;16:44:51;31.9518;3.9019;4.77931;0.371227161290323;5.9745;0.82;5.391;31.954;6.4445
NED2006036_6;MFD_SETNO6;44.4405;-60.656167;295881;25;21-jul-06;16:44:51;31.088;6.7036;5.21495;0.579277548387097;1.9005;0.3775;0.43;NaN;NaN
NED2006036_6;MFD_SETNO6;44.4405;-60.656167;295882;5;21-jul-06;16:44:51;30.2076;17.0965;4.41431;0.416100774193548;0.8365;0.1995;0.053;NaN;5.9105
NED2006036_60;MFD_SETNO60;44.0162;-58.52485;296084;303;28-jul-06;06:36:06;34.8739;6.0764;3.30483;0.0115635483870968;12.5585;1.294;19.1595;34.881;4.4555
NED2006036_60;MFD_SETNO60;44.0162;-58.52485;296085;50;28-jul-06;06:36:06;33.2112;4.3799;4.87494;0.273321096774194;4.5525;0.7695;6.389;NaN;NaN
NED2006036_60;MFD_SETNO60;44.0162;-58.52485;296086;25;28-jul-06;06:36:06;32.6051;12.1177;5.08639;0.932801032258064;1.0055;0.256;0.106;NaN;NaN
NED2006036_60;MFD_SETNO60;44.0162;-58.52485;296087;5;28-jul-06;06:36:06;31.3608;17.0002;4.32056;0.252924;0.499;0.208;0.1165;NaN;5.755
NED2006036_61;MFD_SETNO61;43.943783;-58.65015;296088;409;28-jul-06;08:35:32;34.8958;5.8031;3.42535;0.00385451612903226;11.5305;1.2;17.606;34.908;4.6345
NED2006036_61;MFD_SETNO61;43.943783;-58.65015;296089;50;28-jul-06;08:35:32;33.2125;5.6162;5.09087;1.172304;2.325;0.4745;0.916;NaN;NaN
NED2006036_61;MFD_SETNO61;43.943783;-58.65015;296090;25;28-jul-06;08:35:32;32.8573;9.2441;5.35917;1.18490941935484;1.203;0.314;0.0685;NaN;NaN
NED2006036_61;MFD_SETNO61;43.943783;-58.65015;296091;5;28-jul-06;08:35:32;31.4059;16.6057;4.37111;0.244765161290323;0.511;0.211;0.0655;NaN;5.7235
NED2006036_62;MFD_SETNO62;44.135767;-58.737533;296092;76;28-jul-06;11:15:44;33.0335;3.698;4.83245;0.163176774193548;4.2185;0.753;5.034;33.004;6.4985
NED2006036_62;MFD_SETNO62;44.135767;-58.737533;296093;51;28-jul-06;11:15:44;32.5894;3.7543;5.20134;0.363068322580645;2.8565;0.674;2.992;NaN;NaN
NED2006036_62;MFD_SETNO62;44.135767;-58.737533;296094;25;28-jul-06;11:15:44;32.0218;12.4747;4.84151;0.630270967741935;0.8225;0.289;0.1535;NaN;NaN
NED2006036_62;MFD_SETNO62;44.135767;-58.737533;296095;5;28-jul-06;11:15:44;30.9521;16.6914;4.33483;0.232526903225806;0.7095;0.2305;0.1685;NaN;5.717
NED2006036_63;MFD_SETNO63;44.126183;-58.9312;296096;115;28-jul-06;13:02:32;33.5703;4.3607;4.35007;0.0770903225806451;6.495;0.887;8.98;33.551;5.8035
NED2006036_63;MFD_SETNO63;44.126183;-58.9312;296097;49;28-jul-06;13:02:32;32.8733;5.3975;5.1344;0.567243870967742;2.6775;0.5975;2.3715;NaN;NaN
NED2006036_63;MFD_SETNO63;44.126183;-58.9312;296098;24;28-jul-06;13:02:32;31.7606;11.5955;5.00295;1.0084335483871;1.0605;0.3285;0.16;NaN;NaN
NED2006036_63;MFD_SETNO63;44.126183;-58.9312;296099;5;28-jul-06;13:02:32;31.0685;16.5371;4.37989;0.289638774193548;0.722;0.2225;0.133;NaN;5.738
NED2006036_64;MFD_SETNO64;44.18305;-59.180333;296100;163;28-jul-06;15:20:38;34.5658;6.6027;3.57484;0.0256967741935484;11.079;1.154;16.343;34.543;4.807
NED2006036_64;MFD_SETNO64;44.18305;-59.180333;296101;51;28-jul-06;15:20:38;32.4837;6.8549;5.14476;0.958011870967742;1.8005;0.5165;1.4215;NaN;NaN
NED2006036_64;MFD_SETNO64;44.18305;-59.180333;296102;24;28-jul-06;15:20:38;31.7989;11.731;4.99435;1.34877987096774;0.7765;0.3235;0.119;NaN;NaN
NED2006036_64;MFD_SETNO64;44.18305;-59.180333;296103;5;28-jul-06;15:20:38;31.4387;14.701;4.65946;0.424259612903226;0.6755;0.2485;0.137;NaN;5.8755
NED2006036_65;MFD_SETNO65;44.138367;-59.56985;296104;73;28-jul-06;18:19:17;32.9403;3.9797;4.37568;0.583356967741935;8.6715;0.9785;8.2965;32.922;5.8945
NED2006036_65;MFD_SETNO65;44.138367;-59.56985;296105;50;28-jul-06;18:19:17;32.6003;3.8013;4.89769;0.444656709677419;4.506;0.792;4.7775;NaN;NaN
NED2006036_65;MFD_SETNO65;44.138367;-59.56985;296106;26;28-jul-06;18:19:17;31.7963;9.536;4.91396;3.43638580645161;1.7485;0.463;0.2905;NaN;NaN
NED2006036_65;MFD_SETNO65;44.138367;-59.56985;296107;5;28-jul-06;18:19:17;31.0709;15.6415;4.57627;0.550721612903226;0.7365;0.288;0.0915;NaN;6.037
NED2006036_66;MFD_SETNO66;44.19645;-59.369983;296108;191;28-jul-06;20:05:24;34.4331;6.1801;3.79941;NaN;NaN;NaN;NaN;NaN;NaN
NED2006036_66;MFD_SETNO66;44.19645;-59.369983;296109;49;28-jul-06;20:05:24;32.4528;4.1445;5.03202;0.550721612903226;3.1505;0.7215;2.827;NaN;NaN
NED2006036_66;MFD_SETNO66;44.19645;-59.369983;296110;25;28-jul-06;20:05:24;31.7521;10.5436;5.05591;1.28575277419355;0.989;0.3725;0.2;NaN;NaN
NED2006036_66;MFD_SETNO66;44.19645;-59.369983;296111;5;28-jul-06;20:05:24;31.0025;16.9853;4.33884;0.240685741935484;0.8155;0.2305;0.092;NaN;5.7995
NED2006036_67;MFD_SETNO67;44.3107;-59.206033;296112;119;28-jul-06;22:36:08;33.8546;5.3719;4.12174;NaN;NaN;NaN;NaN;NaN;NaN
NED2006036_67;MFD_SETNO67;44.3107;-59.206033;296113;50;28-jul-06;22:36:08;32.3349;4.5908;5.0401;0.869773935483871;3.2335;0.656;2.4135;NaN;NaN
NED2006036_67;MFD_SETNO67;44.3107;-59.206033;296114;27;28-jul-06;22:36:08;32.0923;8.1412;5.15313;1.81518038709677;1.3725;0.4315;0.34;NaN;NaN
NED2006036_67;MFD_SETNO67;44.3107;-59.206033;296115;5;28-jul-06;22:36:08;31.2996;16.0593;4.50001;0.297797612903226;0.5505;0.2645;0.0825;NaN;6.0265
NED2006036_68;MFD_SETNO68;44.358733;-58.7283;296116;64;29-jul-06;01:29:37;32.2998;3.6883;4.7801;0.501768580645161;5.1065;0.8115;3.3385;32.31;6.4625
NED2006036_68;MFD_SETNO68;44.358733;-58.7283;296117;50;29-jul-06;01:29:37;32.3039;3.6913;4.79771;0.693298064516129;5.184;0.839;3.3695;NaN;NaN
NED2006036_68;MFD_SETNO68;44.358733;-58.7283;296118;25;29-jul-06;01:29:37;32.1048;6.1548;5.21647;1.48743948387097;4.612;0.781;2.782;NaN;NaN
NED2006036_68;MFD_SETNO68;44.358733;-58.7283;296119;5;29-jul-06;01:29:37;30.9237;17.0697;4.3374;0.244765161290323;0.772;0.2355;0.0825;NaN;5.809
NED2006036_7;MFD_SETNO7;44.485017;-60.498917;295883;39;21-jul-06;18:38:15;31.48;3.7715;5.23093;0.509927419354839;3.4925;0.6455;2.666;31.495;7.0695
NED2006036_7;MFD_SETNO7;44.485017;-60.498917;295884;26;21-jul-06;18:38:15;31.4606;3.8641;5.27593;0.617665548387097;3.6705;0.648;2.708;NaN;NaN
NED2006036_7;MFD_SETNO7;44.485017;-60.498917;295885;5;21-jul-06;18:38:15;30.2359;17.1437;4.37715;0.424259612903226;0.909;0.2155;0.096;NaN;5.9845
NED2006036_70;MFD_SETNO70;44.463217;-58.721983;296120;65;29-jul-06;07:31:19;32.3906;3.1601;4.64326;0.203970967741935;6.7555;0.9355;5.3705;32.4;6.362
NED2006036_70;MFD_SETNO70;44.463217;-58.721983;296121;50;29-jul-06;07:31:19;32.3858;3.6012;4.70863;0.338591806451613;5.375;0.8055;4.1175;NaN;NaN
NED2006036_70;MFD_SETNO70;44.463217;-58.721983;296122;24;29-jul-06;07:31:19;31.9732;7.1575;5.29119;1.55046658064516;3.1775;0.647;1.6475;NaN;NaN
NED2006036_70;MFD_SETNO70;44.463217;-58.721983;296123;4;29-jul-06;07:31:19;30.596;16.9013;4.36297;0.330432967741935;0.797;0.2125;0.069;NaN;6.0225
NED2006036_71;MFD_SETNO71;44.4822;-58.990967;296124;55;29-jul-06;09:29:30;32.4007;3.626;4.7593;0.34675064516129;5.297;0.845;4.4885;32.408;6.529
NED2006036_71;MFD_SETNO71;44.4822;-58.990967;296125;49;29-jul-06;09:29:30;32.3937;3.6145;4.77667;0.501768580645161;6.862;0.741;4.256;NaN;NaN
NED2006036_71;MFD_SETNO71;44.4822;-58.990967;296126;25;29-jul-06;09:29:30;31.6945;6.221;5.3818;1.15969858064516;3.3765;0.5605;2.3895;NaN;NaN
NED2006036_71;MFD_SETNO71;44.4822;-58.990967;296127;5;29-jul-06;09:29:30;30.6976;16.5307;4.38521;0.34675064516129;1.02;0.1805;0.113;NaN;6.7755
NED2006036_72;MFD_SETNO72;44.615;-58.97885;296128;66;29-jul-06;10:58:03;32.4364;2.8357;4.60886;0.163176774193548;7.375;0.9465;7.191;32.445;6.2645
NED2006036_72;MFD_SETNO72;44.615;-58.97885;296129;48;29-jul-06;10:58:03;32.4258;2.8027;4.67907;0.187653290322581;7.1655;0.781;7.119;NaN;NaN
NED2006036_72;MFD_SETNO72;44.615;-58.97885;296130;25;29-jul-06;10:58:03;31.2829;5.4971;5.45364;0.756325161290323;1.476;0.4115;0.415;NaN;NaN
NED2006036_72;MFD_SETNO72;44.615;-58.97885;296131;5;29-jul-06;10:58:03;30.7664;16.6499;4.36876;0.403862516129032;0.911;0.1705;0.1375;NaN;5.8575
NED2006036_73;MFD_SETNO73;44.740533;-58.855017;296132;225;29-jul-06;12:44:01;33.0089;2.6521;4.28373;0.0282664516129032;11.1245;1.1605;11.4045;33.014;5.8415
NED2006036_73;MFD_SETNO73;44.740533;-58.855017;296133;50;29-jul-06;12:44:01;31.9216;2.3233;4.96086;0.456894967741935;5.3015;0.787;5.345;NaN;NaN
NED2006036_73;MFD_SETNO73;44.740533;-58.855017;296134;25;29-jul-06;12:44:01;31.2017;8.4858;5.26322;0.630270967741935;1.2405;0.2745;0.2105;NaN;NaN
NED2006036_73;MFD_SETNO73;44.740533;-58.855017;296135;5;29-jul-06;12:44:01;30.7427;16.5196;4.36466;0.424259612903226;0.994;0.193;0.139;NaN;5.807
NED2006036_74;MFD_SETNO74;44.90325;-59.520167;296136;239;29-jul-06;17:00:39;32.9627;3.2482;4.02205;0.0269816129032258;13.4235;1.2065;12.157;32.955;5.539
NED2006036_74;MFD_SETNO74;44.90325;-59.520167;296137;50;29-jul-06;17:00:39;31.9413;2.316;4.99419;0.252924;5.379;0.75;5.292;NaN;NaN
NED2006036_74;MFD_SETNO74;44.90325;-59.520167;296138;26;29-jul-06;17:00:39;31.1823;5.5783;5.42404;0.68069264516129;1.3785;0.384;0.409;NaN;NaN
NED2006036_74;MFD_SETNO74;44.90325;-59.520167;296139;5;29-jul-06;17:00:39;30.6299;16.3684;4.37424;0.485450903225806;0.9085;0.1875;0.1595;NaN;5.8755
NED2006036_75;MFD_SETNO75;44.826367;-59.668;296140;211;29-jul-06;19:06:10;33.1517;3.6401;3.92239;0.0205574193548387;14.0605;1.223;12.4935;33.157;5.468
NED2006036_75;MFD_SETNO75;44.826367;-59.668;296141;50;29-jul-06;19:06:10;32.287;3.2833;4.85695;0.342671225806452;5.904;0.802;5.6425;NaN;NaN
NED2006036_75;MFD_SETNO75;44.826367;-59.668;296142;25;29-jul-06;19:06:10;31.1713;5.9189;5.35617;0.731114322580645;1.27;0.337;0.4785;NaN;NaN
NED2006036_75;MFD_SETNO75;44.826367;-59.668;296143;5;29-jul-06;19:06:10;30.6899;16.3655;4.38653;0.375306580645161;1.047;0.195;0.174;NaN;5.8535
NED2006036_76;MFD_SETNO76;44.864517;-59.816933;296144;207;29-jul-06;21:04:57;33.2896;3.8982;3.87211;0.0179877419354839;14.8875;1.223;12.8275;33.282;5.3085
NED2006036_76;MFD_SETNO76;44.864517;-59.816933;296145;51;29-jul-06;21:04:57;32.42;2.4777;4.67257;0.167256193548387;7.2425;0.872;7.9215;NaN;NaN
NED2006036_76;MFD_SETNO76;44.864517;-59.816933;296146;24;29-jul-06;21:04:57;31.1558;6.659;5.39172;0.605060129032258;3.2025;0.4665;0.4625;NaN;NaN
NED2006036_76;MFD_SETNO76;44.864517;-59.816933;296147;6;29-jul-06;21:04:57;30.8253;16.6392;4.37379;0.310035870967742;0.945;0.1955;0.181;NaN;5.8405
NED2006036_77;MFD_SETNO77;44.907617;-60.313917;296148;194;30-jul-06;00:26:52;32.9364;3.1801;4.01772;0.0282664516129032;12.24;1.143;11.226;32.947;5.5765
NED2006036_77;MFD_SETNO77;44.907617;-60.313917;296149;50;30-jul-06;00:26:52;32.3395;2.5626;4.48953;0.0565329032258065;9.411;0.94;9.557;NaN;NaN
NED2006036_77;MFD_SETNO77;44.907617;-60.313917;296150;25;30-jul-06;00:26:52;31.4349;4.9577;5.2741;1.34877987096774;3.9185;0.59;2.584;NaN;NaN
NED2006036_77;MFD_SETNO77;44.907617;-60.313917;296151;5;30-jul-06;00:26:52;29.8156;17.0973;4.3952;0.819352258064516;1.7885;0.1765;0.186;NaN;5.842
NED2006036_78;MFD_SETNO78;44.683583;-60.313583;296152;259;30-jul-06;03:08:18;33.0247;3.5725;4.02901;0.0269816129032258;12.413;1.219;12.013;33.03;5.6015
NED2006036_78;MFD_SETNO78;44.683583;-60.313583;296153;45;30-jul-06;03:08:18;31.7067;3.7311;5.07723;0.485450903225806;5.11;0.726;4.9405;NaN;NaN
NED2006036_78;MFD_SETNO78;44.683583;-60.313583;296154;24;30-jul-06;03:08:18;31.0857;9.2289;5.1086;1.55046658064516;1.198;0.3585;0.365;NaN;NaN
NED2006036_78;MFD_SETNO78;44.683583;-60.313583;296155;4;30-jul-06;03:08:18;30.2159;16.765;4.36704;0.655481806451613;1.254;0.1865;0.234;NaN;5.9455
NED2006036_79;MFD_SETNO79;44.597433;-60.125183;296156;116;30-jul-06;05:05:44;33.8862;5.8358;3.89776;0.0282664516129032;11.911;1.184;12.7885;33.89;5.399
NED2006036_79;MFD_SETNO79;44.597433;-60.125183;296157;48;30-jul-06;05:05:44;32.3612;4.3464;4.96077;0.516822193548387;3.4265;0.723;3.4715;NaN;NaN
NED2006036_79;MFD_SETNO79;44.597433;-60.125183;296158;25;30-jul-06;05:05:44;31.8881;8.5512;5.35727;0.958011870967742;1.185;0.3585;0.2335;NaN;NaN
NED2006036_79;MFD_SETNO79;44.597433;-60.125183;296159;5;30-jul-06;05:05:44;29.8438;17.2314;4.28411;0.642876387096774;1.5705;0.2075;0.2075;NaN;5.8165
NED2006036_8;MFD_SETNO8;44.710417;-60.571417;295886;37;21-jul-06;20:57:29;31.473;6.4219;5.03422;1.53786116129032;2.208;0.5755;1.4965;31.467;6.79
NED2006036_8;MFD_SETNO8;44.710417;-60.571417;295887;25;21-jul-06;20:57:29;31.0678;9.1409;5.23425;0.403373419354839;0.9895;0.406;0.087;NaN;NaN
NED2006036_8;MFD_SETNO8;44.710417;-60.571417;295888;5;21-jul-06;20:57:29;30.2608;16.4011;4.47915;0.375306580645161;1.2545;0.2505;0.049;NaN;6.0805
NED2006036_80;MFD_SETNO80;44.536217;-59.90425;296160;79;30-jul-06;07:02:27;32.9005;4.4725;4.52025;0.0937932258064516;6.372;0.8905;6.096;32.894;6.2185
NED2006036_80;MFD_SETNO80;44.536217;-59.90425;296161;50;30-jul-06;07:02:27;32.4757;4.1608;4.7414;0.265162258064516;5.5515;0.8275;4.5395;NaN;NaN
NED2006036_80;MFD_SETNO80;44.536217;-59.90425;296162;25;30-jul-06;07:02:27;32.207;5.4173;5.06453;1.05885522580645;3.1485;0.676;2.0305;NaN;NaN
NED2006036_80;MFD_SETNO80;44.536217;-59.90425;296163;5;30-jul-06;07:02:27;30.5605;17.2719;4.23837;0.617665548387097;1.1155;0.225;0.182;NaN;5.761
NED2006036_81;MFD_SETNO81;44.610283;-59.609517;296164;58;30-jul-06;08:58:13;32.4287;4.2669;4.78606;0.228447483870968;5.4755;0.852;3.997;32.434;6.5555
NED2006036_81;MFD_SETNO81;44.610283;-59.609517;296165;49;30-jul-06;08:58:13;32.4338;4.2693;4.79896;0.248844580645161;4.8675;0.7195;3.576;NaN;NaN
NED2006036_81;MFD_SETNO81;44.610283;-59.609517;296166;24;30-jul-06;08:58:13;31.5425;11.8974;4.8336;1.71819290322581;2.693;0.5265;1.4685;NaN;NaN
NED2006036_81;MFD_SETNO81;44.610283;-59.609517;296167;4;30-jul-06;08:58:13;30.6167;16.9937;4.24579;0.334512387096774;1.0625;0.1975;0.2155;NaN;5.874
NED2006036_82;MFD_SETNO82;44.35195;-59.9099;296168;159;30-jul-06;12:01:29;34.2969;6.2582;3.72183;0.0256967741935484;12.6145;1.084;13.9095;34.303;5.1085
NED2006036_82;MFD_SETNO82;44.35195;-59.9099;296169;49;30-jul-06;12:01:29;32.4351;4.4283;5.00558;0.269241677419355;4.2555;0.737;3.9505;NaN;NaN
NED2006036_82;MFD_SETNO82;44.35195;-59.9099;296170;25;30-jul-06;12:01:29;31.69;11.2005;5.03401;1.27314735483871;1.16;0.3495;0.2755;NaN;NaN
NED2006036_82;MFD_SETNO82;44.35195;-59.9099;296171;5;30-jul-06;12:01:29;30.9396;16.8761;4.29967;0.248844580645161;1.1445;0.21;0.19;NaN;5.764
NED2006036_83;MFD_SETNO83;44.019433;-59.822983;296172;40;30-jul-06;15:00:57;32.2556;7.1669;4.33791;8.92723096774194;5.731;0.773;3.8265;31.912;5.98
NED2006036_83;MFD_SETNO83;44.019433;-59.822983;296173;25;30-jul-06;15:00:57;31.3528;14.8317;4.61079;1.0084335483871;0.593;0.325;0.2195;NaN;NaN
NED2006036_83;MFD_SETNO83;44.019433;-59.822983;296174;5;30-jul-06;15:00:57;31.2141;15.7658;4.55357;0.731114322580645;0.5455;0.2895;0.194;NaN;6.0575
NED2006036_84;MFD_SETNO84;44.020483;-60.0502;296175;31;30-jul-06;16:55:11;31.5565;13.1904;4.70503;2.14292129032258;0.554;0.3925;0.205;31.481;6.3655
NED2006036_84;MFD_SETNO84;44.020483;-60.0502;296176;25;30-jul-06;16:55:11;31.4755;14.2603;4.69035;2.15552670967742;0.5865;0.367;0.2065;NaN;NaN
NED2006036_84;MFD_SETNO84;44.020483;-60.0502;296177;5;30-jul-06;16:55:11;30.9701;16.7286;4.36658;0.693298064516129;0.587;0.2785;0.2035;NaN;6.0395
NED2006036_85;MFD_SETNO85;44.260517;-60.241917;296178;112;30-jul-06;19:21:42;33.5042;4.9191;4.07924;0.03983;10.752;1.03;11.3625;33.5;5.611
NED2006036_85;MFD_SETNO85;44.260517;-60.241917;296179;50;30-jul-06;19:21:42;32.4308;3.9395;4.88347;0.289638774193548;4.681;0.7735;4.123;NaN;NaN
NED2006036_85;MFD_SETNO85;44.260517;-60.241917;296180;25;30-jul-06;19:21:42;32.1447;7.7169;5.29805;1.13448774193548;1.352;0.4835;0.377;NaN;NaN
NED2006036_85;MFD_SETNO85;44.260517;-60.241917;296181;5;30-jul-06;19:21:42;30.2357;17.3378;4.36316;0.428339032258064;1.1835;0.1685;0.1635;NaN;5.8115
NED2006036_86;MFD_SETNO86;44.406267;-60.404617;296182;44;30-jul-06;21:14:56;31.7975;4.0345;4.92526;0.781536;4.808;0.7755;4.15;31.804;6.5735
NED2006036_86;MFD_SETNO86;44.406267;-60.404617;296183;25;30-jul-06;21:14:56;31.674;5.1399;5.18636;1.18490941935484;2.935;0.573;1.8765;NaN;NaN
NED2006036_86;MFD_SETNO86;44.406267;-60.404617;296184;5;30-jul-06;21:14:56;29.8121;17.7628;4.33083;0.550721612903226;1.878;0.185;0.1725;NaN;5.819
NED2006036_87;MFD_SETNO87;44.4448;-60.376617;296185;47;30-jul-06;22:27:25;31.8757;3.61;4.88072;0.542033032258064;5.259;0.824;4.793;31.877;6.598
NED2006036_87;MFD_SETNO87;44.4448;-60.376617;296186;25;30-jul-06;22:27:25;31.6484;3.5439;5.16086;NaN;NaN;NaN;NaN;NaN;NaN
NED2006036_87;MFD_SETNO87;44.4448;-60.376617;296187;4;30-jul-06;22:27:25;30.2542;17.0116;4.4093;0.579277548387097;1.629;0.2255;0.3645;NaN;6.096
NED2006036_88;MFD_SETNO88;44.385867;-60.500283;296188;25;30-jul-06;23:56:33;31.5771;5.1783;5.06082;2.17637767741935;3.4565;0.644;2.516;31.577;6.8445
NED2006036_88;MFD_SETNO88;44.385867;-60.500283;296189;25;30-jul-06;23:56:33;31.5357;5.464;5.12054;2.367288;2.9;0.6335;1.8515;NaN;NaN
NED2006036_88;MFD_SETNO88;44.385867;-60.500283;296190;6;30-jul-06;23:56:33;30.1657;17.7634;4.33751;1.98546735483871;2.6495;0.5545;1.849;NaN;6.9795
NED2006036_89;MFD_SETNO89;44.188683;-60.408183;296191;148;31-jul-06;02:12:54;33.3735;4.5282;4.01727;0.0706661290322581;12.27;1.13;11.9435;33.31;5.518
NED2006036_89;MFD_SETNO89;44.188683;-60.408183;296192;50;31-jul-06;02:12:54;32.4901;4.1779;4.98357;0.407941935483871;5.656;0.715;3.596;NaN;NaN
NED2006036_89;MFD_SETNO89;44.188683;-60.408183;296193;25;31-jul-06;02:12:54;32.1491;7.7835;5.30107;0.995828129032258;0.9965;0.4005;0.263;NaN;NaN
NED2006036_89;MFD_SETNO89;44.188683;-60.408183;296194;5;31-jul-06;02:12:54;30.3052;17.4621;4.29525;0.391624258064516;1.207;0.209;0.141;NaN;5.767
NED2006036_9;MFD_SETNO9;44.621583;-60.8068;295889;62;21-jul-06;23:22:41;32.1207;3.5775;4.666;0.636389419354839;6.525;0.8555;5.9035;32.156;6.468
NED2006036_9;MFD_SETNO9;44.621583;-60.8068;295890;51;21-jul-06;23:22:41;32.033;3.7386;4.74728;0.529427612903226;4.5375;0.6965;4.178;NaN;NaN
NED2006036_9;MFD_SETNO9;44.621583;-60.8068;295891;26;21-jul-06;23:22:41;31.3427;6.3703;5.27575;1.08406606451613;1.9785;0.4495;0.4835;NaN;NaN
NED2006036_9;MFD_SETNO9;44.621583;-60.8068;295892;6;21-jul-06;23:22:41;30.9708;18.066;4.24265;0.182447096774194;0.4045;0.2355;0.0585;NaN;5.6585
NED2006036_90;MFD_SETNO90;44.067667;-60.6177;296195;40;31-jul-06;04:22:08;32.3585;5.0379;4.97098;1.52728258064516;3.699;0.693;3.275;32.356;6.637
NED2006036_90;MFD_SETNO90;44.067667;-60.6177;296196;26;31-jul-06;04:22:08;31.6145;10.9556;5.0606;3.66547819354839;0.813;0.4065;0.36;NaN;NaN
NED2006036_90;MFD_SETNO90;44.067667;-60.6177;296197;6;31-jul-06;04:22:08;30.6719;16.7514;4.4246;0.277400516129032;0.8945;0.1675;0.1655;NaN;5.8105
NED2006036_91;MFD_SETNO91;44.258717;-60.896817;296198;58;31-jul-06;06:51:17;33.082;3.9029;4.07703;2.78729070967742;10.418;0.99;9.375;32.966;5.5545
NED2006036_91;MFD_SETNO91;44.258717;-60.896817;296199;49;31-jul-06;06:51:17;32.6883;5.0926;4.58816;2.74910864516129;11.1655;1.0535;10.181;NaN;NaN
NED2006036_91;MFD_SETNO91;44.258717;-60.896817;296200;24;31-jul-06;06:51:17;31.7074;12.1004;5.0162;2.67274451612903;0.4735;0.3045;0.2225;NaN;NaN
NED2006036_91;MFD_SETNO91;44.258717;-60.896817;296201;5;31-jul-06;06:51:17;31.1608;17.3098;4.21116;0.452815548387097;0.544;0.192;0.168;NaN;5.732
NED2006036_92;MFD_SETNO92;44.137883;-61.114767;296202;66;31-jul-06;08:19:29;33.2657;5.8617;3.50574;2.82547277419355;13.896;1.1365;12.052;33.257;4.697
NED2006036_92;MFD_SETNO92;44.137883;-61.114767;296203;49;31-jul-06;08:19:29;32.6358;5.2915;4.46111;1.32356903225806;7.5355;0.7815;6.2175;NaN;NaN
NED2006036_92;MFD_SETNO92;44.137883;-61.114767;296204;25;31-jul-06;08:19:29;32.2881;8.113;5.14646;1.80257496774194;1.5045;0.4495;0.319;NaN;NaN
NED2006036_92;MFD_SETNO92;44.137883;-61.114767;296205;4;31-jul-06;08:19:29;30.9119;18.1626;3.56995;0.261082838709677;0.7005;0.1855;0.202;NaN;5.7515
NED2006036_93;MFD_SETNO93;44.0065;-60.906033;296206;44;31-jul-06;11:20:13;32.1737;9.0421;4.88274;0.0963629032258064;0.8935;0.4045;0.359;32.146;6.501
NED2006036_93;MFD_SETNO93;44.0065;-60.906033;296207;25;31-jul-06;11:20:13;31.9485;10.6941;5.01534;6.41458683870968;0.533;0.3445;0.201;NaN;NaN
NED2006036_93;MFD_SETNO93;44.0065;-60.906033;296208;5;31-jul-06;11:20:13;31.4465;16.1828;4.45049;1.38659612903226;0.677;0.266;0.1885;NaN;6.1405
NED2006036_94;MFD_SETNO94;43.978383;-61.01795;296209;50;31-jul-06;12:11:18;32.4591;6.1258;4.60437;2.82547277419355;4.893;0.655;2.8;32.454;6.1905
NED2006036_94;MFD_SETNO94;43.978383;-61.01795;296210;25;31-jul-06;12:11:18;32.2341;8.7231;5.18206;0.516822193548387;1.2255;0.352;0.206;NaN;NaN
NED2006036_94;MFD_SETNO94;43.978383;-61.01795;296211;5;31-jul-06;12:11:18;31.1563;17.7329;4.2085;0.257003419354839;1.167;0.167;0.2035;NaN;5.574
NED2006036_95;MFD_SETNO95;43.848517;-61.44825;296212;47;31-jul-06;15:48:33;32.4498;7.1531;4.88908;5.19276077419355;2.4125;0.561;0.9595;32.433;6.5245
NED2006036_95;MFD_SETNO95;43.848517;-61.44825;296213;26;31-jul-06;15:48:33;31.9574;13.0881;4.80889;0.261082838709677;0.88;0.2775;0.2055;NaN;NaN
NED2006036_95;MFD_SETNO95;43.848517;-61.44825;296214;6;31-jul-06;15:48:33;30.9343;17.766;4.28144;0.265162258064516;0.739;0.155;0.1935;NaN;5.59
NED2006036_97;MFD_SETNO97;43.816817;-61.542117;296215;52;31-jul-06;16:46:32;32.4601;7.1353;4.64323;9.04316903225806;3.368;0.614;1.5645;32.442;6.2565
NED2006036_97;MFD_SETNO97;43.816817;-61.542117;296216;25;31-jul-06;16:46:32;32.186;9.3249;5.16115;0.97061729032258;0.694;0.382;0.216;NaN;NaN
NED2006036_97;MFD_SETNO97;43.816817;-61.542117;296217;5;31-jul-06;16:46:32;31.6105;19.2574;4.0775;0.310035870967742;1.2215;0.1375;0.1985;NaN;5.3865
NED2006036_98;MFD_SETNO98;43.823383;-61.904917;296218;114;31-jul-06;20:12:06;34.2017;8.1597;2.45892;0.0192725806451613;20.775;1.3675;17.1585;34.205;3.2975
NED2006036_98;MFD_SETNO98;43.823383;-61.904917;296219;50;31-jul-06;20:12:06;32.6724;4.9539;4.65946;0.281479935483871;5.556;0.7005;5.0925;NaN;NaN
NED2006036_98;MFD_SETNO98;43.823383;-61.904917;296220;25;31-jul-06;20:12:06;32.3602;8.5382;5.35407;0.68069264516129;1.5495;0.2725;0.218;NaN;NaN
NED2006036_98;MFD_SETNO98;43.823383;-61.904917;296221;5;31-jul-06;20:12:06;30.9334;16.9952;4.34578;0.240685741935484;0.7505;0.214;0.1905;NaN;5.7145
NED2006036_99;MFD_SETNO99;44.1934;-62.19215;296222;171;01-aug-06;00:12:52;34.8673;9.7073;2.29889;0.00770903225806451;16.8875;1.3055;17.975;34.793;3.1765
NED2006036_99;MFD_SETNO99;44.1934;-62.19215;296223;50;01-aug-06;00:12:52;32.4312;3.2831;4.49538;0.322274129032258;7.8945;0.985;8.636;NaN;NaN
NED2006036_99;MFD_SETNO99;44.1934;-62.19215;296224;25;01-aug-06;00:12:52;31.8199;5.1491;5.36413;0.756325161290322;2.862;0.505;1.7025;NaN;NaN
NED2006036_99;MFD_SETNO99;44.1934;-62.19215;296225;5;01-aug-06;00:12:52;31.3152;17.8395;4.28363;0.293718193548387;1.1415;0.173;0.1925;NaN;5.644
