CTD;CTD;CTD;CTD;CTD;CTD;CTD;CTD;CTD;CTD;CTD;labo;labo;labo;labo;labo;labo;labo
Fichier;Station;Latitude;Longitude;Echantillon;zbouteille;Date;Heure;PSAL;TEMP_XX;DOXY;CHL_01;Si_01;PO4_01;NOx_01;PSAL_BS;NO2_01;OXY_03
(nom);(nom/no);(degres);(degres);(no_unique);(dbar);(jj-mmm-yyyy);(GMT);(psu);(celsius);(ml/l);(mg/m**3);(mmol/m**3);(mmol/m**3);(mmol/m**3);(PSU);(mmol/m**3);(ml/l)
NED2012002_1;MFD_SETNO1;44.2695;-63.3217;384431;141;11-feb-12;03:19:52;33.7343;6.9451;3.81622;0.0307517910447761;13.1975;1.1375;13.592;33.5908355712891;0.0645;4.4605
NED2012002_1;MFD_SETNO1;44.2695;-63.3217;384432;101;11-feb-12;03:19:52;32.3328;4.3249;5.02915;0.0435650373134328;8.685;0.8355;7.9145;NaN;0.056;NaN
NED2012002_1;MFD_SETNO1;44.2695;-63.3217;384433;76;11-feb-12;03:19:52;31.7387;3.9458;5.50046;NaN;7.847;0.979;10.532;NaN;0.148;NaN
NED2012002_1;MFD_SETNO1;44.2695;-63.3217;384434;51;11-feb-12;03:19:52;31.4753;4.7858;6.06968;0.956518656716418;2.48;0.4765;2.3805;NaN;0.105;NaN
NED2012002_1;MFD_SETNO1;44.2695;-63.3217;384435;40;11-feb-12;03:19:52;31.0488;3.6499;6.22084;0.942854104477612;3.6025;0.4975;3.026;31.3643741607666;0.104;6.792
NED2012002_1;MFD_SETNO1;44.2695;-63.3217;384436;30;11-feb-12;03:19:52;30.7157;2.5647;6.45654;0.737885820895522;4.1895;0.543;3.278;NaN;0.0485;NaN
NED2012002_1;MFD_SETNO1;44.2695;-63.3217;384437;21;11-feb-12;03:19:52;30.5394;1.9998;6.6006;0.683227611940298;4.7805;0.558;3.717;NaN;0.048;NaN
NED2012002_1;MFD_SETNO1;44.2695;-63.3217;384438;10;11-feb-12;03:19:52;30.5395;1.9501;7.08281;0.491923880597015;5.0555;0.5635;3.8285;NaN;0.043;NaN
NED2012002_1;MFD_SETNO1;44.2695;-63.3217;384439;6;11-feb-12;03:19:52;30.5905;1.9469;7.39874;0.601240298507463;5.028;0.5685;3.8195;NaN;0.04;NaN
NED2012002_1;MFD_SETNO1;44.2695;-63.3217;384440;2;11-feb-12;03:19:52;30.8743;1.9743;6.70081;0.546582089552239;5.1225;0.5435;3.797;30.5196285247803;0.0325;7.232
NED2012002_100;MFD_SETNO100;43.079;-63.8973;385055;100;11-mar-12;10:51:56;33.3761;6.5607;4.13367;0.0486903358208955;10.031;1.012;10.6065;33.38720703125;NaN;4.693
NED2012002_100;MFD_SETNO100;43.079;-63.8973;385056;49;11-mar-12;10:51:56;32.3677;5.403;4.80553;0.198376119402985;6.715;0.8005;6.816;NaN;NaN;NaN
NED2012002_100;MFD_SETNO100;43.079;-63.8973;385057;24;11-mar-12;10:51:56;31.1056;2.9598;6.69709;1.33912611940298;3.4395;0.5375;2.803;NaN;NaN;NaN
NED2012002_100;MFD_SETNO100;43.079;-63.8973;385058;5;11-mar-12;10:51:56;31.0002;2.6804;6.74727;1.21614514925373;3.7175;0.55;2.9455;NaN;NaN;6.998
NED2012002_101;MFD_SETNO101;42.8158;-63.7563;385059;213;11-mar-12;13:41:27;35.1441;9.2225;3.06212;0.0256264925373134;12.3795;1.439;21.8125;35.1552314758301;NaN;3.652
NED2012002_101;MFD_SETNO101;42.8158;-63.7563;385060;51;11-mar-12;13:41:27;33.4509;8.5766;5.67016;1.06583507462687;1.811;0.3845;2.8385;NaN;NaN;NaN
NED2012002_101;MFD_SETNO101;42.8158;-63.7563;385061;25;11-mar-12;13:41:27;32.2704;5.7144;6.27071;1.80372089552239;2.132;0.4445;2.204;NaN;NaN;NaN
NED2012002_101;MFD_SETNO101;42.8158;-63.7563;385062;5;11-mar-12;13:41:27;31.0796;3.1844;6.7328;0.901860447761194;4.325;0.53;2.7215;NaN;NaN;6.8905
NED2012002_102;MFD_SETNO102;42.8603;-64.1335;385063;107;11-mar-12;16:16:42;34.667;9.9744;3.6333;0.0871300746268657;9.706;1.074;14.753;34.6795425415039;NaN;4.4265
NED2012002_102;MFD_SETNO102;42.8603;-64.1335;385064;50;11-mar-12;16:16:42;33.4917;8.4861;5.57856;0.819873134328358;2.5085;0.44;3.6885;NaN;NaN;NaN
NED2012002_102;MFD_SETNO102;42.8603;-64.1335;385065;25;11-mar-12;16:16:42;32.5047;5.8783;5.5714;0.683227611940299;4.8105;0.6295;5.065;NaN;NaN;NaN
NED2012002_102;MFD_SETNO102;42.8603;-64.1335;385066;5;11-mar-12;16:16:42;31.3287;3.7195;6.69602;1.09316417910448;5.3085;0.5055;2.671;NaN;NaN;7.0055
NED2012002_103;MFD_SETNO103;42.7287;-64.3462;385067;123;11-mar-12;20:10:47;34.7234;9.4176;3.19938;0.0230638432835821;12.3985;1.3125;17.751;34.7233963012695;NaN;4.071
NED2012002_103;MFD_SETNO103;42.7287;-64.3462;385068;49;11-mar-12;20:10:47;32.6032;6.0927;5.58448;0.66456;4.922;0.6525;5.403;NaN;NaN;NaN
NED2012002_103;MFD_SETNO103;42.7287;-64.3462;385069;24;11-mar-12;20:10:47;31.6047;4.3051;6.55449;1.22980970149254;3.016;0.487;2.531;NaN;NaN;NaN
NED2012002_103;MFD_SETNO103;42.7287;-64.3462;385070;5;11-mar-12;20:10:47;31.1564;3.5322;6.71802;1.05217052238806;3.5035;0.5135;2.687;NaN;NaN;7.2
NED2012002_104;MFD_SETNO104;42.6465;-64.6772;385071;116;11-mar-12;22:40:24;34.235;8.7032;3.63785;0.0217825186567164;12.531;1.158;14.6515;34.2433204650879;NaN;4.318
NED2012002_104;MFD_SETNO104;42.6465;-64.6772;385072;50;11-mar-12;22:40:24;32.0427;4.9213;6.01726;1.07949962686567;3.5585;0.5445;3.5425;NaN;NaN;NaN
NED2012002_104;MFD_SETNO104;42.6465;-64.6772;385073;24;11-mar-12;22:40:24;31.4197;3.9133;6.60533;1.96769552238806;2.937;0.489;2.2875;NaN;NaN;NaN
NED2012002_104;MFD_SETNO104;42.6465;-64.6772;385074;6;11-mar-12;22:40:24;31.3629;3.8184;6.6584;1.79005634328358;3.026;0.499;2.159;NaN;NaN;7.096
NED2012002_105;MFD_SETNO105;42.9525;-64.7082;385075;86;12-mar-12;01:10:33;32.7044;5.8585;4.80397;0.120444514925373;8.6365;0.9095;9.117;32.7158660888672;NaN;5.364
NED2012002_105;MFD_SETNO105;42.9525;-64.7082;385076;50;12-mar-12;01:10:33;31.719;4.2559;6.29334;0.806208582089552;3.426;0.552;3.213;NaN;NaN;NaN
NED2012002_105;MFD_SETNO105;42.9525;-64.7082;385077;26;12-mar-12;01:10:33;31.1534;3.3162;6.68964;1.05217052238806;3.7255;0.539;2.7855;NaN;NaN;NaN
NED2012002_105;MFD_SETNO105;42.9525;-64.7082;385078;5;12-mar-12;01:10:33;30.9552;2.9955;6.78715;1.33912611940299;3.597;0.5505;2.7655;NaN;NaN;7.255
NED2012002_106;MFD_SETNO106;42.9502;-64.9095;385079;84;12-mar-12;03:10:57;32.5119;5.5151;5.01897;0.130695111940299;6.934;0.809;7.351;32.5217742919922;0.15;5.571
NED2012002_106;MFD_SETNO106;42.9502;-64.9095;385080;50;12-mar-12;03:10:57;31.8624;4.4794;6.14471;1.03850597014925;3.3215;0.5335;3.202;NaN;0.2145;NaN
NED2012002_106;MFD_SETNO106;42.9502;-64.9095;385081;24;12-mar-12;03:10:57;31.1727;3.4245;6.6691;1.3801197761194;3.222;0.5325;2.605;NaN;0.166;NaN
NED2012002_106;MFD_SETNO106;42.9502;-64.9095;385082;5;12-mar-12;03:10:57;31.0365;3.1991;6.75368;1.73539813432836;3.0975;0.5045;2.359;NaN;0.161;6.826
NED2012002_107;MFD_SETNO107;42.8962;-65.2185;385083;161;12-mar-12;05:47:39;33.2003;6.3277;4.131;0.0384397388059702;11.193;1.1775;12.0195;33.2126808166504;0.0815;4.8885
NED2012002_107;MFD_SETNO107;42.8962;-65.2185;385084;50;12-mar-12;05:47:39;31.1013;3.252;6.61512;0.98384776119403;3.0475;0.518;2.7135;NaN;0.2165;NaN
NED2012002_107;MFD_SETNO107;42.8962;-65.2185;385085;25;12-mar-12;05:47:39;31.0906;3.2696;6.65851;1.12049328358209;3.0725;0.5285;2.643;NaN;0.1475;NaN
NED2012002_107;MFD_SETNO107;42.8962;-65.2185;385086;5;12-mar-12;05:47:39;31.0897;3.2638;6.65378;0.942854104477612;2.7635;0.4575;2.4235;NaN;0.1655;7.186
NED2012002_108;MFD_SETNO108;42.734;-65.5608;385087;96;12-mar-12;09:41:06;32.078;5.1096;5.81841;0.724221268656716;5.175;0.6965;6.1465;32.0887260437012;0.2105;6.4285
NED2012002_108;MFD_SETNO108;42.734;-65.5608;385088;50;12-mar-12;09:41:06;31.9792;4.906;5.88705;0.683227611940299;5.3365;0.678;6.096;NaN;0.265;NaN
NED2012002_108;MFD_SETNO108;42.734;-65.5608;385089;26;12-mar-12;09:41:06;31.2181;3.5364;6.61428;1.42111343283582;3.383;0.519;2.7915;NaN;0.1685;NaN
NED2012002_108;MFD_SETNO108;42.734;-65.5608;385090;5;12-mar-12;09:41:06;31.2126;3.5211;6.62434;1.44844253731343;3.316;0.5415;2.7595;NaN;0.159;6.826
NED2012002_109;MFD_SETNO109;42.6877;-65.4293;385091;93;12-mar-12;11:17:20;32.1631;5.1544;5.5319;0.466183880597015;6.6885;0.8015;7.0955;32.1733283996582;0.1845;6.199
NED2012002_109;MFD_SETNO109;42.6877;-65.4293;385092;50;12-mar-12;11:17:20;31.8156;4.6206;5.81158;0.649681791044776;5.672;0.7265;6.427;NaN;0.2275;NaN
NED2012002_109;MFD_SETNO109;42.6877;-65.4293;385093;25;12-mar-12;11:17:20;31.1112;3.3203;6.64376;1.17515149253731;3.006;0.475;2.476;NaN;0.1395;NaN
NED2012002_109;MFD_SETNO109;42.6877;-65.4293;385094;4;12-mar-12;11:17:20;31.1106;3.3204;6.63864;1.05217052238806;2.9975;0.4775;2.5795;NaN;0.137;6.6165
NED2012002_110;MFD_SETNO110;42.5933;-65.1282;385095;105;12-mar-12;13:38:34;33.5701;7.4371;4.15733;0.0794421268656716;10.6265;1.1045;12.3415;33.5798149108887;0.109;4.8415
NED2012002_110;MFD_SETNO110;42.5933;-65.1282;385096;49;12-mar-12;13:38:34;31.3235;3.656;6.40003;0.806208582089552;4.3905;0.6265;4.0665;NaN;0.1835;NaN
NED2012002_110;MFD_SETNO110;42.5933;-65.1282;385097;25;12-mar-12;13:38:34;31.172;3.4285;6.6299;1.22980970149254;3.411;0.5275;2.9135;NaN;0.168;NaN
NED2012002_110;MFD_SETNO110;42.5933;-65.1282;385098;5;12-mar-12;13:38:34;31.1713;3.4557;6.62662;1.1478223880597;3.445;0.524;2.8515;NaN;0.1765;7.1215
NED2012002_111;MFD_SETNO111;42.4682;-64.9893;385099;123;12-mar-12;16:13:52;34.622;9.784;3.59723;0.0435650373134329;9.968;1.1265;15.971;34.6308937072754;0.1435;4.3725
NED2012002_111;MFD_SETNO111;42.4682;-64.9893;385100;51;12-mar-12;16:13:52;33.5167;8.4592;4.73985;0.426508656716418;6.6425;0.7915;8.5075;NaN;0.211;NaN
NED2012002_111;MFD_SETNO111;42.4682;-64.9893;385101;26;12-mar-12;16:13:52;32.3632;5.1636;5.18312;1.02484141791045;6.161;0.747;6.3545;NaN;0.175;NaN
NED2012002_111;MFD_SETNO111;42.4682;-64.9893;385102;6;12-mar-12;16:13:52;31.2893;3.8111;6.68181;1.5987526119403;3.124;0.512;2.2565;NaN;0.2045;6.8565
NED2012002_112;MFD_SETNO112;42.397;-64.9;385103;240;12-mar-12;18:04:54;35.0638;9.7847;3.18034;0.0256264925373135;10.9935;1.388;20.2085;35.0829925537109;0.1315;4.059
NED2012002_112;MFD_SETNO112;42.397;-64.9;385104;50;12-mar-12;18:04:54;32.797;6.9695;5.5974;0.758788656716418;4.096;0.662;5.637;NaN;0.236;NaN
NED2012002_112;MFD_SETNO112;42.397;-64.9;385105;25;12-mar-12;18:04:54;31.8354;4.727;6.38884;2.26895305970149;3.482;0.565;3.0795;NaN;0.1925;NaN
NED2012002_112;MFD_SETNO112;42.397;-64.9;385106;4;12-mar-12;18:04:54;31.3713;4.0529;6.73165;0.699275820895523;2.6315;0.459;1.705;NaN;0.173;7.091
NED2012002_113;MFD_SETNO113;42.3368;-65.2613;385107;120;12-mar-12;20:47:04;34.9551;10.4689;3.5163;0.0679102052238806;8.4025;1.152;16.399;34.9569854736328;0.094;4.1835
NED2012002_113;MFD_SETNO113;42.3368;-65.2613;385108;50;12-mar-12;20:47:04;32.8509;7.0929;5.30696;0.833537686567164;5.1725;0.8775;6.123;NaN;0.192;NaN
NED2012002_113;MFD_SETNO113;42.3368;-65.2613;385109;26;12-mar-12;20:47:04;31.6962;4.4833;6.54996;2.76055955597015;2.6825;0.4785;1.922;NaN;0.1635;NaN
NED2012002_113;MFD_SETNO113;42.3368;-65.2613;385110;6;12-mar-12;20:47:04;31.3209;4.1227;6.72684;1.91303731343284;2.723;0.4905;1.743;NaN;0.155;7.0375
NED2012002_114;MFD_SETNO114;42.2763;-65.8877;385111;229;13-mar-12;00:17:27;35.0739;8.1887;3.49321;0.0256264925373134;12.241;1.4515;21.1505;35.0842170715332;0.0865;4.093
NED2012002_114;MFD_SETNO114;42.2763;-65.8877;385112;51;13-mar-12;00:17:27;33.4184;8.4672;5.34016;2.02235373134328;2.8295;0.547;4.3395;NaN;0.1945;NaN
NED2012002_114;MFD_SETNO114;42.2763;-65.8877;385113;26;13-mar-12;00:17:27;32.6878;6.8282;5.95707;2.68492778731343;2.5715;0.499;3.149;NaN;0.1845;NaN
NED2012002_114;MFD_SETNO114;42.2763;-65.8877;385114;5;13-mar-12;00:17:27;32.1434;5.8206;6.42588;2.9874548619403;2.502;0.455;1.91;NaN;0.148;6.7495
NED2012002_115;MFD_SETNO115;42.4323;-65.8023;385115;110;13-mar-12;02:54:08;34.7671;9.884;3.63952;0.148633656716418;10.3685;1.188;16.5785;34.7708854675293;0.109;4.174
NED2012002_115;MFD_SETNO115;42.4323;-65.8023;385116;50;13-mar-12;02:54:08;32.9933;6.7847;5.08419;1.05217052238806;6.2695;0.824;8.0345;NaN;0.1635;NaN
NED2012002_115;MFD_SETNO115;42.4323;-65.8023;385117;25;13-mar-12;02:54:08;32.0973;5.1942;5.89918;1.6124171641791;4.63;0.66;5.0935;NaN;0.2;NaN
NED2012002_115;MFD_SETNO115;42.4323;-65.8023;385118;6;13-mar-12;02:54:08;31.6659;4.4272;6.26627;0.683227611940298;3.731;0.553;2.906;NaN;0.2065;6.731
NED2012002_116;MFD_SETNO116;42.5177;-65.6588;385119;91;13-mar-12;04:47:32;33.2257;7.1806;4.77142;0.580250149253731;7.793;0.9205;10.1585;NaN;0.173;5.154
NED2012002_116;MFD_SETNO116;42.5177;-65.6588;385120;50;13-mar-12;04:47:32;32.3151;5.4424;5.42844;1.44844253731343;5.3825;0.781;6.2085;NaN;0.1505;NaN
NED2012002_116;MFD_SETNO116;42.5177;-65.6588;385121;25;13-mar-12;04:47:32;31.4078;4.0873;6.70796;2.53366425;2.8695;0.498;2.129;NaN;0.1705;NaN
NED2012002_116;MFD_SETNO116;42.5177;-65.6588;385122;5;13-mar-12;04:47:32;31.3348;4.06;6.68294;2.57148013432836;2.8855;0.498;2.125;NaN;0.158;7.0245
NED2012002_117;MFD_SETNO117;42.5653;-65.8737;385123;85;13-mar-12;06:59:48;33.7496;8.1908;4.49653;0.573911194029851;7.0245;0.9325;10.597;33.7539520263672;0.1545;5.1175
NED2012002_117;MFD_SETNO117;42.5653;-65.8737;385124;50;13-mar-12;06:59:48;32.6402;6.1883;5.38575;1.18881604477612;5.278;0.7095;6.394;NaN;0.188;NaN
NED2012002_117;MFD_SETNO117;42.5653;-65.8737;385125;25;13-mar-12;06:59:48;31.7925;4.6537;6.23214;2.76055955597015;3.6645;0.576;3.298;NaN;0.174;NaN
NED2012002_117;MFD_SETNO117;42.5653;-65.8737;385126;5;13-mar-12;06:59:48;31.4397;4.2114;6.65665;2.79837544029851;2.9575;0.4965;2.03;NaN;0.197;7.064
NED2012002_118;MFD_SETNO118;42.4513;-65.8545;385127;119;13-mar-12;08:39:18;34.6288;9.7801;3.76867;0.228132537313433;7.7115;1.047;13.8315;34.6278381347656;0.118;4.315
NED2012002_118;MFD_SETNO118;42.4513;-65.8545;385128;50;13-mar-12;08:39:18;32.6568;6.6331;5.81759;2.0798736380597;3.402;0.518;4.443;NaN;0.1825;NaN
NED2012002_118;MFD_SETNO118;42.4513;-65.8545;385129;25;13-mar-12;08:39:18;31.7712;4.4998;5.97763;0.83818276119403;3.6075;0.581;3.946;NaN;0.1315;NaN
NED2012002_118;MFD_SETNO118;42.4513;-65.8545;385130;5;13-mar-12;08:39:18;31.3125;3.992;6.57836;1.42111343283582;2.644;0.435;2.1405;NaN;0.144;6.9155
NED2012002_119;MFD_SETNO119;42.597;-66.099;385131;71;13-mar-12;10:52:03;33.2195;7.1453;4.71989;0.436427462686567;7.114;0.8755;10.211;33.2302207946777;0.1655;5.291
NED2012002_119;MFD_SETNO119;42.597;-66.099;385132;50;13-mar-12;10:52:03;32.6897;6.184;5.08112;0.570331343283582;6.8565;0.826;8.9085;NaN;0.257;NaN
NED2012002_119;MFD_SETNO119;42.597;-66.099;385133;25;13-mar-12;10:52:03;31.5012;4.1853;6.58634;3.02527074626866;2.96;0.4615;2.595;NaN;0.1815;NaN
NED2012002_119;MFD_SETNO119;42.597;-66.099;385134;5;13-mar-12;10:52:03;31.3883;3.9692;6.65315;2.68492778731343;2.9975;0.5505;2.34;NaN;0.175;7.059
NED2012002_12;MFD_SETNO12;41.8928;-67.2628;384449;49;15-feb-12;05:28:54;32.8235;6.5262;6.87718;1.70806902985075;4.253;0.7805;7.875;32.8345756530762;0.183;6.4525
NED2012002_12;MFD_SETNO12;41.8928;-67.2628;384450;5;15-feb-12;05:28:54;32.86;6.5206;6.5535;1.58508805970149;4.459;0.8055;8.279;NaN;0.197;6.5115
NED2012002_120;MFD_SETNO120;42.72;-66.1067;385135;66;13-mar-12;12:29:00;32.0068;5.0651;6.1243;1.62608171641791;3.524;0.623;4.463;32.0171051025391;0.271;6.5665
NED2012002_120;MFD_SETNO120;42.72;-66.1067;385136;50;13-mar-12;12:29:00;32.0034;5.0586;6.12917;1.72173358208955;4.137;0.6315;5.13;NaN;0.317;NaN
NED2012002_120;MFD_SETNO120;42.72;-66.1067;385137;25;13-mar-12;12:29:00;31.9987;5.0487;6.13547;1.84471455223881;4.2465;0.4335;5.1955;NaN;0.2175;NaN
NED2012002_120;MFD_SETNO120;42.72;-66.1067;385138;6;13-mar-12;12:29:00;31.9917;5.044;6.15219;1.84471455223881;4.1745;0.6105;5.0355;NaN;0.2375;6.828
NED2012002_122;MFD_SETNO122;42.71;-66.2232;385139;62;13-mar-12;14:37:04;32.1822;5.3287;5.87053;1.10682873134328;4.823;0.674;6.158;32.188;0.211;6.5375
NED2012002_122;MFD_SETNO122;42.71;-66.2232;385140;50;13-mar-12;14:37:04;32.1755;5.3171;5.87633;1.35279067164179;4.8595;0.564;6.185;NaN;0.218;NaN
NED2012002_122;MFD_SETNO122;42.71;-66.2232;385141;26;13-mar-12;14:37:04;32.1021;5.2046;5.97809;1.43477798507463;4.5685;0.6235;5.575;NaN;0.2215;NaN
NED2012002_122;MFD_SETNO122;42.71;-66.2232;385142;5;13-mar-12;14:37:04;31.8143;4.8887;6.33565;2.26895305970149;3.754;0.5835;4.122;NaN;0.2185;7.0345
NED2012002_123;MFD_SETNO123;42.7758;-66.4532;385143;106;13-mar-12;16:38:37;33.6963;7.9824;4.53375;0.347158208955224;8.076;1.024;12.2595;33.697;0.1995;5.241
NED2012002_123;MFD_SETNO123;42.7758;-66.4532;385144;50;13-mar-12;16:38:37;32.5974;5.9779;5.46221;0.765214925373134;6.0395;0.7675;8.1905;NaN;0.213;NaN
NED2012002_123;MFD_SETNO123;42.7758;-66.4532;385145;26;13-mar-12;16:38:37;32.1869;5.2788;5.99528;1.39378432835821;4.8825;0.6675;5.952;NaN;0.2245;NaN
NED2012002_123;MFD_SETNO123;42.7758;-66.4532;385146;6;13-mar-12;16:38:37;31.6694;4.8155;6.5691;2.42021659701493;3.2125;0.506;2.845;NaN;0.1965;7.065
NED2012002_124;MFD_SETNO124;42.943;-66.7037;385147;201;13-mar-12;19:17:00;34.7172;9.0561;3.66005;0.0563782835820896;10.99;1.1925;17.3405;34.728;0.118;4.421
NED2012002_124;MFD_SETNO124;42.943;-66.7037;385148;51;13-mar-12;19:17:00;32.652;6.0356;5.83579;0.655898507462687;5.166;0.68;7.395;NaN;0.268;NaN
NED2012002_124;MFD_SETNO124;42.943;-66.7037;385149;26;13-mar-12;19:17:00;32.3223;5.5783;6.03329;0.806208582089552;4.2155;0.63;5.533;NaN;0.281;NaN
NED2012002_124;MFD_SETNO124;42.943;-66.7037;385150;5;13-mar-12;19:17:00;32.0837;5.4554;6.28941;1.27080335820895;4.3465;0.5795;4.4675;NaN;0.2215;6.917
NED2012002_125;MFD_SETNO125;42.8737;-66.9545;385151;197;13-mar-12;22:27:02;34.8175;8.663;3.61948;0.0333144402985075;11.4155;1.244;18.996;34.828;NaN;4.3515
NED2012002_125;MFD_SETNO125;42.8737;-66.9545;385152;51;13-mar-12;22:27:02;32.9129;6.3554;5.62701;0.560246641791045;7.5995;0.9505;10.775;NaN;0.246;NaN
NED2012002_125;MFD_SETNO125;42.8737;-66.9545;385153;25;13-mar-12;22:27:02;32.3966;5.6409;6.18156;1.24347425373134;4.8235;0.677;6.221;NaN;0.27;NaN
NED2012002_125;MFD_SETNO125;42.8737;-66.9545;385154;5;13-mar-12;22:27:02;32.3372;5.7749;6.31708;1.74906268656716;4.14;0.6345;4.7335;NaN;0.246;6.8575
NED2012002_126;MFD_SETNO126;42.7148;-66.8617;385155;167;14-mar-12;01:41:19;34.8144;8.6087;3.60563;0.0333144402985075;11.5935;1.275;19.1365;34.823;NaN;4.4615
NED2012002_126;MFD_SETNO126;42.7148;-66.8617;385156;50;14-mar-12;01:41:19;33.4196;7.3772;4.85729;0.456265074626866;8.776;0.9995;12.4585;NaN;NaN;NaN
NED2012002_126;MFD_SETNO126;42.7148;-66.8617;385157;26;14-mar-12;01:41:19;32.7601;6.0809;5.81411;1.10682873134328;5.78;0.7985;8.2115;NaN;0.297;NaN
NED2012002_126;MFD_SETNO126;42.7148;-66.8617;385158;5;14-mar-12;01:41:19;32.4462;5.8137;6.25984;1.09316417910448;4.0125;0.6045;5.714;NaN;NaN;6.757
NED2012002_127;MFD_SETNO127;42.5538;-66.6733;385159;234;14-mar-12;04:07:07;35.0425;8.738;3.49848;0.0205011940298508;9.826;1.1775;17.446;35.052;NaN;4.2955
NED2012002_127;MFD_SETNO127;42.5538;-66.6733;385160;51;14-mar-12;04:07:07;32.8595;6.1267;5.79018;1.02484141791045;5.113;0.7245;7.5815;NaN;NaN;NaN
NED2012002_127;MFD_SETNO127;42.5538;-66.6733;385161;26;14-mar-12;04:07:07;32.7039;5.9007;6.09739;0.929189552238806;3.4755;0.558;5.218;NaN;NaN;NaN
NED2012002_127;MFD_SETNO127;42.5538;-66.6733;385162;6;14-mar-12;04:07:07;32.4737;5.9594;6.20865;1.33912611940298;3.9465;0.6205;5.2785;NaN;NaN;6.7515
NED2012002_128;MFD_SETNO128;42.4278;-66.8778;385163;358;14-mar-12;06:32:17;35.0143;7.7949;3.69192;0.00896927238805969;12.124;1.234;20.4545;35.024;NaN;4.419
NED2012002_128;MFD_SETNO128;42.4278;-66.8778;385164;50;14-mar-12;06:32:17;32.7078;5.937;6.05758;1.09316417910448;5.513;0.756;8.2625;NaN;NaN;NaN
NED2012002_128;MFD_SETNO128;42.4278;-66.8778;385165;25;14-mar-12;06:32:17;32.5365;5.75;6.18784;1.33912611940298;4.185;0.6465;5.8825;NaN;NaN;NaN
NED2012002_128;MFD_SETNO128;42.4278;-66.8778;385166;4;14-mar-12;06:32:17;32.2241;5.6549;6.24659;1.46210708955224;3.97;0.5785;4.848;NaN;NaN;6.6765
NED2012002_129;MFD_SETNO129;42.3653;-67.2228;385167;323;14-mar-12;11:09:19;35.0151;7.9961;3.67119;0.737885820895522;11.3545;1.2925;18.9395;35.024;NaN;4.325
NED2012002_129;MFD_SETNO129;42.3653;-67.2228;385168;50;14-mar-12;11:09:19;32.8174;6.312;5.92083;0.0089692723880597;5.363;0.74;7.631;NaN;NaN;NaN
NED2012002_129;MFD_SETNO129;42.3653;-67.2228;385169;24;14-mar-12;11:09:19;32.682;6.1201;5.99445;0.737885820895522;4.3735;0.654;6.1685;NaN;NaN;NaN
NED2012002_129;MFD_SETNO129;42.3653;-67.2228;385170;6;14-mar-12;11:09:19;32.5899;5.9845;6.00777;0.901860447761194;4.2575;0.6435;5.784;NaN;NaN;6.4715
NED2012002_13;MFD_SETNO13;42.1043;-67.4982;384451;147;15-feb-12;08:10:08;33.1527;7.016;6.40521;0.450930223880597;8.4185;1.018;11.228;33.1176719665527;0.152;6.0185
NED2012002_13;MFD_SETNO13;42.1043;-67.4982;384452;4;15-feb-12;08:10:08;32.919;6.8619;6.58898;0.546582089552239;8.216;0.947;10.326;NaN;0.155;6.2675
NED2012002_130;MFD_SETNO130;42.6128;-67.4073;385171;260;14-mar-12;14:12:14;34.9922;8.1172;3.60488;0.00640662313432836;12.2335;1.3235;20.1575;35.001;NaN;4.257
NED2012002_130;MFD_SETNO130;42.6128;-67.4073;385172;51;14-mar-12;14:12:14;32.6795;5.8829;5.98306;0.532917537313433;4.566;0.702;6.619;NaN;NaN;NaN
NED2012002_130;MFD_SETNO130;42.6128;-67.4073;385173;25;14-mar-12;14:12:14;32.6218;6.0104;6.07755;0.737885820895522;4.352;0.6625;6.1185;NaN;NaN;NaN
NED2012002_130;MFD_SETNO130;42.6128;-67.4073;385174;6;14-mar-12;14:12:14;32.6138;6.0205;6.11222;1.02484141791045;5.258;0.699;7.1115;NaN;NaN;6.6305
NED2012002_131;MFD_SETNO131;43.0692;-67.5247;385175;214;14-mar-12;17:45:00;34.5943;8.638;3.64828;0.0217825186567164;11.934;1.211;18.1055;34.604;NaN;4.3575
NED2012002_131;MFD_SETNO131;43.0692;-67.5247;385176;51;14-mar-12;17:45:00;32.9747;6.2583;5.71676;0.500899701492537;6.6945;0.868;9.6235;NaN;NaN;NaN
NED2012002_131;MFD_SETNO131;43.0692;-67.5247;385177;23;14-mar-12;17:45:00;32.7198;6.0527;5.95518;0.669563059701493;5.1935;0.647;8.249;NaN;0.2915;NaN
NED2012002_131;MFD_SETNO131;43.0692;-67.5247;385178;5;14-mar-12;17:45:00;32.6725;5.9848;6.02914;0.806208582089552;5.0515;0.652;8.0175;NaN;0.2995;6.545
NED2012002_132;MFD_SETNO132;43.083;-67.3335;385179;184;14-mar-12;20:32:56;34.6826;8.6072;3.6407;0.0153758955223881;11.013;1.137;18.9605;34.692;0.1185;4.2995
NED2012002_132;MFD_SETNO132;43.083;-67.3335;385180;51;14-mar-12;20:32:56;32.8201;5.9788;5.8506;0.421549253731343;6.216;0.7455;10.0155;NaN;0.3415;NaN
NED2012002_132;MFD_SETNO132;43.083;-67.3335;385181;25;14-mar-12;20:32:56;32.6371;5.982;6.05352;0.929189552238806;4.9375;0.649;7.802;NaN;0.303;NaN
NED2012002_132;MFD_SETNO132;43.083;-67.3335;385182;5;14-mar-12;20:32:56;32.6358;5.9813;6.08414;0.997512313432836;4.8635;0.644;7.822;NaN;0.319;6.536
NED2012002_133;MFD_SETNO133;43.1735;-67.4582;385183;185;14-mar-12;22:56:32;34.6019;8.6386;3.6196;0.0102505970149254;10.9525;1.098;18.604;34.611;0.1115;4.226
NED2012002_133;MFD_SETNO133;43.1735;-67.4582;385184;51;14-mar-12;22:56:32;32.9809;6.2951;5.66065;0.416589850746269;6.218;0.736;10.1405;NaN;0.2775;NaN
NED2012002_133;MFD_SETNO133;43.1735;-67.4582;385185;26;14-mar-12;22:56:32;32.7679;6.099;5.88683;0.683227611940299;5.463;0.6815;8.9535;NaN;0.3175;NaN
NED2012002_133;MFD_SETNO133;43.1735;-67.4582;385186;6;14-mar-12;22:56:32;32.6666;6.0409;6.09185;1.05217052238806;4.7495;0.657;7.637;NaN;0.2905;6.4245
NED2012002_134;MFD_SETNO134;43.3398;-67.5278;385187;203;15-mar-12;02:15:06;34.1144;8.2333;3.7022;0.0102505970149254;12.5935;1.276;18.4365;34.124;0.118;4.2815
NED2012002_134;MFD_SETNO134;43.3398;-67.5278;385188;50;15-mar-12;02:15:06;33.0987;6.0272;5.93558;0.532917537313433;7.5915;0.8845;11.668;NaN;0.281;NaN
NED2012002_134;MFD_SETNO134;43.3398;-67.5278;385189;24;15-mar-12;02:15:06;32.9232;6.1168;5.96527;0.683227611940298;7.097;0.8585;11.008;NaN;0.2915;NaN
NED2012002_134;MFD_SETNO134;43.3398;-67.5278;385190;5;15-mar-12;02:15:06;32.8675;6.0913;NaN;0.874531343283582;5.384;0.748;8.6405;NaN;0.3415;6.424
NED2012002_135;MFD_SETNO135;43.909;-67.3492;385191;224;15-mar-12;07:22:31;34.3049;8.5306;3.40852;0.0153758955223881;11.927;1.255;16.918;34.314;0.1135;3.9935
NED2012002_135;MFD_SETNO135;43.909;-67.3492;385192;50;15-mar-12;07:22:31;32.8976;5.7631;5.92586;0.322361194029851;4.1795;0.7045;7.072;NaN;0.2745;NaN
NED2012002_135;MFD_SETNO135;43.909;-67.3492;385193;26;15-mar-12;07:22:31;32.8664;5.8042;5.95708;0.580250149253732;6.25;0.8365;9.8505;NaN;0.3435;NaN
NED2012002_135;MFD_SETNO135;43.909;-67.3492;385194;5;15-mar-12;07:22:31;32.8248;5.8768;5.96075;0.655898507462687;5.9705;0.8345;9.4435;NaN;0.3315;6.132
NED2012002_136;MFD_SETNO136;43.7275;-67.1022;385195;152;15-mar-12;10:43:14;33.7797;7.8382;4.28709;0.0563782835820895;8.8045;1.1175;13.4725;33.793;0.151;4.821
NED2012002_136;MFD_SETNO136;43.7275;-67.1022;385196;49;15-mar-12;10:43:14;32.9121;6.4532;5.51669;0.436427462686567;6.082;0.827;9.943;NaN;0.306;NaN
NED2012002_136;MFD_SETNO136;43.7275;-67.1022;385197;25;15-mar-12;10:43:14;32.7183;6.159;5.83647;0.724221268656716;4.79;0.7895;7.915;NaN;0.2775;NaN
NED2012002_136;MFD_SETNO136;43.7275;-67.1022;385198;5;15-mar-12;10:43:14;32.5739;5.9642;5.94521;0.724221268656716;4.694;0.706;7.6475;NaN;0.298;6.3325
NED2012002_137;MFD_SETNO137;43.2655;-65.1082;385199;162;15-mar-12;21:40:42;33.3947;6.5955;3.96752;0.0316212543554007;11.968;1.1535;14.1465;33.399;0.2245;4.5805
NED2012002_137;MFD_SETNO137;43.2655;-65.1082;385200;55;15-mar-12;21:40:42;31.3396;3.5185;6.16717;1.11596271428571;3.7035;0.602;4.563;NaN;0.2065;NaN
NED2012002_137;MFD_SETNO137;43.2655;-65.1082;385201;27;15-mar-12;21:40:42;30.9223;2.9256;6.75699;1.53087192857143;3.2105;0.476;3.6465;NaN;0.1995;NaN
NED2012002_137;MFD_SETNO137;43.2655;-65.1082;385202;5;15-mar-12;21:40:42;30.9199;2.9371;6.76338;1.63102242857143;3.259;0.515;3.736;NaN;0.2145;7.153
NED2012002_138;MFD_SETNO138;43.3882;-65.0448;385203;153;16-mar-12;00:07:43;33.0633;6.1965;4.34793;0.103014655923345;10.3635;0.92;12.3685;33.069;0.1625;5.0255
NED2012002_138;MFD_SETNO138;43.3882;-65.0448;385204;50;16-mar-12;00:07:43;31.2188;3.4075;6.43742;1.402107;2.9455;0.5045;3.8345;NaN;0.224;NaN
NED2012002_138;MFD_SETNO138;43.3882;-65.0448;385205;25;16-mar-12;00:07:43;30.8757;2.7387;6.80395;1.75978735714286;3.4865;0.5295;3.883;NaN;0.287;NaN
NED2012002_138;MFD_SETNO138;43.3882;-65.0448;385206;5;16-mar-12;00:07:43;30.8761;2.7421;6.7887;1.81701621428571;3.3075;0.516;3.7565;NaN;0.19;7.2715
NED2012002_139;MFD_SETNO139;43.4588;-64.764;385207;88;16-mar-12;03:21:37;32.4678;5.3341;4.95799;0.317285140243902;7.462;0.7815;8.8655;32.449;0.231;5.595
NED2012002_139;MFD_SETNO139;43.4588;-64.764;385208;50;16-mar-12;03:21:37;30.9873;2.9062;6.68172;1.47694459233449;3.806;0.5515;4.2975;NaN;0.2045;NaN
NED2012002_139;MFD_SETNO139;43.4588;-64.764;385209;26;16-mar-12;03:21:37;30.8219;2.3946;6.83855;1.18749878571429;3.465;0.53;3.8665;NaN;0.186;NaN
NED2012002_139;MFD_SETNO139;43.4588;-64.764;385210;5;16-mar-12;03:21:37;30.8175;2.3909;6.78821;1.3019565;3.877;0.5605;4.114;NaN;0.215;7.2375
NED2012002_140;MFD_SETNO140;43.4433;-64.5933;385211;76;16-mar-12;05:23:24;32.3663;5.1662;5.10405;0.210149898083624;5.7635;0.719;7.0315;32.371;0.1615;5.739
NED2012002_140;MFD_SETNO140;43.4433;-64.5933;385212;50;16-mar-12;05:23:24;31.8131;4.3542;6.17313;0.313164554006969;2.253;0.4655;3.456;NaN;0.231;NaN
NED2012002_140;MFD_SETNO140;43.4433;-64.5933;385213;26;16-mar-12;05:23:24;30.7293;2.0415;6.87761;0.929968928571428;4.3935;0.592;4.5955;NaN;0.1935;NaN
NED2012002_140;MFD_SETNO140;43.4433;-64.5933;385214;5;16-mar-12;05:23:24;30.658;1.8954;6.89649;0.915661714285714;3.956;0.5375;4.163;NaN;0.1765;6.5865
NED2012002_141;MFD_SETNO141;43.4203;-64.412;385215;159;16-mar-12;07:46:59;34.0123;7.7423;3.52675;0.0379455052264808;8.6555;1.012;11.0395;34.012;0.148;4.1065
NED2012002_141;MFD_SETNO141;43.4203;-64.412;385216;51;16-mar-12;07:46:59;30.7863;2.1852;6.78153;1.08734828571429;3.9765;0.574;4.026;NaN;0.455;NaN
NED2012002_141;MFD_SETNO141;43.4203;-64.412;385217;25;16-mar-12;07:46:59;30.7445;2.1115;NaN;1.15888435714286;2.7945;0.518;3.318;NaN;0.226;NaN
NED2012002_141;MFD_SETNO141;43.4203;-64.412;385218;5;16-mar-12;07:46:59;30.7441;2.1031;6.87583;1.14457714285714;4.267;0.5565;4.475;NaN;0.2175;7.1745
NED2012002_142;MFD_SETNO142;43.1737;-63.6197;385219;147;16-mar-12;12:27:21;34.8412;9.4689;2.705;0.0205538153310105;10.085;1.21;12.745;34.849;0.112;3.324
NED2012002_142;MFD_SETNO142;43.1737;-63.6197;385220;51;16-mar-12;12:27:21;32.5108;6.1488;5.89999;0.887047285714286;1.8415;0.4665;3.1635;NaN;0.253;NaN
NED2012002_142;MFD_SETNO142;43.1737;-63.6197;385221;25;16-mar-12;12:27:21;31.9818;4.9425;6.29694;2.3034615;1.739;0.425;2.5435;NaN;0.1785;NaN
NED2012002_142;MFD_SETNO142;43.1737;-63.6197;385222;6;16-mar-12;12:27:21;31.936;4.803;6.29335;2.36069035714286;1.847;0.4155;2.6165;NaN;0.179;6.72
NED2012002_143;MFD_SETNO143;42.5313;-61.4073;385223;1001;16-mar-12;22:20:44;34.9736;4.5428;4.98446;NaN;11.331;1.195;17.9385;34.983;0.092;5.8465
NED2012002_143;MFD_SETNO143;42.5313;-61.4073;385224;499;16-mar-12;22:20:44;35.0633;7.0588;3.52564;NaN;14.11;1.4565;22.2155;NaN;0.099;NaN
NED2012002_143;MFD_SETNO143;42.5313;-61.4073;385225;251;16-mar-12;22:20:44;35.5657;12.4042;2.99918;NaN;8.9865;1.2365;18.6765;35.546;0.103;3.8695
NED2012002_143;MFD_SETNO143;42.5313;-61.4073;385226;101;16-mar-12;22:20:44;34.3734;10.7931;5.17909;0.20602931184669;2.8575;0.4185;3.697;NaN;0.2655;NaN
NED2012002_143;MFD_SETNO143;42.5313;-61.4073;385227;81;16-mar-12;22:20:44;34.3382;10.7148;5.25399;0.987197785714286;2.166;0.3695;3.0295;NaN;0.4495;NaN
NED2012002_143;MFD_SETNO143;42.5313;-61.4073;385228;62;16-mar-12;22:20:44;34.3018;10.6169;5.28798;1.55948635714286;1.3515;0.375;2.839;NaN;0.3655;NaN
NED2012002_143;MFD_SETNO143;42.5313;-61.4073;385229;51;16-mar-12;22:20:44;34.2689;10.5532;5.37875;1.31626371428571;1.545;0.369;2.794;NaN;0.3665;NaN
NED2012002_143;MFD_SETNO143;42.5313;-61.4073;385230;41;16-mar-12;22:20:44;34.1697;10.4094;5.37739;3.2410728554007;3.1595;0.3215;1.6385;NaN;0.245;NaN
NED2012002_143;MFD_SETNO143;42.5313;-61.4073;385231;31;16-mar-12;22:20:44;33.8724;9.5981;5.61569;3.20004661672474;0.981;0.3175;1.588;NaN;0.2345;NaN
NED2012002_143;MFD_SETNO143;42.5313;-61.4073;385232;21;16-mar-12;22:20:44;33.8435;9.499;5.68423;3.32312533275261;0.998;0.3145;1.556;NaN;0.241;NaN
NED2012002_143;MFD_SETNO143;42.5313;-61.4073;385233;11;16-mar-12;22:20:44;33.8295;9.4387;5.67311;3.36415157142857;1.007;0.312;1.589;NaN;0.237;NaN
NED2012002_143;MFD_SETNO143;42.5313;-61.4073;385234;4;16-mar-12;22:20:44;33.8289;9.427;5.68952;3.28209909407666;1.024;0.3135;1.612;33.932;0.2385;6.2475
NED2012002_144;MFD_SETNO144;42.85;-61.7282;385235;1003;17-mar-12;04:40:03;34.945;4.3631;5.18515;NaN;9.6965;1.1075;15.2835;34.956;0.099;5.7665
NED2012002_144;MFD_SETNO144;42.85;-61.7282;385236;498;17-mar-12;04:40:03;34.9989;5.9127;4.10437;NaN;12.758;1.338;20.0525;NaN;0.103;NaN
NED2012002_144;MFD_SETNO144;42.85;-61.7282;385237;251;17-mar-12;04:40:03;35.3174;10.7778;2.85306;NaN;10.8905;1.364;21.1685;35.37;0.1205;3.7735
NED2012002_144;MFD_SETNO144;42.85;-61.7282;385238;101;17-mar-12;04:40:03;35.3182;13.7871;4.12634;0.189546966898955;3.394;0.56;6.776;NaN;0.189;NaN
NED2012002_144;MFD_SETNO144;42.85;-61.7282;385239;80;17-mar-12;04:40:03;34.6397;11.7655;4.88996;0.271958691637631;2.279;0.4565;4.425;NaN;0.3295;NaN
NED2012002_144;MFD_SETNO144;42.85;-61.7282;385240;59;17-mar-12;04:40:03;34.549;11.4935;5.00508;0.449143899825784;2.019;0.43;3.79;NaN;0.4795;NaN
NED2012002_144;MFD_SETNO144;42.85;-61.7282;385241;50;17-mar-12;04:40:03;34.3505;10.9794;5.17222;NaN;1.2205;0.345;2.408;NaN;0.3595;NaN
NED2012002_144;MFD_SETNO144;42.85;-61.7282;385242;39;17-mar-12;04:40:03;34.1872;10.521;5.30663;2.78978422996516;0.599;0.2835;1.16;NaN;0.216;NaN
NED2012002_144;MFD_SETNO144;42.85;-61.7282;385243;30;17-mar-12;04:40:03;33.936;9.7954;5.67352;2.66670551393728;0.6085;0.277;1.1025;NaN;0.2145;NaN
NED2012002_144;MFD_SETNO144;42.85;-61.7282;385244;20;17-mar-12;04:40:03;33.9151;9.731;5.7064;2.78978422996516;0.748;0.508;1.0905;NaN;0.2135;NaN
NED2012002_144;MFD_SETNO144;42.85;-61.7282;385245;10;17-mar-12;04:40:03;33.9117;9.7619;5.68527;2.58465303658537;5.9185;0.582;1.0235;NaN;0.195;NaN
NED2012002_144;MFD_SETNO144;42.85;-61.7282;385246;3;17-mar-12;04:40:03;33.8847;9.6755;5.66847;2.2564431271777;0.508;0.258;1.0115;33.857;0.198;6.1715
NED2012002_145;MFD_SETNO145;43.1803;-62.1057;384501;100;17-mar-12;13:52:15;35.0335;11.8498;3.59584;0.0865323109756097;7.453;0.9275;13.4415;35.048;0.207;4.293
NED2012002_145;MFD_SETNO145;43.1803;-62.1057;384502;83;17-mar-12;13:52:15;34.7249;11.4764;3.75599;0.144220518292683;6.1885;0.7645;10.468;NaN;0.206;NaN
NED2012002_145;MFD_SETNO145;43.1803;-62.1057;384503;60;17-mar-12;13:52:15;34.2598;10.9178;4.57904;0.214270484320557;4.226;0.632;7.252;NaN;0.203;NaN
NED2012002_145;MFD_SETNO145;43.1803;-62.1057;384504;50;17-mar-12;13:52:15;33.9617;10.0823;4.97625;0.214270484320558;4.058;0.6165;6.3865;NaN;0.252;NaN
NED2012002_145;MFD_SETNO145;43.1803;-62.1057;384505;41;17-mar-12;13:52:15;33.7526;9.5044;4.92427;0.370852761324042;3.489;0.5655;5.41;NaN;0.341;NaN
NED2012002_145;MFD_SETNO145;43.1803;-62.1057;384506;29;17-mar-12;13:52:15;32.7695;6.5603;5.85043;1.43591835365854;2.4145;0.502;3.202;NaN;0.283;NaN
NED2012002_145;MFD_SETNO145;43.1803;-62.1057;384507;20;17-mar-12;13:52:15;32.4573;5.5985;6.37891;4.80006992508711;1.2635;0.455;1.315;NaN;0.164;NaN
NED2012002_145;MFD_SETNO145;43.1803;-62.1057;384508;10;17-mar-12;13:52:15;32.3014;5.1882;6.65133;6.11290956271777;0.6955;0.4075;0.388;NaN;0.104;NaN
NED2012002_145;MFD_SETNO145;43.1803;-62.1057;384509;2;17-mar-12;13:52:15;32.3061;5.202;6.66761;5.82572589198606;0.694;0.391;0.354;32.33;0.099;7.228
NED2012002_146;MFD_SETNO146;43.4765;-62.4477;384510;83;17-mar-12;17:17:15;33.7576;9.3805;4.40111;0.400602;7.4185;0.8325;8.793;33.77;0.2145;5.1175
NED2012002_146;MFD_SETNO146;43.4765;-62.4477;384511;60;17-mar-12;17:17:15;33.2916;8.1894;4.82829;0.314758714285714;5.9335;0.769;7.192;NaN;0.2865;NaN
NED2012002_146;MFD_SETNO146;43.4765;-62.4477;384512;50;17-mar-12;17:17:15;32.5256;6.2233;5.75569;0.486445285714286;3.5125;0.6015;3.9295;NaN;0.2345;NaN
NED2012002_146;MFD_SETNO146;43.4765;-62.4477;384513;40;17-mar-12;17:17:15;32.0883;4.9624;6.38913;1.98870278571429;2.217;0.501;2.0935;NaN;0.202;NaN
NED2012002_146;MFD_SETNO146;43.4765;-62.4477;384514;31;17-mar-12;17:17:15;32.02;4.7731;6.46144;3.7333877195122;1.389;0.4215;1.0025;NaN;0.148;NaN
NED2012002_146;MFD_SETNO146;43.4765;-62.4477;384515;20;17-mar-12;17:17:15;31.9365;4.5827;6.62024;3.48723028745645;1.1275;0.374;0.629;NaN;0.1395;NaN
NED2012002_146;MFD_SETNO146;43.4765;-62.4477;384516;10;17-mar-12;17:17:15;31.9297;4.6996;6.57711;4.55391249303136;1.1735;0.384;0.604;NaN;0.133;NaN
NED2012002_146;MFD_SETNO146;43.4765;-62.4477;384517;3;17-mar-12;17:17:15;31.9302;4.702;6.57487;3.7333877195122;1.226;0.395;0.606;31.949;0.141;7.009
NED2012002_147;MFD_SETNO147;43.8798;-62.8865;384518;267;17-mar-12;22:10:19;35.0777;9.8327;2.8179;NaN;14.3465;1.421;20.435;35.084;0.1255;3.5445
NED2012002_147;MFD_SETNO147;43.8798;-62.8865;384519;200;17-mar-12;22:10:19;34.9205;9.7512;2.93511;NaN;14.069;1.3495;18.601;NaN;0.104;NaN
NED2012002_147;MFD_SETNO147;43.8798;-62.8865;384520;100;17-mar-12;22:10:19;34.2632;8.5869;3.51752;0.044269756097561;11.23;1.195;14.957;NaN;0.104;NaN
NED2012002_147;MFD_SETNO147;43.8798;-62.8865;384521;80;17-mar-12;22:10:19;33.7632;7.4441;3.97058;0.0600803832752613;10.471;1.1315;13.3255;NaN;0.104;NaN
NED2012002_147;MFD_SETNO147;43.8798;-62.8865;384522;60;17-mar-12;22:10:19;33.1504;7.0517;4.55366;0.203055697735192;8.346;0.936;9.886;NaN;0.1365;NaN
NED2012002_147;MFD_SETNO147;43.8798;-62.8865;384523;50;17-mar-12;22:10:19;32.4212;5.809;5.67446;0.226632243031359;4.8435;0.665;5.4315;NaN;0.2935;NaN
NED2012002_147;MFD_SETNO147;43.8798;-62.8865;384524;40;17-mar-12;22:10:19;32.068;5.1121;6.09617;0.440902727351916;3.0495;0.5275;2.6085;NaN;0.254;NaN
NED2012002_147;MFD_SETNO147;43.8798;-62.8865;384525;31;17-mar-12;22:10:19;31.8153;4.5438;6.31194;0.515073279616725;2.721;0.4955;2.344;NaN;0.2295;NaN
NED2012002_147;MFD_SETNO147;43.8798;-62.8865;384526;19;17-mar-12;22:10:19;31.6845;4.313;6.38851;0.686746285714286;2.925;0.518;2.4035;NaN;0.2225;NaN
NED2012002_147;MFD_SETNO147;43.8798;-62.8865;384527;10;17-mar-12;22:10:19;31.6392;4.3184;6.48423;1.07304107142857;3.8855;0.5125;2.245;NaN;0.206;NaN
NED2012002_147;MFD_SETNO147;43.8798;-62.8865;384528;3;17-mar-12;22:10:19;31.6395;4.3172;6.4997;0.915661714285714;2.9895;0.5035;2.2165;31.656;0.202;6.9525
NED2012002_148;MFD_SETNO148;44.2688;-63.3208;384529;172;18-mar-12;05:32:48;34.035;7.9165;3.51156;NaN;14.1675;1.1515;15.2035;34.037;0.1235;4.202
NED2012002_148;MFD_SETNO148;44.2688;-63.3208;384530;101;18-mar-12;05:32:48;32.8752;5.5617;4.55459;0.0679856968641115;11.136;1.005;10.625;NaN;0.1045;NaN
NED2012002_148;MFD_SETNO148;44.2688;-63.3208;384531;80;18-mar-12;05:32:48;32.5188;5.1439;5.00609;0.132809268292683;9.204;0.894;8.618;NaN;0.116;NaN
NED2012002_148;MFD_SETNO148;44.2688;-63.3208;384532;60;18-mar-12;05:32:48;32.0892;5.0896;5.92817;0.357680357142857;3.303;0.5585;3.155;NaN;0.276;NaN
NED2012002_148;MFD_SETNO148;44.2688;-63.3208;384533;50;18-mar-12;05:32:48;31.9623;4.8579;5.97361;0.529366928571429;3.4515;0.5865;3.5535;NaN;0.2665;NaN
NED2012002_148;MFD_SETNO148;44.2688;-63.3208;384534;40;18-mar-12;05:32:48;31.7232;4.1717;6.19308;1.07304107142857;3.4295;0.5455;2.9155;31.65;0.212;6.7095
NED2012002_148;MFD_SETNO148;44.2688;-63.3208;384535;31;18-mar-12;05:32:48;31.4802;3.4748;6.52293;2.1031605;2.6985;0.46;1.8785;NaN;0.1915;NaN
NED2012002_148;MFD_SETNO148;44.2688;-63.3208;384536;21;18-mar-12;05:32:48;31.3302;3.2382;6.74661;1.87424507142857;3.4245;0.4615;2.1855;NaN;0.196;NaN
NED2012002_148;MFD_SETNO148;44.2688;-63.3208;384537;10;18-mar-12;05:32:48;31.2279;3.1724;6.78298;3.2410728554007;3.0425;0.4565;2.0315;NaN;0.1685;NaN
NED2012002_148;MFD_SETNO148;44.2688;-63.3208;384538;3;18-mar-12;05:32:48;31.0474;2.7798;6.88429;1.68207578571429;3.6685;0.5005;2.296;31.062;0.188;7.379
NED2012002_149;MFD_SETNO149;44.401;-63.4523;384539;95;18-mar-12;08:39:00;31.1238;2.5968;6.59019;1.17319157142857;4.5955;0.5705;3.249;31.039;0.1805;7.234
NED2012002_149;MFD_SETNO149;44.401;-63.4523;384540;60;18-mar-12;08:39:00;30.6797;1.4525;6.94042;0.569775710801394;5.6235;0.628;3.987;NaN;0.1855;NaN
NED2012002_149;MFD_SETNO149;44.401;-63.4523;384541;50;18-mar-12;08:39:00;30.6415;1.3826;6.98205;0.643824642857143;6.0805;0.6415;3.9915;NaN;0.182;NaN
NED2012002_149;MFD_SETNO149;44.401;-63.4523;384542;40;18-mar-12;08:39:00;30.6109;1.3853;6.96106;0.572288571428571;5.804;0.637;4.0245;NaN;0.185;NaN
NED2012002_149;MFD_SETNO149;44.401;-63.4523;384543;30;18-mar-12;08:39:00;30.5841;1.509;6.96021;0.586595785714286;5.813;0.623;3.986;NaN;0.209;NaN
NED2012002_149;MFD_SETNO149;44.401;-63.4523;384544;20;18-mar-12;08:39:00;30.5826;1.5112;6.97992;0.643824642857143;5.837;0.5985;3.9435;NaN;0.1815;NaN
NED2012002_149;MFD_SETNO149;44.401;-63.4523;384545;10;18-mar-12;08:39:00;30.5812;1.5446;6.95754;0.615210214285714;6.915;0.643;3.9945;NaN;0.2205;NaN
NED2012002_149;MFD_SETNO149;44.401;-63.4523;384546;4;18-mar-12;08:39:00;30.5654;1.6459;6.9805;0.715360714285714;5.8265;0.6495;3.875;30.582;0.1975;7.616
NED2012002_15;MFD_SETNO15;41.8112;-67.6858;384453;34;15-feb-12;11:36:04;32.7033;6.6456;6.95053;3.32779782089552;2.9985;0.6875;6.163;32.7155647277832;0.209;6.5325
NED2012002_15;MFD_SETNO15;41.8112;-67.6858;384454;5;15-feb-12;11:36:04;32.702;6.6441;6.95427;2.45803248134328;3.742;0.677;6.166;NaN;0.1885;6.5595
NED2012002_16;MFD_SETNO16;41.9597;-67.986;384455;175;15-feb-12;15:06:09;34.4613;8.5638;4.15223;0.148782089552239;13.723;1.293;17.102;34.4638175964355;0.1125;3.9485
NED2012002_16;MFD_SETNO16;41.9597;-67.986;384456;5;15-feb-12;15:06:09;32.8643;6.7523;6.63072;0.71055671641791;7.604;0.9235;10.375;NaN;0.1595;6.257
NED2012002_21;MFD_SETNO21;41.1328;-67.7357;384457;44;16-feb-12;04:55:42;32.5378;6.286;7.32415;4.80261730970149;0.5115;0.4235;1.639;32.5501289367676;0.151;6.9085
NED2012002_21;MFD_SETNO21;41.1328;-67.7357;384458;6;16-feb-12;04:55:42;32.5373;6.2841;7.31833;3.51687724253731;1.6445;0.33;1.48;NaN;0.154;6.969
NED2012002_24;MFD_SETNO24;40.7822;-67.9377;384459;70;16-feb-12;12:54:15;32.534;7.2849;6.90426;3.32779782089552;1.413;0.5665;4.6205;32.546703338623;0.201;6.495
NED2012002_24;MFD_SETNO24;40.7822;-67.9377;384460;5;16-feb-12;12:54:15;32.5319;7.2771;6.88848;2.23113717537314;1.561;0.5405;4.152;NaN;0.2175;6.562
NED2012002_26;MFD_SETNO26;40.4947;-68.0332;384461;120;16-feb-12;16:14:36;34.624;12.0672;5.3324;0.437265671641791;5.8825;0.6915;9.1495;34.4581642150879;0.1905;5.2045
NED2012002_26;MFD_SETNO26;40.4947;-68.0332;384462;5;16-feb-12;16:14:36;32.4352;6.698;7.17799;1.84471455223881;3.1515;0.5885;4.918;NaN;0.2055;6.617
NED2012002_29;MFD_SETNO29;40.6938;-67.1283;384463;103;17-feb-12;00:41:55;34.0207;10.4579;5.90397;0.426508656716418;5.7905;0.771;8.775;33.9705848693848;0.1805;5.697
NED2012002_29;MFD_SETNO29;40.6938;-67.1283;384464;6;17-feb-12;00:41:55;32.2488;6.5181;7.08718;1.1341578358209;3.672;0.5455;4.5245;NaN;0.211;6.503
NED2012002_3;MFD_SETNO3;42.1772;-65.9458;384441;222;11-feb-12;22:30:52;35.0395;8.9763;4.19965;0.0166572201492537;10.8455;1.33;18.6825;35.0484046936035;0.083;4.5415
NED2012002_3;MFD_SETNO3;42.1772;-65.9458;384442;6;11-feb-12;22:30:52;31.8984;5.5751;7.03906;1.58826714179105;5.2235;0.6655;5.0215;NaN;0.183;6.7295
NED2012002_30;MFD_SETNO30;40.8478;-67.332;384465;87;17-feb-12;03:38:04;32.6334;7.1629;6.84896;1.74906268656716;1.7185;0.5675;5.2475;32.6516914367676;0.164;6.2295
NED2012002_30;MFD_SETNO30;40.8478;-67.332;384466;6;17-feb-12;03:38:04;32.5641;7.1829;7.14114;1.06583507462687;0.963;0.437;3.669;NaN;0.1545;6.633
NED2012002_32;MFD_SETNO32;40.8948;-67.0192;384467;88;17-feb-12;05:56:36;32.8717;7.1649;6.60922;0.751550373134328;4.961;0.766;8.258;32.8686790466309;0.216;6.266
NED2012002_32;MFD_SETNO32;40.8948;-67.0192;384468;6;17-feb-12;05:56:36;32.5612;6.7851;7.03774;1.94036641791045;2.165;0.7035;5.9855;NaN;0.2195;6.629
NED2012002_35;MFD_SETNO35;41.1043;-66.6755;384469;78;17-feb-12;12:41:58;32.8241;6.9193;6.70026;1.07949962686567;4.731;0.81;8.7225;32.8350868225098;0.2455;6.338
NED2012002_35;MFD_SETNO35;41.1043;-66.6755;384470;5;17-feb-12;12:41:58;32.7474;6.6962;6.85237;0.901860447761194;4.2995;0.787;8.198;NaN;0.2445;6.522
NED2012002_37;MFD_SETNO37;41.2775;-66.7425;384471;75;17-feb-12;15:28:04;32.6818;6.6949;7.08666;2.64711190298507;1.122;0.6695;6.3645;32.6952819824219;0.2575;6.584
NED2012002_37;MFD_SETNO37;41.2775;-66.7425;384472;5;17-feb-12;15:28:04;32.5189;6.9318;7.1314;1.70171479477612;0.8975;0.542;4.3145;NaN;0.192;6.758
NED2012002_38;MFD_SETNO38;41.4905;-66.8535;384473;67;17-feb-12;17:43:22;32.667;6.6;7.21827;2.30676894402985;0.725;0.562;5.615;34.4143867492676;0.234;6.7745
NED2012002_38;MFD_SETNO38;41.4905;-66.8535;384474;6;17-feb-12;17:43:22;32.6637;6.6038;7.22568;2.15550540671642;0.723;0.5555;5.5855;NaN;0.2295;6.917
NED2012002_41;MFD_SETNO41;41.6935;-66.968;384475;61;18-feb-12;00:11:59;32.7719;6.5759;7.16313;3.02527074626866;2.134;0.767;7.247;32.7884254455566;0.244;6.7475
NED2012002_41;MFD_SETNO41;41.6935;-66.968;384476;5;18-feb-12;00:11:59;32.7711;6.5713;7.15469;1.58826714179105;2.345;0.637;6.8755;NaN;0.2245;6.861
NED2012002_44;MFD_SETNO44;41.8255;-66.787;384477;59;18-feb-12;05:02:44;32.8155;6.5779;7.09841;2.49584836567164;2.6585;0.7085;7.6895;32.8273887634277;0.2215;6.9195
NED2012002_44;MFD_SETNO44;41.8255;-66.787;384478;5;18-feb-12;05:02:44;32.8131;6.5661;7.07845;1.43477798507463;2.527;0.691;7.754;NaN;0.236;6.9205
NED2012002_45;MFD_SETNO45;41.9625;-66.764;384479;65;18-feb-12;06:54:46;32.9447;6.7732;6.77349;0.915525;6.8185;0.9055;10.006;32.97;0.23;6.6245
NED2012002_45;MFD_SETNO45;41.9625;-66.764;384480;6;18-feb-12;06:54:46;32.9436;6.7578;6.7745;0.874531343283582;6.814;0.8945;10.0345;NaN;0.197;6.653
NED2012002_47;MFD_SETNO47;44.2715;-63.3253;384481;204;19-feb-12;04:57:00;34.115;7.8383;4.17926;0.0615035820895522;13.608;1.196;15.2405;34.126;0;4.2115
NED2012002_47;MFD_SETNO47;44.2715;-63.3253;384482;99;19-feb-12;04:57:00;32.8217;5.2407;5.62654;0.0666288805970149;11.6565;0.9475;10.363;NaN;0;NaN
NED2012002_47;MFD_SETNO47;44.2715;-63.3253;384483;75;19-feb-12;04:57:00;31.9139;4.4793;6.78396;0.223173134328358;7.3545;0.7285;7.0485;NaN;0;NaN
NED2012002_47;MFD_SETNO47;44.2715;-63.3253;384484;51;19-feb-12;04:57:00;31.3114;3.8542;7.86564;1.03850597014925;2.266;0.5085;2.217;NaN;0.0265;NaN
NED2012002_47;MFD_SETNO47;44.2715;-63.3253;384485;40;19-feb-12;04:57:00;30.7511;2.3303;7.90987;0.669563059701493;4.4445;0.544;3.6065;30.7796573638916;0.034;7.3825
NED2012002_47;MFD_SETNO47;44.2715;-63.3253;384486;31;19-feb-12;04:57:00;30.5652;1.8132;8.00717;0.642233955223881;5.2485;0.608;3.917;NaN;0.0385;NaN
NED2012002_47;MFD_SETNO47;44.2715;-63.3253;384487;20;19-feb-12;04:57:00;30.4362;1.681;7.93903;0.560246641791045;5.114;0.618;3.8345;NaN;0.0385;NaN
NED2012002_47;MFD_SETNO47;44.2715;-63.3253;384488;11;19-feb-12;04:57:00;30.429;1.6818;7.93799;0.546582089552239;5.531;0.609;3.777;NaN;0.0405;NaN
NED2012002_47;MFD_SETNO47;44.2715;-63.3253;384489;6;19-feb-12;04:57:00;30.4285;1.6786;7.9317;0.573911194029851;5.117;0.5945;3.7855;NaN;0.0405;NaN
NED2012002_47;MFD_SETNO47;44.2715;-63.3253;384490;3;19-feb-12;04:57:00;30.4283;1.6791;7.9436;0.491923880597015;4.7315;0.589;3.4855;30.4436721801758;0.0325;7.598
NED2012002_49;MFD_SETNO49;41.8717;-65.8853;384491;111;29-feb-12;16:00:14;33.8367;8.0298;4.61434;0.109106865671642;9.912;1.0895;14.0725;33.8407897949219;0.19;5.3925
NED2012002_49;MFD_SETNO49;41.8717;-65.8853;384492;5;29-feb-12;16:00:14;32.2362;5.6527;6.12358;1.47481948880597;4.368;0.667;4.9525;NaN;0.175;NaN
NED2012002_52;MFD_SETNO52;41.7607;-65.9837;384493;102;29-feb-12;20:12:09;33.3636;7.1302;5.29245;0.300620149253731;8.2435;0.98;11.958;33.3729286193848;0.242;5.8105
NED2012002_52;MFD_SETNO52;41.7607;-65.9837;384494;5;29-feb-12;20:12:09;32.2967;5.6659;6.13626;1.73539813432836;4.938;0.697;5.0715;NaN;0.19;6.6765
NED2012002_54;MFD_SETNO54;41.6693;-66.1782;384495;94;29-feb-12;22:45:31;32.883;6.4303;5.84857;0.655898507462687;6.5425;0.841;9.019;32.897632598877;0.2405;6.38
NED2012002_54;MFD_SETNO54;41.6693;-66.1782;384496;6;29-feb-12;22:45:31;32.6541;6.0977;6.08493;1.74906268656716;5.7235;0.739;7.169;NaN;0.2165;6.591
NED2012002_6;MFD_SETNO6;42.2098;-66.6497;384443;219;14-feb-12;14:30:26;34.9749;8.3276;4.19835;0.0230638432835821;11.1735;1.355;18.3775;34.9853706359863;0.088;4.228
NED2012002_6;MFD_SETNO6;42.2098;-66.6497;384444;6;14-feb-12;14:30:26;32.7489;6.1432;6.81354;1.25713880597015;7.192;0.813;7.9885;NaN;0.186;6.562
NED2012002_62;MFD_SETNO62;41.8067;-66.3292;384497;76;02-mar-12;19:09:53;32.9443;6.4755;5.79009;0.710556716417911;7.389;0.909;9.8055;32.957389831543;0.2415;6.338
NED2012002_62;MFD_SETNO62;41.8067;-66.3292;384498;4;02-mar-12;19:09:53;32.5993;6.0017;6.05135;1.79005634328358;5.6985;0.71;7.0135;NaN;0.219;6.6405
NED2012002_65;MFD_SETNO65;41.6668;-66.69;384499;66;02-mar-12;23:43:53;32.8572;6.2354;6.0738;1.79005634328358;5.1765;0.758;8.3735;32.8682136535645;0.294;6.63
NED2012002_65;MFD_SETNO65;41.6668;-66.69;384500;5;02-mar-12;23:43:53;32.8579;6.2149;6.07357;1.32546156716418;5.093;0.7485;8.3735;NaN;0.318;6.67
NED2012002_72;MFD_SETNO72;41.395;-66.434;385001;92;03-mar-12;09:33:32;32.9821;6.6485;5.68009;0.601240298507463;7.453;0.9275;13.4415;32.9922828674316;0.207;6.2495
NED2012002_72;MFD_SETNO72;41.395;-66.434;385002;6;03-mar-12;09:33:32;32.5385;6.0072;6.07879;2.19999291044776;6.1885;0.7645;10.468;NaN;0.206;6.5885
NED2012002_73;MFD_SETNO73;41.3148;-66.3188;385003;97;03-mar-12;10:52:08;33.2948;7.0948;5.31465;0.272767164179105;4.226;0.632;7.252;33.3082580566406;0.203;5.8795
NED2012002_73;MFD_SETNO73;41.3148;-66.3188;385004;5;03-mar-12;10:52:08;32.0956;5.2777;6.24464;2.54160671641791;4.058;0.6165;6.3865;NaN;0.252;6.793
NED2012002_8;MFD_SETNO8;42.2643;-67.0988;384445;257;14-feb-12;18:58:25;35.0061;8.1242;4.18948;0.0102505970149254;12.0225;1.3425;19.678;35.0172309875488;0.081;4.303
NED2012002_8;MFD_SETNO8;42.2643;-67.0988;384446;6;14-feb-12;18:58:25;32.9204;6.7287;6.65506;0.464594776119403;7.147;0.8155;9.4775;NaN;0.1595;6.335
NED2012002_81;MFD_SETNO81;41.6317;-66.2947;385005;82;04-mar-12;00:08:44;33.0736;6.7368;5.57756;0.505588432835821;3.489;0.5655;5.41;33.0980339050293;0.341;6.256
NED2012002_81;MFD_SETNO81;41.6317;-66.2947;385006;5;04-mar-12;00:08:44;32.553;6.0397;6.03787;2.03601828358209;2.4145;0.502;3.202;NaN;0.283;6.709
NED2012002_82;MFD_SETNO82;41.502;-66.1847;385007;96;04-mar-12;02:14:47;33.7759;8.1455;4.54632;0.0644722388059702;1.2635;0.455;1.315;33.7780647277832;0.164;5.198
NED2012002_82;MFD_SETNO82;41.502;-66.1847;385008;4;04-mar-12;02:14:47;32.0793;5.4035;6.2578;2.2819802238806;0.6955;0.4075;0.388;NaN;0.104;6.8825
NED2012002_9;MFD_SETNO9;42.1138;-67.0385;384447;61;14-feb-12;21:55:46;32.9357;6.735;6.6813;0.64223395522388;6.9405;0.927;9.9585;32.9521942138672;0.169;6.4235
NED2012002_9;MFD_SETNO9;42.1138;-67.0385;384448;4;14-feb-12;21:55:46;32.9295;6.7139;6.68302;0.655898507462687;6.313;0.8895;8.727;NaN;0.1615;6.503
NED2012002_90;MFD_SETNO90;44.2728;-63.3243;385009;172;05-mar-12;08:12:38;33.9898;7.7332;3.6085;0.0545534328358209;14.0825;1.2725;14.7195;33.9851570129395;0.005;4.1795
NED2012002_90;MFD_SETNO90;44.2728;-63.3243;385010;100;05-mar-12;08:12:38;32.8695;5.6169;4.5882;0.0495940298507463;11.364;1.064;10.5345;NaN;0.008;NaN
NED2012002_90;MFD_SETNO90;44.2728;-63.3243;385011;75;05-mar-12;08:12:38;31.87;4.3418;5.67958;0.20333552238806;13.1545;0.7435;5.7965;NaN;0.058;NaN
NED2012002_90;MFD_SETNO90;44.2728;-63.3243;385012;50;05-mar-12;08:12:38;30.9756;2.4241;6.4921;0.238051343283582;5.455;0.6445;4.521;NaN;0.0305;NaN
NED2012002_90;MFD_SETNO90;44.2728;-63.3243;385013;41;05-mar-12;08:12:38;30.757;1.4817;6.78383;0.272767164179105;6.4575;0.727;5.3065;33.3082580566406;0.0445;7.134
NED2012002_90;MFD_SETNO90;44.2728;-63.3243;385014;31;05-mar-12;08:12:38;30.5076;0.85;6.97491;0.26780776119403;5.93;0.6555;4.6425;NaN;0.0405;NaN
NED2012002_90;MFD_SETNO90;44.2728;-63.3243;385015;21;05-mar-12;08:12:38;30.417;0.582;7.08077;0.357077014925373;6.8955;0.7275;5.2625;NaN;0.058;NaN
NED2012002_90;MFD_SETNO90;44.2728;-63.3243;385016;11;05-mar-12;08:12:38;30.3886;0.5466;7.09752;0.464594776119403;6.946;0.725;5.2665;NaN;0.0615;NaN
NED2012002_90;MFD_SETNO90;44.2728;-63.3243;385017;6;05-mar-12;08:12:38;30.3811;0.5542;7.10595;0.437265671641791;6.847;0.708;5.113;NaN;0.0605;NaN
NED2012002_90;MFD_SETNO90;44.2728;-63.3243;385018;2;05-mar-12;08:12:38;30.3805;0.5551;7.11004;0.450930223880597;NaN;NaN;NaN;30.3969116210938;NaN;7.374
NED2012002_91;MFD_SETNO91;43.9905;-63.4147;385019;193;08-mar-12;02:46:39;34.8364;9.4794;2.72421;0.0115319216417911;15.7345;1.3165;19.3185;34.8389015197754;NaN;3.3685
NED2012002_91;MFD_SETNO91;43.9905;-63.4147;385020;50;08-mar-12;02:46:39;31.557;3.6545;6.51783;0.888195895522388;2.983;0.436;2.6625;NaN;NaN;NaN
NED2012002_91;MFD_SETNO91;43.9905;-63.4147;385021;25;08-mar-12;02:46:39;31.5577;3.6557;NaN;0.929189552238806;2.9555;0.441;2.562;NaN;NaN;NaN
NED2012002_91;MFD_SETNO91;43.9905;-63.4147;385022;7;08-mar-12;02:46:39;31.5567;3.6614;6.50699;0.942854104477612;2.929;0.439;2.56;NaN;NaN;6.942
NED2012002_92;MFD_SETNO92;43.5515;-63.8203;385023;229;08-mar-12;09:47:41;34.9205;9.6451;2.3332;0.0140945708955224;18.975;1.5165;20.1995;34.9309387207031;NaN;3.152
NED2012002_92;MFD_SETNO92;43.5515;-63.8203;385024;50;08-mar-12;09:47:41;32.2121;5.6995;5.46192;0.262848358208955;2.4975;0.4855;3.0045;NaN;NaN;NaN
NED2012002_92;MFD_SETNO92;43.5515;-63.8203;385025;24;08-mar-12;09:47:41;31.0754;2.6809;6.72145;0.888195895522388;2.9645;0.4935;2.2885;NaN;NaN;NaN
NED2012002_92;MFD_SETNO92;43.5515;-63.8203;385026;6;08-mar-12;09:47:41;30.9494;2.4261;6.7775;0.915525;2.822;0.3915;2.1965;NaN;NaN;7.2405
NED2012002_93;MFD_SETNO93;43.9553;-63.9173;385027;168;10-mar-12;17:48:54;34.6788;9.1395;3.04538;0.00640662313432836;13.8695;1.295;17.639;34.6988182067871;NaN;3.7425
NED2012002_93;MFD_SETNO93;43.9553;-63.9173;385028;51;10-mar-12;17:48:54;31.3344;3.3144;6.13173;0.546582089552239;5.8095;0.689;5.046;NaN;NaN;NaN
NED2012002_93;MFD_SETNO93;43.9553;-63.9173;385029;25;10-mar-12;17:48:54;30.6536;1.5001;6.9601;1.63974626865672;6.3285;0.6445;4.4945;NaN;NaN;NaN
NED2012002_93;MFD_SETNO93;43.9553;-63.9173;385030;5;10-mar-12;17:48:54;30.6488;1.5574;6.95984;0.614904850746269;5.763;0.6515;4.4415;NaN;NaN;7.1995
NED2012002_94;MFD_SETNO94;43.7303;-64.3042;385031;173;10-mar-12;21:00:01;34.8394;9.4546;2.77416;0.0102505970149254;15.82;1.419;18.6875;34.847900390625;NaN;3.368
NED2012002_94;MFD_SETNO94;43.7303;-64.3042;385032;50;10-mar-12;21:00:01;31.5329;3.7228;6.38024;0.495940298507463;3.259;0.5245;3.032;NaN;NaN;NaN
NED2012002_94;MFD_SETNO94;43.7303;-64.3042;385033;25;10-mar-12;21:00:01;30.7021;1.7918;6.93966;0.628569402985075;5.2235;0.622;4.069;NaN;NaN;NaN
NED2012002_94;MFD_SETNO94;43.7303;-64.3042;385034;5;10-mar-12;21:00:01;30.6677;1.8513;NaN;0.655898507462687;5.567;0.6255;4.211;NaN;NaN;7.0335
NED2012002_95;MFD_SETNO95;43.7387;-64.1693;385035;190;10-mar-12;23:21:23;34.8759;9.5269;2.65342;0.0128132462686567;16.683;1.4625;19.137;34.8654251098633;NaN;3.269
NED2012002_95;MFD_SETNO95;43.7387;-64.1693;385036;49;10-mar-12;23:21:23;31.1461;2.7257;6.63676;0.60008776119403;4.223;0.581;3.6595;NaN;NaN;NaN
NED2012002_95;MFD_SETNO95;43.7387;-64.1693;385037;25;10-mar-12;23:21:23;30.6685;1.601;6.89843;0.515777910447761;5.803;0.657;4.6175;NaN;NaN;NaN
NED2012002_95;MFD_SETNO95;43.7387;-64.1693;385038;5;10-mar-12;23:21:23;30.6507;1.6668;6.94392;0.639762985074627;5.7975;0.657;4.573;NaN;NaN;7.031
NED2012002_96;MFD_SETNO96;43.4623;-63.9205;385039;137;11-mar-12;02:19:16;33.9159;7.4489;3.63171;0.0140945708955224;13.1275;1.2185;14.627;33.8905334472656;NaN;4.2395
NED2012002_96;MFD_SETNO96;43.4623;-63.9205;385040;50;11-mar-12;02:19:16;31.7765;4.2563;5.90134;0.371955223880597;3.984;0.576;4.0095;NaN;NaN;NaN
NED2012002_96;MFD_SETNO96;43.4623;-63.9205;385041;25;11-mar-12;02:19:16;30.999;2.5659;6.82191;0.84720223880597;4.4005;0.567;3.4175;NaN;NaN;NaN
NED2012002_96;MFD_SETNO96;43.4623;-63.9205;385042;5;11-mar-12;02:19:16;30.9772;2.5969;6.84544;0.98384776119403;5.021;0.575;3.3945;NaN;NaN;7.0355
NED2012002_97;MFD_SETNO97;43.2393;-64.0332;385043;90;11-mar-12;04:41:53;32.7677;5.8199;4.75988;0.0653475559701493;9.331;0.9755;9.493;32.7752418518066;NaN;5.2665
NED2012002_97;MFD_SETNO97;43.2393;-64.0332;385044;50;11-mar-12;04:41:53;31.8952;4.6388;5.70883;0.33228;4.6355;0.663;4.725;NaN;NaN;NaN
NED2012002_97;MFD_SETNO97;43.2393;-64.0332;385045;25;11-mar-12;04:41:53;30.8403;2.4702;6.77674;0.860866791044776;4.231;0.583;3.4825;NaN;NaN;NaN
NED2012002_97;MFD_SETNO97;43.2393;-64.0332;385046;5;11-mar-12;04:41:53;30.8403;2.4669;6.7983;0.860866791044776;4.008;0.5575;3.2635;NaN;NaN;6.5795
NED2012002_98;MFD_SETNO98;43.1175;-64.0912;385047;87;11-mar-12;06:21:53;32.4755;5.4788;5.05277;0.0922553731343284;8.0775;0.8805;8.1755;32.4856414794922;NaN;5.66
NED2012002_98;MFD_SETNO98;43.1175;-64.0912;385048;51;11-mar-12;06:21:53;31.5906;3.9228;6.29078;0.669563059701493;2.8505;0.5135;2.7525;NaN;NaN;NaN
NED2012002_98;MFD_SETNO98;43.1175;-64.0912;385049;24;11-mar-12;06:21:53;30.9284;2.6369;6.76355;1.10682873134328;3.949;0.5915;3.0375;NaN;NaN;NaN
NED2012002_98;MFD_SETNO98;43.1175;-64.0912;385050;6;11-mar-12;06:21:53;30.9062;2.664;6.81536;1.22980970149254;3.733;0.5295;2.9185;NaN;NaN;7.158
NED2012002_99;MFD_SETNO99;43.09;-64.2098;385051;82;11-mar-12;08:01:02;32.3049;5.2357;5.25552;0.148782089552239;7.288;0.834;7.351;32.3146018981934;NaN;5.839
NED2012002_99;MFD_SETNO99;43.09;-64.2098;385052;50;11-mar-12;08:01:02;31.0338;3.056;6.64153;0.47114328358209;4.86;0.6635;4.862;NaN;NaN;NaN
NED2012002_99;MFD_SETNO99;43.09;-64.2098;385053;25;11-mar-12;08:01:02;30.9563;2.9053;6.69363;0.970183208955224;3.206;0.49;2.714;NaN;NaN;NaN
NED2012002_99;MFD_SETNO99;43.09;-64.2098;385054;5;11-mar-12;08:01:02;30.9187;2.9069;6.62137;0.997512313432836;3.0345;0.48;2.4865;NaN;NaN;7.1145
