CTD;CTD;CTD;CTD;CTD;CTD;CTD;CTD;CTD;CTD;CTD;labo;labo;labo;labo;labo;labo;labo
Fichier;Station;Latitude;Longitude;Echantillon;zbouteille;Date;Heure;PSAL;TEMP_XX;DOXY;CHL_01;Si_01;PO4_01;NOx_01;PSAL_BS;NO2_01;OXY_03
(nom);(nom/no);(degres);(degres);(no_unique);(dbar);(jj-mmm-yyyy);(GMT);(psu);(celsius);(ml/l);(mg/m**3);(mmol/m**3);(mmol/m**3);(mmol/m**3);(PSU);(mmol/m**3);(ml/l)
NED2010001_0;MFD_SETNO0;44.2643;-63.3193;336771;157;23-feb-10;17:52:02;33.3584;5.8904;4.83606;0.0139006398496241;13.155;1.1605;11.651;33.353084564209;0.142;4.7185
NED2010001_0;MFD_SETNO0;44.2643;-63.3193;336772;100;23-feb-10;17:52:02;32.3696;3.2839;6.04196;0.058382687368421;8.5215;0.9615;7.113;NaN;0.1155;NaN
NED2010001_0;MFD_SETNO0;44.2643;-63.3193;336773;75;23-feb-10;17:52:02;31.7463;2.0209;7.04232;0.0774285716165413;6.739;0.8475;5.3665;NaN;0.119;NaN
NED2010001_0;MFD_SETNO0;44.2643;-63.3193;336774;51;23-feb-10;17:52:02;31.113;0.5258;7.70917;0.477138989830827;6.5715;0.715;4.3265;NaN;0.1705;NaN
NED2010001_0;MFD_SETNO0;44.2643;-63.3193;336775;39;23-feb-10;17:52:02;30.9996;0.2699;7.80231;0.20217753806391;6.8595;0.7615;4.561;31.0043258666992;0.173;7.448
NED2010001_0;MFD_SETNO0;44.2643;-63.3193;336776;28;23-feb-10;17:52:02;30.8857;-0.0726;7.90342;0.258787248721805;7.315;0.8225;4.84;NaN;0.198;NaN
NED2010001_0;MFD_SETNO0;44.2643;-63.3193;336777;20;23-feb-10;17:52:02;30.8589;0.0713;7.90303;0.598445512669173;7.416;0.783;4.4745;NaN;0.1965;NaN
NED2010001_0;MFD_SETNO0;44.2643;-63.3193;336778;10;23-feb-10;17:52:02;30.8565;0.0843;NaN;0.574184208101504;7.724;0.8225;4.6795;NaN;0.2055;NaN
NED2010001_0;MFD_SETNO0;44.2643;-63.3193;336779;6;23-feb-10;17:52:02;30.8562;0.0909;7.87919;0.574184208101504;7.196;0.76;4.302;NaN;0.2005;NaN
NED2010001_0;MFD_SETNO0;44.2643;-63.3193;336780;3;23-feb-10;17:52:02;30.8562;0.091;7.87066;0.566097106578947;7.739;0.821;4.7325;30.8513698577881;0.205;8.049
NED2010001_1;MFD_SETNO1;42.2568;-66.0787;336781;257;27-feb-10;02:08:42;35.0503;8.801;4.08305;0;11.6525;1.1555;19.0335;35.0403633117676;0.1305;4.175
NED2010001_1;MFD_SETNO1;42.2568;-66.0787;336782;5;27-feb-10;02:08:42;32.1209;3.9183;7.09671;0.621641779661017;5.481;0.662;5.9205;NaN;0.2365;7.1885
NED2010001_10;MFD_SETNO10;42.114;-66.9248;336793;62;27-feb-10;22:27:54;32.9316;5.6321;6.43281;0.261940301694915;8.398;0.9115;10.028;32.9264488220215;0.185;6.5135
NED2010001_10;MFD_SETNO10;42.114;-66.9248;336794;5;27-feb-10;22:27:54;32.8017;5.316;6.71409;0.491138065677966;7.602;0.8895;9.04;NaN;0.1935;6.846
NED2010001_13;MFD_SETNO13;42.1048;-67.5823;336795;171;28-feb-10;05:55:08;33.1622;6.083;6.03985;0.17462686779661;10.491;1.043;11.4635;33.1496353149414;0.1895;6.0795
NED2010001_13;MFD_SETNO13;42.1048;-67.5823;336796;6;28-feb-10;05:55:08;32.952;5.7509;6.61093;0.392910452542373;8.8625;0.9745;10.0975;NaN;0.1865;6.6235
NED2010001_16;MFD_SETNO16;41.8972;-67.2505;336797;52;28-feb-10;12:35:55;32.66;4.755;6.96641;0.994626847457627;6.3325;0.805;7.9685;32.6574401855469;0.227;6.945
NED2010001_16;MFD_SETNO16;41.8972;-67.2505;336798;5;28-feb-10;12:35:55;32.6623;4.7474;6.93636;0.907596998305085;6.3545;0.7865;7.958;NaN;0.3005;6.9895
NED2010001_18;MFD_SETNO18;41.5743;-67.031;336799;56;28-feb-10;17:49:07;32.6895;4.7856;6.95123;0.857865655932203;6.021;0.826;7.8825;32.6860084533691;0.2385;7.086
NED2010001_18;MFD_SETNO18;41.5743;-67.031;336800;5;28-feb-10;17:49:07;32.6901;4.7819;6.966;0.832999984745763;6.059;0.8525;7.864;NaN;0.2215;7.116
NED2010001_2;MFD_SETNO2;42.1438;-66.0342;336783;215;27-feb-10;04:48:47;34.9803;9.004;4.13475;0.00782084237288136;11.594;1.195;18.6285;34.9706115722656;0.125;4.262
NED2010001_2;MFD_SETNO2;42.1438;-66.0342;336784;5;27-feb-10;04:48:47;32.5707;4.8675;6.82975;0.596776108474576;6.4085;0.746;7.393;NaN;0.2;6.932
NED2010001_23;MFD_SETNO23;41.5567;-66.283;336801;83;01-mar-10;05:26:35;32.9614;5.8632;6.12533;0.160074628813559;8.447;0.975;10.199;32.952693939209;0.204;6.313
NED2010001_23;MFD_SETNO23;41.5567;-66.283;336802;5;01-mar-10;05:26:35;31.9667;3.8732;7.13082;0.895164162711864;5.3035;0.705;5.647;NaN;0.208;7.332
NED2010001_26;MFD_SETNO26;41.6457;-65.8512;336803;184;01-mar-10;13:08:27;35.5074;11.7398;3.99162;0.0560493703389831;8.547;1.106;16.853;35.4981880187988;0.1515;4.232
NED2010001_26;MFD_SETNO26;41.6457;-65.8512;336804;5;01-mar-10;13:08:27;32.4691;4.924;6.77021;0.671373122033898;6.679;0.7805;7.7765;NaN;0.2085;7.0445
NED2010001_27;MFD_SETNO27;41.8163;-65.769;336805;142;01-mar-10;16:16:29;33.8802;7.926;5.12414;0.0727611949152542;10.269;1.061;13.3175;33.879508972168;0.137;5.3415
NED2010001_27;MFD_SETNO27;41.8163;-65.769;336806;143;01-mar-10;16:16:29;33.8875;7.9378;5.12001;0.0836753741525424;10.276;1.056;13.487;NaN;0.1425;NaN
NED2010001_27;MFD_SETNO27;41.8163;-65.769;336807;5;01-mar-10;16:16:29;32.478;4.9789;6.7947;0.895164162711864;6.52;0.786;7.6605;NaN;0.1815;7.0155
NED2010001_29;MFD_SETNO29;40.9757;-66.5945;336808;93;02-mar-10;12:52:46;34.9711;11.4522;5.24205;0.232835823728814;5.0345;0.695;8.579;34.9650459289551;0.2;5.2945
NED2010001_29;MFD_SETNO29;40.9757;-66.5945;336809;5;02-mar-10;12:52:46;33.4456;7.3116;6.07652;0.38927239279661;6.793;0.8555;9.032;NaN;0.2235;6.118
NED2010001_3;MFD_SETNO3;42.0707;-66.3157;336785;84;27-feb-10;07:23:42;33.1875;6.3245;5.82135;0.138246270338983;9.9565;1.027;11.8085;33.1941108703613;0.18;5.963
NED2010001_3;MFD_SETNO3;42.0707;-66.3157;336786;5;27-feb-10;07:23:42;32.714;5.2094;6.61682;0.374720153813559;7.336;0.8035;8.63;NaN;0.2145;6.7255
NED2010001_31;MFD_SETNO31;41.3057;-66.8305;336810;71;02-mar-10;18:54:18;32.3729;4.4358;6.96581;0.609208944067797;5.9605;0.8255;7.2695;32.3789863586426;0.251;7.017
NED2010001_31;MFD_SETNO31;41.3057;-66.8305;336811;5;02-mar-10;18:54:18;32.3766;4.4653;6.962;0.596776108474576;5.9115;0.8235;7.2105;NaN;0.263;6.978
NED2010001_34;MFD_SETNO34;41.379;-67.2995;336812;42;03-mar-10;00:14:43;32.6681;4.7853;6.94813;1.05679102542373;5.596;0.806;7.334;32.6660919189453;0.1965;7.049
NED2010001_34;MFD_SETNO34;41.379;-67.2995;336813;5;03-mar-10;00:14:43;32.6728;4.7785;6.92112;1.06922386101695;5.8305;0.8175;7.5895;NaN;0.2025;7.059
NED2010001_35;MFD_SETNO35;41.3932;-67.65;336814;36;03-mar-10;02:34:06;32.7918;4.8127;6.97954;1.3427462440678;4.46;0.7575;6.8685;32.7900199890137;0.189;7.024
NED2010001_35;MFD_SETNO35;41.3932;-67.65;336815;6;03-mar-10;02:34:06;32.7923;4.8031;6.96269;1.42977609322034;4.84;0.786;7.5175;NaN;0.166;7.044
NED2010001_38;MFD_SETNO38;41.0828;-67.7733;336816;50;03-mar-10;07:10:58;32.7906;4.7646;6.97382;1.64113429830508;4.1955;0.733;7.1805;32.7892303466797;0.2465;6.956
NED2010001_38;MFD_SETNO38;41.0828;-67.7733;336817;5;03-mar-10;07:10:58;32.7937;4.7511;6.93663;1.39247758644068;4.4145;0.791;7.6695;NaN;0.1895;7.013
NED2010001_39;MFD_SETNO39;40.855;-67.2178;336818;87;03-mar-10;10:56:02;32.5266;4.8954;6.8014;0.621641779661017;6.2385;0.82;7.524;32.523120880127;0.2905;6.7805
NED2010001_39;MFD_SETNO39;40.855;-67.2178;336819;4;03-mar-10;10:56:02;32.4656;4.7226;6.35949;0.72110446440678;6.0535;0.8115;7.3255;NaN;0.258;6.878
NED2010001_40;MFD_SETNO40;40.7193;-67.5563;336820;82;03-mar-10;13:18:29;32.6432;5.2217;6.70362;0.571910437288136;6.361;1.69;7.7285;32.6416893005371;0.212;6.7855
NED2010001_40;MFD_SETNO40;40.7193;-67.5563;336821;5;03-mar-10;13:18:29;32.5968;5.0764;6.73355;0.584343272881356;6.3055;0.8155;7.5555;NaN;0.2295;6.846
NED2010001_45;MFD_SETNO45;41.7522;-68.7083;336822;167;06-mar-10;05:30:20;33.047;5.9208;5.79708;0.105503732627119;11.501;1.081;11.948;33.0409393310547;0.154;5.7565
NED2010001_45;MFD_SETNO45;41.7522;-68.7083;336823;7;06-mar-10;05:30:20;32.7892;5.1678;6.57633;0.34925373559322;8.6515;0.994;9.8005;NaN;0.1845;6.5095
NED2010001_46;MFD_SETNO46;41.7752;-68.1;336824;36;06-mar-10;10:25:16;32.9046;5.2567;6.78226;1.08165669661017;8.5055;1.027;9.7735;32.8971672058105;0.213;6.6915
NED2010001_46;MFD_SETNO46;41.7752;-68.1;336825;5;06-mar-10;10:25:16;32.9019;5.2386;6.77092;0.969761176271187;8.133;0.959;9.3115;NaN;0.2005;6.6975
NED2010001_49;MFD_SETNO49;41.69;-67.5152;336826;45;06-mar-10;16:14:00;32.4956;4.375;7.00355;1.03192535423729;5.89;0.8315;7.535;32.4892234802246;0.237;7.0185
NED2010001_49;MFD_SETNO49;41.69;-67.5152;336827;5;06-mar-10;16:14:00;32.4968;4.4056;6.99015;1.05679102542373;5.6635;0.8065;7.16;NaN;0.2125;7.055
NED2010001_50;MFD_SETNO50;41.7152;-66.6257;336828;62;06-mar-10;22:04:01;32.7931;5.3024;6.61525;0.584343272881356;8.2015;0.9135;9.668;32.7890205383301;0.1935;6.7235
NED2010001_50;MFD_SETNO50;41.7152;-66.6257;336829;5;06-mar-10;22:04:01;32.7965;5.2897;6.61177;0.534611930508475;7.99;0.8995;9.438;NaN;0.193;6.7015
NED2010001_51;MFD_SETNO51;41.8298;-66.6982;336830;66;07-mar-10;01:14:30;32.8073;5.287;6.65849;0.621641779661017;7.5075;0.8365;8.764;32.8050651550293;0.1915;6.7725
NED2010001_51;MFD_SETNO51;41.8298;-66.6982;336831;5;07-mar-10;01:14:30;32.813;5.2814;6.64263;0.584343272881356;8.184;0.9245;9.7815;NaN;0.208;6.7535
NED2010001_52;MFD_SETNO52;41.884;-66.5557;336832;71;07-mar-10;03:10:52;32.9277;5.4293;6.60375;0.571910437288136;7.3045;0.833;8.8125;32.9245872497559;0.1895;6.6335
NED2010001_52;MFD_SETNO52;41.884;-66.5557;336833;4;07-mar-10;03:10:52;32.929;5.4201;6.57836;0.559477601694915;8.121;0.8945;9.957;NaN;0.208;6.624
NED2010001_54;MFD_SETNO54;41.908;-66.364;336834;82;07-mar-10;06:41:34;32.8548;5.3149;6.57906;0.571910437288136;8.027;0.8185;9.346;32.8555870056152;0.1875;6.616
NED2010001_54;MFD_SETNO54;41.908;-66.364;336835;5;07-mar-10;06:41:34;32.8405;5.2428;6.54339;0.658940286440678;7.793;0.892;9.116;NaN;0.1935;6.624
NED2010001_55;MFD_SETNO55;41.824;-66.3957;336836;81;07-mar-10;09:54:42;32.8051;5.2347;6.68501;0.596776108474576;NaN;NaN;NaN;32.8021278381348;NaN;6.642
NED2010001_55;MFD_SETNO55;41.824;-66.3957;336837;4;07-mar-10;09:54:42;32.8094;5.2228;6.63382;0.621641779661017;NaN;NaN;NaN;NaN;NaN;6.5865
NED2010001_58;MFD_SETNO58;41.5772;-66.5795;336838;81;07-mar-10;15:14:51;32.771;5.2714;6.62879;0.621641779661017;NaN;NaN;NaN;32.7678489685059;NaN;6.584
NED2010001_58;MFD_SETNO58;41.5772;-66.5795;336839;5;07-mar-10;15:14:51;32.7666;5.2817;6.6194;0.634074615254237;NaN;NaN;NaN;NaN;NaN;6.7
NED2010001_59;MFD_SETNO59;41.3725;-66.4487;336840;92;07-mar-10;17:22:57;32.9136;5.51;6.45919;0.374720153813559;NaN;NaN;NaN;NaN;NaN;6.5835
NED2010001_59;MFD_SETNO59;41.3725;-66.4487;336841;5;07-mar-10;17:22:57;32.8541;5.6205;6.5471;0.385634333050847;NaN;NaN;NaN;NaN;NaN;6.645
NED2010001_6;MFD_SETNO6;42.0215;-66.1823;336787;87;27-feb-10;12:59:48;33.1631;6.2619;5.84461;0.141884330084746;9.793;0.9795;11.6995;33.1651000976562;0.1465;5.8595
NED2010001_6;MFD_SETNO6;42.0215;-66.1823;336788;5;27-feb-10;12:59:48;32.2731;4.3063;7.04341;0.671373122033898;6.203;0.749;6.8875;NaN;0.2195;7.058
NED2010001_62;MFD_SETNO62;41.5628;-66.1002;336842;97;07-mar-10;22:01:08;33.6683;7.4455;5.60461;0.338339556355932;NaN;NaN;NaN;33.6669540405273;NaN;5.755
NED2010001_62;MFD_SETNO62;41.5628;-66.1002;336843;6;07-mar-10;22:01:08;33.3029;6.5494;6.24814;0.7335373;NaN;NaN;NaN;NaN;NaN;6.4035
NED2010001_65;MFD_SETNO65;41.7575;-65.9898;336844;101;08-mar-10;02:24:55;33.4586;6.669;5.77917;0.497313423728814;NaN;NaN;NaN;33.4460830688477;NaN;5.905
NED2010001_65;MFD_SETNO65;41.7575;-65.9898;336845;4;08-mar-10;02:24:55;32.86;5.3881;6.59851;0.547044766101695;NaN;NaN;NaN;NaN;NaN;6.704
NED2010001_67;MFD_SETNO67;41.895;-65.992;336846;91;08-mar-10;06:34:01;33.3659;6.5343;5.93978;0.571910437288136;NaN;NaN;NaN;33.3611526489258;NaN;6.1165
NED2010001_67;MFD_SETNO67;41.895;-65.992;336847;29;08-mar-10;06:34:01;32.9304;5.4876;6.35685;0.783268642372881;NaN;NaN;NaN;NaN;NaN;NaN
NED2010001_67;MFD_SETNO67;41.895;-65.992;336848;5;08-mar-10;06:34:01;32.0818;3.7633;6.81875;0.547044766101695;6.4245;0.7235;6.401;NaN;0.1795;6.8845
NED2010001_69;MFD_SETNO69;44.2662;-63.3168;336849;152;09-mar-10;04:59:01;34.0508;7.6908;4.11975;0.0502239383458647;13.4155;1.2425;14.402;33.9679298400879;0.149;4.3155
NED2010001_69;MFD_SETNO69;44.2662;-63.3168;336850;101;09-mar-10;04:59:01;32.9281;4.5587;5.67409;0.598445512669173;9.8545;1.0415;9.7925;NaN;0.1375;NaN
NED2010001_69;MFD_SETNO69;44.2662;-63.3168;336851;76;09-mar-10;04:59:01;32.4623;3.8359;7.08079;4.52240574793233;3.7625;0.5985;3.003;NaN;0.2135;NaN
NED2010001_69;MFD_SETNO69;44.2662;-63.3168;336852;51;09-mar-10;04:59:01;32.3893;3.5092;7.21212;4.77839097894737;4.0685;0.624;2.9645;NaN;0.2245;NaN
NED2010001_69;MFD_SETNO69;44.2662;-63.3168;336853;41;09-mar-10;04:59:01;32.3618;3.5149;7.16365;3.92510687556391;3.867;0.5835;2.663;32.3538818359375;0.2315;7.289
NED2010001_69;MFD_SETNO69;44.2662;-63.3168;336854;30;09-mar-10;04:59:01;32.285;3.1892;7.26689;3.49846482387218;4.129;0.6095;2.75;NaN;0.215;NaN
NED2010001_69;MFD_SETNO69;44.2662;-63.3168;336855;20;09-mar-10;04:59:01;31.6445;1.5583;7.71275;1.60455923007519;4.862;0.701;4.046;NaN;0.1915;NaN
NED2010001_69;MFD_SETNO69;44.2662;-63.3168;336856;10;09-mar-10;04:59:01;31.4762;1.2368;7.66251;0.67122942637218;5.721;0.787;4.999;NaN;0.204;NaN
NED2010001_69;MFD_SETNO69;44.2662;-63.3168;336857;5;09-mar-10;04:59:01;31.4373;1.1709;7.65093;0.727839137030075;5.66;0.7525;5.017;NaN;0.256;NaN
NED2010001_69;MFD_SETNO69;44.2662;-63.3168;336858;2;09-mar-10;04:59:01;31.4356;1.1614;7.57662;0.614619715714286;5.867;0.7705;4.884;31.4575214385986;0.194;7.7315
NED2010001_7;MFD_SETNO7;42.0555;-66.469;336789;88;27-feb-10;16:34:29;32.9417;5.7144;6.28032;0.225559704237288;8.81;0.9435;10.352;32.9363861083984;0.1965;6.3005
NED2010001_7;MFD_SETNO7;42.0555;-66.469;336790;5;27-feb-10;16:34:29;32.926;5.7504;6.29707;0.221921644491525;8.669;0.9285;10.351;NaN;0.186;6.2555
NED2010001_8;MFD_SETNO8;42.0442;-66.6823;336791;67;27-feb-10;18:33:35;32.7924;5.3624;6.46968;0.276492540677966;8.269;0.9;9.6335;32.7873764038086;0.192;6.5015
NED2010001_8;MFD_SETNO8;42.0442;-66.6823;336792;5;27-feb-10;18:33:35;32.7525;5.3113;6.55178;0.327425377118644;8.006;0.9005;9.456;NaN;0.2695;6.474
