CTD;CTD;CTD;CTD;CTD;CTD;CTD;CTD;CTD;CTD;CTD;labo;labo;labo;labo;labo;labo
Fichier;Station;Latitude;Longitude;Echantillon;zbouteille;Date;Heure;PSAL;TEMP_XX;DOXY;CHL_01;Si_01;PO4_01;NOx_01;PSAL_BS;OXY_03
(nom);(nom/no);(degres);(degres);(no_unique);(dbar);(jj-mmm-yyyy);(GMT);(psu);(celsius);(ml/l);(mg/m**3);(mmol/m**3);(mmol/m**3);(mmol/m**3);(PSU);(ml/l)
NED2006030_0;MFD_SETNO0;44.274;-63.321667;274915;173;06-jul-06;02:35:22;34.5708;9.0149;2.49285;0.0064241935483871;17.0695;1.349;17.407;34.58;3.9235
NED2006030_0;MFD_SETNO0;44.274;-63.321667;274916;102;06-jul-06;02:35:22;33.6522;6.8856;3.54368;0.0102787096774193;9.7745;0.9255;10.5185;NaN;NaN
NED2006030_0;MFD_SETNO0;44.274;-63.321667;274917;75;06-jul-06;02:35:22;33.1582;5.8978;4.51792;0.216209225806452;4.2005;0.6065;4.6135;NaN;NaN
NED2006030_0;MFD_SETNO0;44.274;-63.321667;274918;49;06-jul-06;02:35:22;32.7186;5.8145;5.15484;0.68069264516129;2.7805;0.451;0.414;NaN;NaN
NED2006030_0;MFD_SETNO0;44.274;-63.321667;274919;41;06-jul-06;02:35:22;32.5154;5.6308;5.11727;1.34877987096774;2.983;0.535;0.9095;32.467;7.638
NED2006030_0;MFD_SETNO0;44.274;-63.321667;274920;30;06-jul-06;02:35:22;32.0878;5.3191;5.49747;0.693298064516129;1.3025;0.4515;0.225;NaN;NaN
NED2006030_0;MFD_SETNO0;44.274;-63.321667;274921;20;06-jul-06;02:35:22;31.6545;6.5196;5.69915;NaN;NaN;NaN;NaN;NaN;NaN
NED2006030_0;MFD_SETNO0;44.274;-63.321667;274922;10;06-jul-06;02:35:22;31.2426;12.1858;4.87348;0.334512387096774;0.976;0.263;0.0105;NaN;NaN
NED2006030_0;MFD_SETNO0;44.274;-63.321667;274923;4;06-jul-06;02:35:22;31.0267;12.5141;4.83349;0.387544838709677;1.0175;0.265;0.0355;NaN;NaN
NED2006030_0;MFD_SETNO0;44.274;-63.321667;274924;2;06-jul-06;02:35:22;30.9875;12.5147;4.82019;0.399783096774194;0.9505;0.266;0;31.016;7.041
NED2006030_1;MFD_SETNO1;43.697;-63.406667;274925;114;06-jul-06;08:09:30;34.4671;8.9135;2.8613;0.0115635483870968;13.051;1.2515;16.0505;NaN;4.22266666666667
NED2006030_1;MFD_SETNO1;43.697;-63.406667;274926;52;06-jul-06;08:09:30;33.033;5.8925;4.51101;0.203970967741935;4.2325;0.7365;6.33;NaN;NaN
NED2006030_1;MFD_SETNO1;43.697;-63.406667;274927;25;06-jul-06;08:09:30;32.1325;7.7879;5.23024;0.718508903225807;2.4505;0.5495;0.7665;NaN;NaN
NED2006030_1;MFD_SETNO1;43.697;-63.406667;274928;4;06-jul-06;08:09:30;31.1729;15.228;4.40847;0.138700258064516;0.9795;0.296;0.081;31.201;4.216
NED2006030_10;MFD_SETNO10;43.574667;-64.347167;274961;178;07-jul-06;09:09:46;34.7828;9.2703;2.02948;0.0565329032258065;12.425;1.1065;14.1415;33.867;5.15733333333333
NED2006030_10;MFD_SETNO10;43.574667;-64.347167;274962;50;07-jul-06;09:09:46;31.9563;2.9539;5.01998;0.232526903225806;4.512;0.7795;4.86;NaN;NaN
NED2006030_10;MFD_SETNO10;43.574667;-64.347167;274963;26;07-jul-06;09:09:46;31.6616;5.2507;5.41138;1.64182877419355;1.8335;0.4955;0.646;NaN;NaN
NED2006030_10;MFD_SETNO10;43.574667;-64.347167;274964;4;07-jul-06;09:09:46;31.0646;13.6143;4.54841;0.265162258064516;1.066;0.2925;0.006;NaN;5.57533333333333
NED2006030_100;MFD_SETNO100;42.952833;-61.5975;288397;607;17-jul-06;14:18:28;34.9302;4.6326;4.10309;0.0167029032258064;12.4525;1.2695;18.9575;34.953;6.2315
NED2006030_100;MFD_SETNO100;42.952833;-61.5975;288398;49;17-jul-06;14:18:28;33.9477;9.6714;4.22969;0.330432967741935;4.3815;0.6055;4.9;NaN;NaN
NED2006030_100;MFD_SETNO100;42.952833;-61.5975;288399;25;17-jul-06;14:18:28;33.5129;10.6801;4.92722;1.34877987096774;2.5765;0.3135;0.1495;NaN;7.361
NED2006030_100;MFD_SETNO100;42.952833;-61.5975;288400;7;17-jul-06;14:18:28;32.0354;16.1296;4.51916;NaN;NaN;NaN;NaN;NaN;NaN
NED2006030_101;MFD_SETNO101;43.236333;-61.315667;295800;177;17-jul-06;17:42:39;35.0362;9.3722;2.83975;0.0308361290322581;11.743;1.2495;18.805;35.038;4.217
NED2006030_101;MFD_SETNO101;43.236333;-61.315667;295801;51;17-jul-06;17:42:39;34.0148;8.8726;4.17591;0.192725806451613;6.106;0.749;7.728;NaN;NaN
NED2006030_101;MFD_SETNO101;43.236333;-61.315667;295802;25;17-jul-06;17:42:39;33.2771;11.4199;5.09451;1.37399070967742;2.745;0;0.203;NaN;NaN
NED2006030_101;MFD_SETNO101;43.236333;-61.315667;295803;6;17-jul-06;17:42:39;31.4803;16.7525;4.3493;0.269241677419355;1.348;0;0.1745;NaN;6.154
NED2006030_102;MFD_SETNO102;43.235333;-60.935333;295804;378;17-jul-06;20:28:06;34.9551;5.8939;3.40116;NaN;NaN;NaN;NaN;NaN;4.84
NED2006030_102;MFD_SETNO102;43.235333;-60.935333;295805;200;17-jul-06;20:28:06;35.1505;9.124;2.49213;NaN;NaN;NaN;NaN;34.974;3.483
NED2006030_102;MFD_SETNO102;43.235333;-60.935333;295806;52;17-jul-06;20:28:06;33.7579;8.2549;4.28431;NaN;NaN;NaN;NaN;NaN;NaN
NED2006030_102;MFD_SETNO102;43.235333;-60.935333;295807;25;17-jul-06;20:28:06;33.1173;9.5767;4.96353;NaN;NaN;NaN;NaN;NaN;6.8705
NED2006030_102;MFD_SETNO102;43.235333;-60.935333;295808;5;17-jul-06;20:28:06;32.5023;17.2389;4.37796;NaN;NaN;NaN;NaN;NaN;NaN
NED2006030_103;MFD_SETNO103;43.355167;-60.715667;295809;164;17-jul-06;22:49:04;35.3157;10.8104;2.56729;0.0218422580645161;11.325;0.9165;19.6775;35.33;3.767
NED2006030_103;MFD_SETNO103;43.355167;-60.715667;295810;51;17-jul-06;22:49:04;33.5135;7.2588;4.38133;0.156750322580645;6.001;0.4565;6.3305;NaN;NaN
NED2006030_103;MFD_SETNO103;43.355167;-60.715667;295811;26;17-jul-06;22:49:04;32.8801;9.7909;5.26169;0.907590193548387;2.43;0.066;0.192;NaN;NaN
NED2006030_103;MFD_SETNO103;43.355167;-60.715667;295812;6;17-jul-06;22:49:04;32.5801;17.7612;4.3523;0.518086258064516;1.952;0.0445;0.186;NaN;5.9635
NED2006030_104;MFD_SETNO104;43.3555;-61.282167;295813;71;18-jul-06;01:51:28;33.7834;7.5609;4.04272;0.175415032258064;8.9485;0.837;8.7195;33.783;5.6505
NED2006030_104;MFD_SETNO104;43.3555;-61.282167;295814;51;18-jul-06;01:51:28;33.2098;6.7098;4.50853;0.342671225806452;5.8875;0.704;4.8995;NaN;NaN
NED2006030_104;MFD_SETNO104;43.3555;-61.282167;295815;27;18-jul-06;01:51:28;32.5125;8.8057;5.36284;2.59638038709677;1.6345;0.373;0.1865;NaN;NaN
NED2006030_104;MFD_SETNO104;43.3555;-61.282167;295816;6;18-jul-06;01:51:28;31.4854;16.1451;4.37847;0.310035870967742;1.474;0.283;0.1805;NaN;5.971
NED2006030_105;MFD_SETNO105;43.395;-61.4785;295817;77;18-jul-06;03:26:35;33.2337;6.2251;4.31484;0.363068322580645;8.2855;0.7825;7.028;33.253;5.266
NED2006030_105;MFD_SETNO105;43.395;-61.4785;295818;51;18-jul-06;03:26:35;32.9644;6.589;4.58573;5.88003793548387;4.184;0.598;2.0545;NaN;NaN
NED2006030_105;MFD_SETNO105;43.395;-61.4785;295819;26;18-jul-06;03:26:35;32.2734;7.4823;5.31709;0.509927419354839;1.3895;0.4125;0.1935;NaN;NaN
NED2006030_105;MFD_SETNO105;43.395;-61.4785;295820;5;18-jul-06;03:26:35;31.688;16.8408;4.28853;0.293718193548387;1.6585;0.271;0.1915;NaN;5.968
NED2006030_106;MFD_SETNO106;43.285167;-61.529167;295821;76;18-jul-06;05:01:42;33.3012;6.2932;4.22207;0.293718193548387;8.053;0.9775;7.515;33.319;5.96733333333333
NED2006030_106;MFD_SETNO106;43.285167;-61.529167;295822;49;18-jul-06;05:01:42;32.8838;6.618;4.48027;3.20729341935484;5.782;0.839;4.9935;NaN;NaN
NED2006030_106;MFD_SETNO106;43.285167;-61.529167;295823;25;18-jul-06;05:01:42;32.1119;9.7834;5.19112;5.34548903225807;0.4895;0.4705;0.234;NaN;NaN
NED2006030_106;MFD_SETNO106;43.285167;-61.529167;295824;5;18-jul-06;05:01:42;31.6769;16.3658;4.32794;0.432418451612903;0.4895;0.3465;0.1;NaN;5.96733333333333
NED2006030_108;MFD_SETNO108;43.619667;-61.614667;295825;65;18-jul-06;08:34:43;32.6607;5.9395;4.54233;3.20729341935484;6.551;0.7875;3.5415;32.675;6.11833333333333
NED2006030_108;MFD_SETNO108;43.619667;-61.614667;295826;49;18-jul-06;08:34:43;32.431;6.8037;4.84478;5.34548903225807;3.4745;0.654;1.147;NaN;NaN
NED2006030_108;MFD_SETNO108;43.619667;-61.614667;295827;26;18-jul-06;08:34:43;32.1822;8.8343;5.07416;0.432418451612903;0.6545;0.454;0.1105;NaN;NaN
NED2006030_108;MFD_SETNO108;43.619667;-61.614667;295828;5;18-jul-06;08:34:43;31.8598;17.3261;4.1806;0.22028864516129;1.096;0.3325;0.131;NaN;5.77866666666667
NED2006030_11;MFD_SETNO11;43.2345;-64.607333;274965;120;07-jul-06;13:16:39;34.2748;8.4402;3.11716;0.0192725806451613;12.763;1.12;14.6095;34.269;5.22066666666667
NED2006030_11;MFD_SETNO11;43.2345;-64.607333;274966;50;07-jul-06;13:16:39;32.1514;5.1975;5.27571;0.49161135483871;1.75;0.5075;0.6385;NaN;NaN
NED2006030_11;MFD_SETNO11;43.2345;-64.607333;274967;25;07-jul-06;13:16:39;31.2399;7.8092;5.21567;1.08406606451613;1.537;0.4105;0.0855;NaN;NaN
NED2006030_11;MFD_SETNO11;43.2345;-64.607333;274968;5;07-jul-06;13:16:39;30.9837;13.8794;4.57907;0.257003419354839;1.066;0.2705;0;NaN;5.758
NED2006030_110;MFD_SETNO110;43.2945;-62.027167;295829;96;18-jul-06;12:51:23;34.2543;8.485;3.69346;0.0128483870967742;7.919;0.9375;10.5225;34.271;5.415
NED2006030_110;MFD_SETNO110;43.2945;-62.027167;295830;49;18-jul-06;12:51:23;32.9322;6.3063;4.72013;0.277400516129032;3.524;0.747;4.3845;NaN;NaN
NED2006030_110;MFD_SETNO110;43.2945;-62.027167;295831;25;18-jul-06;12:51:23;32.5654;8.8382;5.19457;0.705903483870968;1.339;0.416;0.1595;NaN;NaN
NED2006030_110;MFD_SETNO110;43.2945;-62.027167;295832;4;18-jul-06;12:51:23;31.8591;17.8458;4.1891;0.273321096774193;1.2155;0.2965;0.129;NaN;5.84366666666667
NED2006030_111;MFD_SETNO111;43.261667;-62.124167;295833;99;18-jul-06;14:14:14;34.2738;8.4151;3.6524;0.0218422580645161;7.7815;0.889;10.4055;34.282;5.237
NED2006030_111;MFD_SETNO111;43.261667;-62.124167;295834;48;18-jul-06;14:14:14;33.3683;9.0448;4.47706;0.314115290322581;2.6035;0.5445;3.095;NaN;NaN
NED2006030_111;MFD_SETNO111;43.261667;-62.124167;295835;25;18-jul-06;14:14:14;32.5987;10.3449;5.07477;1.12188232258065;1.264;0.3875;0.1395;NaN;NaN
NED2006030_111;MFD_SETNO111;43.261667;-62.124167;295836;5;18-jul-06;14:14:14;31.6426;18.14;4.17546;0.244765161290323;1.086;0.2725;0.113;NaN;5.50233333333333
NED2006030_112;MFD_SETNO112;43.335833;-62.226167;295837;106.158;18-jul-06;15:58:36;33.9996;7.6779;3.786;NaN;NaN;NaN;NaN;NaN;NaN
NED2006030_112;MFD_SETNO112;43.335833;-62.226167;295838;50.44;18-jul-06;15:58:36;33.1695;7.2521;4.5024;0.232526903225806;3.699;0.682;4.3975;33.067;6.3125
NED2006030_112;MFD_SETNO112;43.335833;-62.226167;295839;25.663;18-jul-06;15:58:36;32.5457;10.9007;5.2417;NaN;1.429;0.3715;0.139;NaN;NaN
NED2006030_112;MFD_SETNO112;43.335833;-62.226167;295840;4.978;18-jul-06;15:58:36;31.3869;18.0531;4.1911;0.0835145161290323;1.0265;0.29;0.1275;NaN;5.739
NED2006030_113;MFD_SETNO113;43.4995;-62.383667;295841;78;18-jul-06;18:01:51;33.4698;6.6867;4.10651;0.122382580645161;6.359;0.84;7.96;33.479;5.553
NED2006030_113;MFD_SETNO113;43.4995;-62.383667;295842;50;18-jul-06;18:01:51;32.9;6.3644;4.82655;0.326353548387097;3.4995;0.7185;4.7955;NaN;NaN
NED2006030_113;MFD_SETNO113;43.4995;-62.383667;295843;25;18-jul-06;18:01:51;32.0208;8.2788;5.31838;0.575198129032258;1.7715;0.373;0.133;NaN;NaN
NED2006030_113;MFD_SETNO113;43.4995;-62.383667;295844;5;18-jul-06;18:01:51;31.2351;17.8786;4.23045;0.181162258064516;1.145;0.282;0.121;NaN;5.684
NED2006030_115;MFD_SETNO115;43.936667;-62.484833;295845;106;18-jul-06;23:04:58;34.5093;9.1041;2.97881;0.00770903225806452;12.241;1.15;14.056;34.488;4.0945
NED2006030_115;MFD_SETNO115;43.936667;-62.484833;295846;51;18-jul-06;23:04:58;33.3893;6.5571;4.21494;0.277400516129032;5.82;0.8385;7.6585;NaN;NaN
NED2006030_115;MFD_SETNO115;43.936667;-62.484833;295847;25;18-jul-06;23:04:58;32.4167;9.6122;5.27256;0.469133225806452;1.527;0.369;0.168;NaN;NaN
NED2006030_115;MFD_SETNO115;43.936667;-62.484833;295848;6;18-jul-06;23:04:58;31.2981;18.2951;4.21039;0.176022903225806;1.024;0.2725;0.1185;NaN;5.5895
NED2006030_116;MFD_SETNO116;43.855667;-62.775333;295849;224;19-jul-06;01:21:38;35.1473;9.8989;2.29962;0.00770903225806452;14.2625;1.411;21.451;35.175;3.21
NED2006030_116;MFD_SETNO116;43.855667;-62.775333;295850;51;19-jul-06;01:21:38;33.3445;6.5707;4.12475;NaN;NaN;NaN;NaN;NaN;NaN
NED2006030_116;MFD_SETNO116;43.855667;-62.775333;295851;25;19-jul-06;01:21:38;32.2294;9.9624;5.23983;0.265162258064516;1.5825;0.351;0.2115;NaN;NaN
NED2006030_116;MFD_SETNO116;43.855667;-62.775333;295852;6;19-jul-06;01:21:38;31.1235;18.2861;4.19908;0.141332258064516;0.956;0.272;0.1195;NaN;5.6385
NED2006030_12;MFD_SETNO12;43.483833;-64.614667;274969;79;07-jul-06;16:15:16;32.3096;4.2885;4.78396;NaN;NaN;NaN;NaN;NaN;NaN
NED2006030_12;MFD_SETNO12;43.483833;-64.614667;274970;49;07-jul-06;16:15:16;31.9932;4.7588;5.16421;0.257003419354839;3.769;0.707;3.9345;32.212;6.571
NED2006030_12;MFD_SETNO12;43.483833;-64.614667;274971;26;07-jul-06;16:15:16;31.6201;6.7048;5.32953;NaN;NaN;NaN;NaN;NaN;NaN
NED2006030_12;MFD_SETNO12;43.483833;-64.614667;274972;5;07-jul-06;16:15:16;31.1184;12.5352;4.72991;0.261082838709677;0.881;0.294;0;NaN;6.3105
NED2006030_13;MFD_SETNO13;43.459;-64.768167;274973;88;07-jul-06;18:23:00;32.5502;4.486;4.47748;0.0775089677419355;6.107;0.797;6.1205;32.493;6.1495
NED2006030_13;MFD_SETNO13;43.459;-64.768167;274974;51;07-jul-06;18:23:00;32.2435;3.809;4.82378;0.155017935483871;4.589;0.786;4.9045;NaN;NaN
NED2006030_13;MFD_SETNO13;43.459;-64.768167;274975;25;07-jul-06;18:23:00;31.8323;5.4275;5.39208;0.995828129032258;1.3845;0.4355;0.2575;NaN;NaN
NED2006030_13;MFD_SETNO13;43.459;-64.768167;274976;5;07-jul-06;18:23:00;30.8527;13.6936;4.60658;0.236606322580645;1.1145;0.2765;0;NaN;6.099
NED2006030_14;MFD_SETNO14;43.3825;-65.139167;274977;147;07-jul-06;20:52:42;33.5624;6.5861;3.18844;0.0115635483870968;13.7415;1.143;13.33;33.575;NaN
NED2006030_14;MFD_SETNO14;43.3825;-65.139167;274978;52;07-jul-06;20:52:42;32.3577;4.3705;4.78773;0.163176774193548;4.617;0.7715;5.472;NaN;NaN
NED2006030_14;MFD_SETNO14;43.3825;-65.139167;274979;24;07-jul-06;20:52:42;31.7582;7.4231;5.24871;NaN;NaN;NaN;NaN;NaN;4.3685
NED2006030_14;MFD_SETNO14;43.3825;-65.139167;274980;5;07-jul-06;20:52:42;31.2446;12.0028;4.82848;NaN;NaN;NaN;NaN;NaN;6.3625
NED2006030_15;MFD_SETNO15;43.133333;-64.968167;274981;121;07-jul-06;23:53:09;34.0921;7.8325;2.87483;0.0167029032258064;13.171;1.1745;14.464;33.888;4.528
NED2006030_15;MFD_SETNO15;43.133333;-64.968167;274982;51;07-jul-06;23:53:09;32.4596;5.0326;4.90508;0.466400516129032;2.992;0.623;3.094;NaN;NaN
NED2006030_15;MFD_SETNO15;43.133333;-64.968167;274983;26;07-jul-06;23:53:09;31.5419;9.7431;5.19576;NaN;NaN;NaN;NaN;NaN;NaN
NED2006030_15;MFD_SETNO15;43.133333;-64.968167;274984;6;07-jul-06;23:53:09;31.0057;15.3744;4.46823;0.301877032258065;1.2155;0.276;0;NaN;6.564
NED2006030_16;MFD_SETNO16;42.947833;-64.759;274985;84;08-jul-06;03:07:43;32.7306;5.3012;3.95609;0.0334058064516129;8.6655;0.9665;9.4705;32.755;5.36733333333333
NED2006030_16;MFD_SETNO16;42.947833;-64.759;274986;50;08-jul-06;03:07:43;32.2488;5.1;4.74173;0.228447483870968;4.3245;0.724;5.239;NaN;NaN
NED2006030_16;MFD_SETNO16;42.947833;-64.759;274987;25;08-jul-06;03:07:43;31.8725;9.3075;5.07734;NaN;NaN;NaN;NaN;NaN;NaN
NED2006030_16;MFD_SETNO16;42.947833;-64.759;274988;4;08-jul-06;03:07:43;31.8913;14.0337;4.64854;0.41202135483871;1.7695;0.292;0;NaN;6.57366666666667
NED2006030_17;MFD_SETNO17;42.909667;-64.605167;274989;93;08-jul-06;04:55:39;32.7825;5.3506;3.89579;NaN;NaN;NaN;NaN;NaN;NaN
NED2006030_17;MFD_SETNO17;42.909667;-64.605167;274990;50;08-jul-06;04:55:39;32.5873;5.063;4.44621;0.122382580645161;7.2575;0.8675;8.089;NaN;NaN
NED2006030_17;MFD_SETNO17;42.909667;-64.605167;274991;25;08-jul-06;04:55:39;31.5139;8.7522;5.2083;0.617665548387097;1.373;0.353;0;NaN;NaN
NED2006030_17;MFD_SETNO17;42.909667;-64.605167;274992;5;08-jul-06;04:55:39;31.299;13.7511;4.6714;NaN;NaN;NaN;NaN;NaN;NaN
NED2006030_18;MFD_SETNO18;42.747;-64.842;274993;108;08-jul-06;07:13:42;33.1225;6.2568;3.87998;0.0179877419354839;8.5705;0.929;10.0285;33.151;5.96433333333333
NED2006030_18;MFD_SETNO18;42.747;-64.842;274994;50;08-jul-06;07:13:42;32.537;5.6513;4.42849;0.088653870967742;6.5435;0.8145;7.673;NaN;NaN
NED2006030_18;MFD_SETNO18;42.747;-64.842;274995;25;08-jul-06;07:13:42;31.7825;9.6313;5.01219;1.33637225806452;1.8635;0.3635;0.0195;NaN;NaN
NED2006030_18;MFD_SETNO18;42.747;-64.842;274996;5;08-jul-06;07:13:42;31.6647;13.5661;4.75164;0.453795096774193;1.8595;0.3285;0;NaN;6.55933333333333
NED2006030_19;MFD_SETNO19;42.633833;-65.014667;274997;109;08-jul-06;09:11:07;33.7295;7.8352;3.63779;0.0269816129032258;8.3075;0.9325;11.158;33.753;5.79466666666667
NED2006030_19;MFD_SETNO19;42.633833;-65.014667;274998;50;08-jul-06;09:11:07;31.8966;8.0429;4.91503;0.630270967741935;2.331;0.4625;1.167;NaN;NaN
NED2006030_19;MFD_SETNO19;42.633833;-65.014667;274999;23;08-jul-06;09:11:07;31.8739;12.0922;4.8254;0.403373419354839;1.929;0.3275;0;NaN;NaN
NED2006030_19;MFD_SETNO19;42.633833;-65.014667;275000;5;08-jul-06;09:11:07;31.8721;14.2999;4.63632;NaN;NaN;NaN;NaN;NaN;NaN
NED2006030_2;MFD_SETNO2;43.296333;-63.591667;274929;181;06-jul-06;12:05:13;34.9536;9.558;2.09144;0.0064241935483871;18.176;1.5475;21.2125;NaN;3.205
NED2006030_2;MFD_SETNO2;43.296333;-63.591667;274930;50;06-jul-06;12:05:13;32.5259;4.5196;4.68097;0.126462;5.131;0.7915;6.038;NaN;NaN
NED2006030_2;MFD_SETNO2;43.296333;-63.591667;274931;24;06-jul-06;12:05:13;32.0109;4.5234;5.24441;1.0084335483871;2.04;0.522;0.9585;NaN;NaN
NED2006030_2;MFD_SETNO2;43.296333;-63.591667;274932;5;06-jul-06;12:05:13;30.8259;13.4881;4.58947;0.297797612903226;1.2305;0.327;0.0575;34.978;6.8135
NED2006030_20;MFD_SETNO20;42.711167;-65.185167;288101;98;08-jul-06;11:02:31;33.1705;7.7193;4.04305;0.0652707096774194;6.47;0.8815;8.6945;33.199;5.888
NED2006030_20;MFD_SETNO20;42.711167;-65.185167;288102;50;08-jul-06;11:02:31;32.75;7.4232;4.40814;0.106064903225806;5.933;0.797;8.0255;NaN;NaN
NED2006030_20;MFD_SETNO20;42.711167;-65.185167;288103;25;08-jul-06;11:02:31;31.7297;9.6705;5.04947;0.819352258064516;2.047;0.4175;0.0985;NaN;NaN
NED2006030_20;MFD_SETNO20;42.711167;-65.185167;288104;5;08-jul-06;11:02:31;31.528;13.9662;4.7074;0.305956451612903;1.677;0.34;0;NaN;6.826
NED2006030_21;MFD_SETNO21;42.624833;-65.343833;288105;93;08-jul-06;12:59:19;33.547;8.45;3.91787;0.0693501290322581;6.935;0.917;9.8715;33.54;5.622
NED2006030_21;MFD_SETNO21;42.624833;-65.343833;288106;50;08-jul-06;12:59:19;31.9264;10.9399;4.9513;0.399783096774194;4.5345;0.606;4.866;NaN;NaN
NED2006030_21;MFD_SETNO21;42.624833;-65.343833;288107;24;08-jul-06;12:59:19;31.8316;13.1965;4.84052;0.630270967741935;2.1305;0.2565;0.024;NaN;NaN
NED2006030_21;MFD_SETNO21;42.624833;-65.343833;288108;5;08-jul-06;12:59:19;31.7147;14.758;4.6323;0.453795096774193;2.177;0.2815;0.085;NaN;6.452
NED2006030_22;MFD_SETNO22;42.511667;-65.481833;288109;99;08-jul-06;14:58:39;34.0821;9.6353;3.69027;0.0539632258064516;7.0205;0.894;11.2;34.107;5.0665
NED2006030_22;MFD_SETNO22;42.511667;-65.481833;288110;50;08-jul-06;14:58:39;34.1079;11.8418;3.95876;NaN;NaN;NaN;NaN;NaN;NaN
NED2006030_22;MFD_SETNO22;42.511667;-65.481833;288111;25;08-jul-06;14:58:39;32.5358;9.3087;4.87424;0.743719741935484;2.3985;0.3705;0.7755;NaN;NaN
NED2006030_22;MFD_SETNO22;42.511667;-65.481833;288112;5;08-jul-06;14:58:39;31.4312;13.4516;4.75643;0.314115290322581;1.77;0.2755;0.0325;NaN;6.471
NED2006030_23;MFD_SETNO23;42.6025;-65.562167;288113;92;08-jul-06;16:45:58;33.7846;8.7665;3.74989;0.0611912903225807;7.767;0.9305;11.31;33.807;5.321
NED2006030_23;MFD_SETNO23;42.6025;-65.562167;288114;51;08-jul-06;16:45:58;33.4548;7.9301;3.93466;0.142779677419355;6.9975;0.898;9.0695;NaN;NaN
NED2006030_23;MFD_SETNO23;42.6025;-65.562167;288115;25;08-jul-06;16:45:58;32.3815;9.043;4.75418;0.806746838709677;3.2585;0.395;2.076;NaN;NaN
NED2006030_23;MFD_SETNO23;42.6025;-65.562167;288116;5;08-jul-06;16:45:58;31.7054;13.3942;4.80468;0.403373419354839;2.1045;0.2705;0.0465;NaN;6.633
NED2006030_24;MFD_SETNO24;42.636833;-65.6475;288117;89;08-jul-06;18:01:59;33.3059;7.8039;3.96705;0.0513935483870968;7.892;0.934;10.2625;33.33;5.522
NED2006030_24;MFD_SETNO24;42.636833;-65.6475;288118;51;08-jul-06;18:01:59;33.1848;7.4225;4.0616;0.0860841935483871;7.76;0.893;9.9585;NaN;NaN
NED2006030_24;MFD_SETNO24;42.636833;-65.6475;288119;25;08-jul-06;18:01:59;32.2458;9.916;4.83387;1.02103896774194;3.462;0.422;2.0145;NaN;NaN
NED2006030_24;MFD_SETNO24;42.636833;-65.6475;288120;5;08-jul-06;18:01:59;31.7993;14.3137;4.65359;0.415978838709677;2.1615;0.2665;0.0595;NaN;6.4435
NED2006030_25;MFD_SETNO25;42.825667;-65.433333;288121;132;08-jul-06;20:54:52;33.6681;7.162;3.16234;0.315135483870968;7.3;0.859;8.1585;33.04;5.3525
NED2006030_25;MFD_SETNO25;42.825667;-65.433333;288122;51;08-jul-06;20:54:52;33.1058;7.8955;4.22012;0.130541419354839;6.4325;0.8895;8.808;NaN;NaN
NED2006030_25;MFD_SETNO25;42.825667;-65.433333;288123;26;08-jul-06;20:54:52;31.9721;6.4579;5.10618;1.33637225806452;2.7895;0.4735;1.083;NaN;NaN
NED2006030_25;MFD_SETNO25;42.825667;-65.433333;288124;6;08-jul-06;20:54:52;31.6716;10.7434;5.19166;NaN;NaN;NaN;NaN;NaN;6.6405
NED2006030_26;MFD_SETNO26;43.0775;-65.2605;288125;143;08-jul-06;23:33:02;33.5367;6.5546;3.25281;0.0179877419354839;13.218;1.2295;13.4105;33.517;4.659
NED2006030_26;MFD_SETNO26;43.0775;-65.2605;288126;51;08-jul-06;23:33:02;32.6184;4.8425;4.6153;0.110144322580645;5.1515;0.7585;6.201;NaN;NaN
NED2006030_26;MFD_SETNO26;43.0775;-65.2605;288127;25;08-jul-06;23:33:02;32.033;4.8587;5.14092;NaN;NaN;NaN;NaN;NaN;NaN
NED2006030_26;MFD_SETNO26;43.0775;-65.2605;288128;5;08-jul-06;23:33:02;31.3775;11.7088;4.86918;0.436497870967742;1.4535;0.2545;0.0485;NaN;6.8535
NED2006030_27;MFD_SETNO27;43.021333;-65.469833;288129;119;09-jul-06;01:20:36;33.1289;5.8633;3.73434;0.0256967741935484;10.4745;1.1015;10.781;33.153;5.174
NED2006030_27;MFD_SETNO27;43.021333;-65.469833;288130;51;09-jul-06;01:20:36;32.6906;5.472;4.2656;0.554638451612903;5.684;0.7215;5.412;NaN;NaN
NED2006030_27;MFD_SETNO27;43.021333;-65.469833;288131;26;09-jul-06;01:20:36;32.012;6.3416;5.02649;NaN;3.386;0.5585;2.322;NaN;NaN
NED2006030_27;MFD_SETNO27;43.021333;-65.469833;288132;5;09-jul-06;01:20:36;31.7054;10.4763;5.25924;1.04624980645161;1.0795;0.335;0.044;NaN;7.362
NED2006030_28;MFD_SETNO28;42.7775;-65.672333;288133;118;09-jul-06;04:07:57;33.5562;7.5351;3.62695;0.0346906451612903;10.067;1.0865;12.035;33.58;4.891
NED2006030_28;MFD_SETNO28;42.7775;-65.672333;288134;50;09-jul-06;04:07:57;32.5597;8.2586;4.61777;0.195812129032258;5.5785;0.755;7.215;NaN;NaN
NED2006030_28;MFD_SETNO28;42.7775;-65.672333;288135;26;09-jul-06;04:07:57;31.9337;9.4603;5.19431;1.41273638709677;2.5745;0.365;0.1475;NaN;NaN
NED2006030_28;MFD_SETNO28;42.7775;-65.672333;288136;5;09-jul-06;04:07:57;32.0307;12.7943;4.88948;0.466400516129032;2.3625;0.2845;0.025;NaN;6.74266666666667
NED2006030_29;MFD_SETNO29;42.696333;-65.949667;288137;85;09-jul-06;06:24:35;33.5077;8.2089;3.89537;0.0775089677419355;7.6165;0.9425;10.605;33.508;6.02266666666667
NED2006030_29;MFD_SETNO29;42.696333;-65.949667;288138;50;09-jul-06;06:24:35;33.1769;7.9138;4.07678;0.118303161290323;7.026;0.8535;9.1355;NaN;NaN
NED2006030_29;MFD_SETNO29;42.696333;-65.949667;288139;25;09-jul-06;06:24:35;32.2914;6.5369;4.72703;0.630270967741935;4.359;0.637;3.8525;NaN;NaN
NED2006030_29;MFD_SETNO29;42.696333;-65.949667;288140;4;09-jul-06;06:24:35;32.0973;11.8428;4.99422;0.907590193548387;2.8615;0.395;0.112;NaN;6.33766666666667
NED2006030_3;MFD_SETNO3;43.1135;-63.605333;274933;145;06-jul-06;15:41:31;35.0499;9.4424;2.62873;NaN;NaN;NaN;NaN;NaN;NaN
NED2006030_3;MFD_SETNO3;43.1135;-63.605333;274934;50;06-jul-06;15:41:31;32.7408;5.3285;4.65769;0.338591806451613;4.133;0.7375;5.067;32.751;6.5065
NED2006030_3;MFD_SETNO3;43.1135;-63.605333;274935;25;06-jul-06;15:41:31;31.9128;6.9087;5.09656;0.68069264516129;1.6435;0.4095;0.192;NaN;NaN
NED2006030_3;MFD_SETNO3;43.1135;-63.605333;274936;6;06-jul-06;15:41:31;30.5661;14.6499;4.52315;0.301877032258065;1.0385;0.272;0.093;NaN;6.183
NED2006030_30;MFD_SETNO30;42.700167;-66.068833;288141;70;09-jul-06;08:11:25;33.1341;8.4701;4.09603;0.214292129032258;6.824;0.8495;8.7545;33.155;6.00233333333333
NED2006030_30;MFD_SETNO30;42.700167;-66.068833;288142;51;09-jul-06;08:11:25;32.8482;8.7987;4.33291;0.352951741935484;5.924;0.7285;6.8465;NaN;NaN
NED2006030_30;MFD_SETNO30;42.700167;-66.068833;288143;25;09-jul-06;08:11:25;32.3321;11.126;5.06053;1.55046658064516;3.302;0.45;0.0505;NaN;NaN
NED2006030_30;MFD_SETNO30;42.700167;-66.068833;288144;6;09-jul-06;08:11:25;32.3283;12.2902;4.90616;1.14709316129032;3.4385;0.3505;0.038;NaN;6.38533333333333
NED2006030_31;MFD_SETNO31;42.6985;-66.173833;288145;62;09-jul-06;09:36:46;33.0592;8.5134;4.10711;0.239502967741936;6.5005;0.821;8.136;33.076;6.19133333333333
NED2006030_31;MFD_SETNO31;42.6985;-66.173833;288146;49;09-jul-06;09:36:46;33.0516;8.5225;4.1388;0.264713806451613;6.4505;0.813;8.1915;NaN;NaN
NED2006030_31;MFD_SETNO31;42.6985;-66.173833;288147;25;09-jul-06;09:36:46;32.1746;9.2711;4.92938;1.47483406451613;3.3195;0.435;0.765;NaN;NaN
NED2006030_31;MFD_SETNO31;42.6985;-66.173833;288148;4;09-jul-06;09:36:46;32.0849;12.6556;4.66598;0.567243870967742;2.462;0.3655;0.0845;NaN;6.233
NED2006030_32;MFD_SETNO32;42.7985;-66.699167;288149;181;09-jul-06;13:23:20;34.8601;9.4665;3.09186;0.0205574193548387;10.8295;1.292;17.7435;34.877;5.20433333333333
NED2006030_32;MFD_SETNO32;42.7985;-66.699167;288150;51;09-jul-06;13:23:20;32.7862;8.2227;4.38209;0.240685741935484;5.6245;0.7925;6.882;NaN;NaN
NED2006030_32;MFD_SETNO32;42.7985;-66.699167;288151;26;09-jul-06;13:23:20;32.3394;10.1605;4.94367;1.14546193548387;4.408;0.5545;3.4185;NaN;NaN
NED2006030_32;MFD_SETNO32;42.7985;-66.699167;288152;4;09-jul-06;13:23:20;32.1659;11.6102;5.03218;2.06183148387097;3.161;0.334;0.097;NaN;6.48166666666667
NED2006030_33;MFD_SETNO33;42.804933;-66.931;288153;199;09-jul-06;16:40:17;34.9626;8.9167;2.9679;0.0167029032258064;12.2285;1.357;19.6515;34.985;4.0435
NED2006030_33;MFD_SETNO33;42.804933;-66.931;288154;50;09-jul-06;16:40:17;32.7823;8.0505;4.33901;0.327740903225806;5.693;0.74;7.0845;NaN;NaN
NED2006030_33;MFD_SETNO33;42.804933;-66.931;288155;26;09-jul-06;16:40:17;32.2761;10.1016;4.96575;0.831957677419355;3.2695;0.384;0.457;NaN;6.626
NED2006030_33;MFD_SETNO33;42.804933;-66.931;288156;5;09-jul-06;16:40:17;32.1862;11.894;4.9907;NaN;NaN;NaN;NaN;NaN;NaN
NED2006030_34;MFD_SETNO34;42.939833;-66.9965;288157;208;09-jul-06;18:38:55;34.9798;8.53;2.8875;0.0115635483870968;13.45;1.4645;20.777;35.002;4.0345
NED2006030_34;MFD_SETNO34;42.939833;-66.9965;288158;51;09-jul-06;18:38:55;32.8358;7.2369;4.35503;0.199891548387097;5.866;0.7845;7.672;NaN;NaN
NED2006030_34;MFD_SETNO34;42.939833;-66.9965;288159;24;09-jul-06;18:38:55;32.1539;10.5772;4.82209;2.1000135483871;1.5155;0.201;0.011;NaN;NaN
NED2006030_34;MFD_SETNO34;42.939833;-66.9965;288160;5;09-jul-06;18:38:55;31.8064;14.8936;4.62904;0.542033032258065;2.3165;0.3435;0.105;NaN;6.389
NED2006030_35;MFD_SETNO35;43.356833;-66.830333;288161;190;09-jul-06;22:01:05;34.3789;8.0484;3.03675;0.00899387096774194;13.2825;1.3955;18.4655;34.391;4.203
NED2006030_35;MFD_SETNO35;43.356833;-66.830333;288162;51;09-jul-06;22:01:05;32.5274;7.0418;4.60187;0.504216774193548;3.826;0.6445;5.5315;NaN;NaN
NED2006030_35;MFD_SETNO35;43.356833;-66.830333;288163;25;09-jul-06;22:01:05;32.3363;8.9059;4.81864;1.22272567741935;3.1235;0.4945;2.3645;NaN;NaN
NED2006030_35;MFD_SETNO35;43.356833;-66.830333;288164;6;09-jul-06;22:01:05;32.0148;14.1023;4.7536;1.37455432258065;2.2115;0.257;0.011;NaN;6.472
NED2006030_36;MFD_SETNO36;43.704167;-66.721;288165;123;10-jul-06;03:59:59;33.6407;7.4838;3.63256;0.0449693548387097;10.1175;1.151;13.7175;33.64;4.666
NED2006030_36;MFD_SETNO36;43.704167;-66.721;288166;52;10-jul-06;03:59:59;32.6924;7.4305;4.43894;0.130541419354839;6.903;0.9065;9.971;NaN;NaN
NED2006030_36;MFD_SETNO36;43.704167;-66.721;288167;24;10-jul-06;03:59:59;31.8445;13.8067;4.80703;1.60364670967742;3.355;0.4255;1.8425;NaN;NaN
NED2006030_36;MFD_SETNO36;43.704167;-66.721;288168;4;10-jul-06;03:59:59;31.7642;15.0104;4.60067;0.579849290322581;1.9315;0.2305;0.0295;NaN;6.28866666666667
NED2006030_38;MFD_SETNO38;44.023;-66.392;288169;70;10-jul-06;10:58:53;32.4734;8.7495;4.35873;0.302530064516129;6.639;0.7995;6.704;32.498;6.13233333333333
NED2006030_38;MFD_SETNO38;44.023;-66.392;288170;49;10-jul-06;10:58:53;32.3864;8.8947;4.41628;0.390768;6.359;0.757;6.101;NaN;NaN
NED2006030_38;MFD_SETNO38;44.023;-66.392;288171;23;10-jul-06;10:58:53;31.7866;10.6429;4.81282;1.0084335483871;4.373;0.6725;2.241;NaN;NaN
NED2006030_38;MFD_SETNO38;44.023;-66.392;288172;4;10-jul-06;10:58:53;31.6452;11.1031;4.83995;1.98546735483871;3.8525;0.4955;1.355;NaN;6.02833333333333
NED2006030_39;MFD_SETNO39;43.866667;-66.754333;288173;118;10-jul-06;14:43:47;33.6723;7.6923;3.5841;0.0530324516129032;10.882;1.1865;14.0875;33.692;5.043
NED2006030_39;MFD_SETNO39;43.866667;-66.754333;288174;50;10-jul-06;14:43:47;32.4519;10.2491;4.54873;1.22182606451613;4.0425;0.452;2.36;NaN;NaN
NED2006030_39;MFD_SETNO39;43.866667;-66.754333;288175;25;10-jul-06;14:43:47;32.036;12.9289;4.74724;1.06909780645161;3.079;0.3505;0.698;NaN;NaN
NED2006030_39;MFD_SETNO39;43.866667;-66.754333;288176;5;10-jul-06;14:43:47;31.8652;14.5098;4.63643;0.642876387096774;2.4225;0.2715;0.087;NaN;6.406
NED2006030_4;MFD_SETNO4;43.1155;-64.108667;274937;86;06-jul-06;18:33:29;33.5414;6.7791;3.60139;0.015418064516129;10.6935;1.024;11.5015;33.554;5.0545
NED2006030_4;MFD_SETNO4;43.1155;-64.108667;274938;50;06-jul-06;18:33:29;32.5317;4.9785;4.93004;0.479005935483871;2.8555;0.6215;3.282;NaN;NaN
NED2006030_4;MFD_SETNO4;43.1155;-64.108667;274939;25;06-jul-06;18:33:29;31.8168;6.5817;5.32921;0.693298064516129;1.618;0.394;0.0925;NaN;NaN
NED2006030_4;MFD_SETNO4;43.1155;-64.108667;274940;5;06-jul-06;18:33:29;30.9544;15.5932;4.43648;0.390768;1.087;0.267;0.0175;NaN;6.2375
NED2006030_40;MFD_SETNO40;44.0825;-66.7135;288177;105;10-jul-06;16:52:09;33.4653;7.688;3.72855;0.0897472258064516;9.825;1.0925;12.7715;33.499;5.405
NED2006030_40;MFD_SETNO40;44.0825;-66.7135;288178;52;10-jul-06;16:52:09;33.035;8.2802;4.08718;0.28555935483871;7.375;0.854;8.9465;NaN;NaN
NED2006030_40;MFD_SETNO40;44.0825;-66.7135;288179;25;10-jul-06;16:52:09;32.1988;11.9952;4.76469;2.17637767741935;3.381;0.363;0.8145;NaN;NaN
NED2006030_40;MFD_SETNO40;44.0825;-66.7135;288180;5;10-jul-06;16:52:09;31.944;14.3411;4.69297;0.831957677419355;2.5295;0.317;0.0985;NaN;6.729
NED2006030_43;MFD_SETNO43;44.1865;-66.714833;288181;180;10-jul-06;22:35:34;33.8823;7.6904;3.32969;0.0448736129032258;13.2335;1.2985;16.106;33.893;4.813
NED2006030_43;MFD_SETNO43;44.1865;-66.714833;288182;51;10-jul-06;22:35:34;32.9092;8.7501;4.08619;0.514006838709677;8.2665;0.8885;9.252;NaN;NaN
NED2006030_43;MFD_SETNO43;44.1865;-66.714833;288183;26;10-jul-06;22:35:34;32.4159;10.6094;4.57827;1.14546193548387;4.7175;0.5395;3.6245;NaN;NaN
NED2006030_43;MFD_SETNO43;44.1865;-66.714833;288184;5;10-jul-06;22:35:34;32.034;13.4617;4.73456;1.183644;2.5865;0.2965;0.463;NaN;6.75
NED2006030_44;MFD_SETNO44;44.384725;-66.753943;288185;95;11-jul-06;01:56:00;33.4091;7.8632;3.61702;0.130541419354839;10.6315;1.097;12.845;33.439;5.324
NED2006030_44;MFD_SETNO44;44.384725;-66.753943;288186;52;11-jul-06;01:56:00;32.7582;8.57;4.15111;0.367147741935484;7.7925;0.857;8.7615;NaN;NaN
NED2006030_44;MFD_SETNO44;44.384725;-66.753943;288187;25;11-jul-06;01:56:00;32.4872;8.8927;4.35;1.14546193548387;5.951;0.723;6.144;NaN;NaN
NED2006030_44;MFD_SETNO44;44.384725;-66.753943;288188;4;11-jul-06;01:56:00;31.8286;9.864;4.84725;1.83273909677419;4.337;0.6;4.2345;NaN;6.9295
NED2006030_45;MFD_SETNO45;44.5795;-66.190833;288189;120;11-jul-06;05:22:33;33.171;7.7207;3.73529;0.138700258064516;10.5045;1.1755;12.434;33.189;5.21
NED2006030_45;MFD_SETNO45;44.5795;-66.190833;288190;49;11-jul-06;05:22:33;32.222;8.9957;4.45919;0.992733677419355;5.5695;0.945;5.929;NaN;NaN
NED2006030_45;MFD_SETNO45;44.5795;-66.190833;288191;25;11-jul-06;05:22:33;31.918;10.6849;4.76132;3.2836575483871;2.837;0.687;2.1755;NaN;NaN
NED2006030_45;MFD_SETNO45;44.5795;-66.190833;288192;5;11-jul-06;05:22:33;31.2063;11.558;5.19617;4.42911948387097;1.1445;0.29;0.1235;NaN;7.19266666666667
NED2006030_46;MFD_SETNO46;44.562167;-66.1425;288193;89;11-jul-06;07:00:02;32.7666;8.1184;4.02622;0.378162580645161;8.0605;0.947;9.45;32.793;6.19166666666667
NED2006030_46;MFD_SETNO46;44.562167;-66.1425;288194;50;11-jul-06;07:00:02;32.5164;8.3272;4.2443;NaN;NaN;NaN;NaN;NaN;NaN
NED2006030_46;MFD_SETNO46;44.562167;-66.1425;288195;26;11-jul-06;07:00:02;31.8416;10.3007;4.87112;3.74184232258064;3.04;0.504;2.7325;NaN;NaN
NED2006030_46;MFD_SETNO46;44.562167;-66.1425;288196;5;11-jul-06;07:00:02;31.5714;11.2013;5.03946;4.734576;1.7565;0.4125;0.8835;NaN;6.61966666666667
NED2006030_47;MFD_SETNO47;44.592167;-66.074833;288197;79;11-jul-06;08:25:16;32.4939;8.6651;4.22902;0.592454709677419;7.08;0.8635;7.843;32.499;6.51933333333333
NED2006030_47;MFD_SETNO47;44.592167;-66.074833;288198;50;11-jul-06;08:25:16;32.2722;8.9557;4.41831;0.768930580645161;5.774;0.78;6.3135;NaN;NaN
NED2006030_47;MFD_SETNO47;44.592167;-66.074833;288199;26;11-jul-06;08:25:16;31.9157;9.8416;4.81259;3.09274722580645;3.243;0.5465;3.1975;NaN;NaN
NED2006030_47;MFD_SETNO47;44.592167;-66.074833;288200;5;11-jul-06;08:25:16;31.5157;11.6305;5.11179;4.35275535483871;0.85;0.278;0.159;NaN;6.82766666666667
NED2006030_48;MFD_SETNO48;44.656367;-66.241;288201;129;11-jul-06;10:32:23;33.214;7.6472;3.75533;0.118303161290323;10.196;1.1065;12.5965;33.206;6.06033333333333
NED2006030_48;MFD_SETNO48;44.656367;-66.241;288202;51;11-jul-06;10:32:23;32.2416;8.3052;4.42397;0.395703677419355;6.3535;0.8;7.873;NaN;NaN
NED2006030_48;MFD_SETNO48;44.656367;-66.241;288203;25;11-jul-06;10:32:23;31.8817;9.0269;4.70029;1.79455703225806;4.4765;0.6495;5.23;NaN;NaN
NED2006030_48;MFD_SETNO48;44.656367;-66.241;288204;5;11-jul-06;10:32:23;31.0087;13.0232;4.93045;1.75637496774194;0.8345;0.2185;0.3935;NaN;6.71866666666667
NED2006030_49;MFD_SETNO49;44.912;-66.192667;288205;113;11-jul-06;13:24:16;32.5086;7.421;4.19948;0.097906064516129;7.77;0.9555;9.402;32.529;6.479
NED2006030_49;MFD_SETNO49;44.912;-66.192667;288206;51;11-jul-06;13:24:16;32.3503;7.7283;4.34186;0.106064903225806;7.025;0.926;8.555;NaN;NaN
NED2006030_49;MFD_SETNO49;44.912;-66.192667;288207;25;11-jul-06;13:24:16;31.851;9.4302;4.68798;0.497689161290323;4.9865;0.673;4.7545;NaN;NaN
NED2006030_49;MFD_SETNO49;44.912;-66.192667;288208;4;11-jul-06;13:24:16;30.9001;13.0152;5.0166;1.83273909677419;0.6935;0.1845;0.0505;NaN;6.56633333333333
NED2006030_5;MFD_SETNO5;43.253667;-64.258833;274941;92;06-jul-06;20:33:10;33.7201;7.099;3.4584;0.0205574193548387;11.667;1.0525;11.9335;33.616;4.9535
NED2006030_5;MFD_SETNO5;43.253667;-64.258833;274942;50;06-jul-06;20:33:10;32.6945;5.8544;5.00014;NaN;NaN;NaN;NaN;NaN;NaN
NED2006030_5;MFD_SETNO5;43.253667;-64.258833;274943;25;06-jul-06;20:33:10;31.7291;9.2198;5.2819;NaN;NaN;NaN;NaN;NaN;NaN
NED2006030_5;MFD_SETNO5;43.253667;-64.258833;274944;4;06-jul-06;20:33:10;30.8452;13.3915;4.64879;0.232526903225806;1.255;0.2915;0.044;NaN;6.42
NED2006030_50;MFD_SETNO50;44.869167;-65.9655;288209;98;11-jul-06;15:51:44;32.5278;7.919;4.20966;0.138700258064516;7.457;1.0245;8.9135;32.549;5.62
NED2006030_50;MFD_SETNO50;44.869167;-65.9655;288210;50;11-jul-06;15:51:44;32.3546;8.4292;4.34225;0.318194709677419;6.4895;1.0555;7.514;NaN;NaN
NED2006030_50;MFD_SETNO50;44.869167;-65.9655;288211;25;11-jul-06;15:51:44;32.0553;9.5623;4.66678;2.59638038709677;3.251;0.703;3.0885;NaN;NaN
NED2006030_50;MFD_SETNO50;44.869167;-65.9655;288212;6;11-jul-06;15:51:44;31.262;13.3927;5.0004;1.94728529032258;0.5235;0.194;0.0935;NaN;6.59
NED2006030_51;MFD_SETNO51;44.958167;-65.8545;288213;93;11-jul-06;17:24:12;32.2465;8.0948;4.379;0.189081290322581;6.197;0.843;7.336;32.255;5.93
NED2006030_51;MFD_SETNO51;44.958167;-65.8545;288214;51;11-jul-06;17:24:12;32.2434;8.1236;4.39912;0.239502967741935;6.1505;0.8595;7.3;NaN;NaN
NED2006030_51;MFD_SETNO51;44.958167;-65.8545;288215;26;11-jul-06;17:24:12;32.184;8.8181;4.55079;1.98546735483871;4.487;0.6815;5.0405;NaN;NaN
NED2006030_51;MFD_SETNO51;44.958167;-65.8545;288216;5;11-jul-06;17:24:12;31.215;14.4344;4.88979;1.56546464516129;0.382;0.168;0.044;NaN;6.564
NED2006030_52;MFD_SETNO52;44.854333;-65.646;288217;74;11-jul-06;19:42:46;31.94;9.7301;4.60616;1.06909780645161;4.7645;0.6895;4.6615;31.959;6.1205
NED2006030_52;MFD_SETNO52;44.854333;-65.646;288218;50;11-jul-06;19:42:46;31.937;9.7588;4.6149;1.41273638709677;4.177;0.6135;4.02;NaN;NaN
NED2006030_52;MFD_SETNO52;44.854333;-65.646;288219;25;11-jul-06;19:42:46;31.9199;9.9664;4.6629;1.33637225806452;4.508;0.6555;4.4065;NaN;NaN
NED2006030_52;MFD_SETNO52;44.854333;-65.646;288220;4;11-jul-06;19:42:46;31.5991;13.7937;4.99855;3.24547548387097;1.0555;0.2935;0.0775;NaN;6.7415
NED2006030_53;MFD_SETNO53;45.129833;-65.114;288221;72;12-jul-06;00:59:45;31.6591;10.2755;4.9055;2.94001896774193;2.239;0.516;2.5415;31.683;6.87
NED2006030_53;MFD_SETNO53;45.129833;-65.114;288222;51;12-jul-06;00:59:45;31.6595;10.2726;4.93911;3.70366025806452;2.1815;0.5445;2.51;NaN;NaN
NED2006030_53;MFD_SETNO53;45.129833;-65.114;288223;26;12-jul-06;00:59:45;31.6618;10.2684;4.92549;3.51274993548387;2.274;0.5235;2.5635;NaN;NaN
NED2006030_53;MFD_SETNO53;45.129833;-65.114;288224;5;12-jul-06;00:59:45;31.6628;10.2677;4.85684;3.36002167741935;2.2685;0.525;2.553;NaN;6.8035
NED2006030_54;MFD_SETNO54;45.210333;-64.974;288225;67;12-jul-06;02:54:16;31.4792;10.6273;5.00009;3.16911135483871;1.2585;0.5165;2.62;31.499;6.59666666666667
NED2006030_54;MFD_SETNO54;45.210333;-64.974;288226;50;12-jul-06;02:54:16;31.4796;10.622;5.00198;3.51274993548387;1.3015;0.515;2.6595;NaN;NaN
NED2006030_54;MFD_SETNO54;45.210333;-64.974;288227;24;12-jul-06;02:54:16;31.4676;10.6382;4.98914;3.24547548387097;1.2465;0.5215;2.6395;NaN;NaN
NED2006030_54;MFD_SETNO54;45.210333;-64.974;288228;5;12-jul-06;02:54:16;31.4577;10.6426;4.97141;2.86365483870968;1.2165;0.5105;2.6475;NaN;6.90033333333333
NED2006030_55;MFD_SETNO55;45.285;-64.9305;288229;55;12-jul-06;04:33:25;31.3758;10.8411;4.92153;2.32910593548387;1.5285;0.5475;3.228;31.396;6.812
NED2006030_55;MFD_SETNO55;45.285;-64.9305;288230;50;12-jul-06;04:33:25;31.3754;10.8415;4.92415;2.25274180645161;1.5355;0.586;3.119;NaN;NaN
NED2006030_55;MFD_SETNO55;45.285;-64.9305;288231;25;12-jul-06;04:33:25;31.369;10.8522;4.92214;1.94728529032258;1.53;0.543;3.0225;NaN;NaN
NED2006030_55;MFD_SETNO55;45.285;-64.9305;288232;5;12-jul-06;04:33:25;31.2182;11.3175;4.86975;1.60364670967742;1.5975;0.529;2.9845;NaN;6.83966666666667
NED2006030_56;MFD_SETNO56;45.341167;-65.26;288233;56;12-jul-06;06:58:33;31.3125;10.9567;4.88795;1.48910051612903;1.87;0.553;3.214;31.333;6.82166666666667
NED2006030_56;MFD_SETNO56;45.341167;-65.26;288234;50;12-jul-06;06:58:33;31.3145;10.954;4.88779;1.48910051612903;1.823;0.5465;3.1585;NaN;NaN
NED2006030_56;MFD_SETNO56;45.341167;-65.26;288235;25;12-jul-06;06:58:33;31.2936;11.0432;4.87935;1.37455432258065;1.809;0.5465;3.189;NaN;NaN
NED2006030_56;MFD_SETNO56;45.341167;-65.26;288236;5;12-jul-06;06:58:33;31.2529;11.1756;4.86672;1.29819019354839;1.9185;0.549;3.114;NaN;6.79966666666667
NED2006030_58;MFD_SETNO58;45.298833;-65.264;288237;55;12-jul-06;09:21:31;31.3104;10.967;4.87032;1.26000812903226;1.8715;0.532;3.1535;31.331;6.79633333333333
NED2006030_58;MFD_SETNO58;45.298833;-65.264;288238;50;12-jul-06;09:21:31;31.3096;10.9706;4.87626;1.29819019354839;2.091;0.525;3.1915;NaN;NaN
NED2006030_58;MFD_SETNO58;45.298833;-65.264;288239;26;12-jul-06;09:21:31;31.307;10.9768;4.87505;1.29819019354839;2.132;0.493;3.145;NaN;NaN
NED2006030_58;MFD_SETNO58;45.298833;-65.264;288240;5;12-jul-06;09:21:31;31.2857;11.0478;4.86511;1.33637225806452;2.149;0.482;3.1385;NaN;6.81733333333333
NED2006030_59;MFD_SETNO59;45.206167;-65.572667;288241;52;12-jul-06;11:45:56;31.3218;10.7575;4.86754;2.06183148387097;2.6375;0.501;3.4525;31.34;6.72266666666667
NED2006030_59;MFD_SETNO59;45.206167;-65.572667;288242;52;12-jul-06;11:45:56;31.3219;10.7563;4.87009;NaN;NaN;NaN;NaN;NaN;NaN
NED2006030_59;MFD_SETNO59;45.206167;-65.572667;288243;25;12-jul-06;11:45:56;31.1757;11.2159;4.82983;1.48910051612903;2.833;0.49;3.497;NaN;NaN
NED2006030_59;MFD_SETNO59;45.206167;-65.572667;288244;6;12-jul-06;11:45:56;31.1697;11.2587;4.84273;1.41273638709677;2.728;0.4845;3.4505;NaN;6.77533333333333
NED2006030_6;MFD_SETNO6;43.356833;-63.988667;274945;101;06-jul-06;23:03:38;34.1686;7.9699;2.75833;0.0102787096774194;15.5455;1.2605;16.2525;34.195;3.857
NED2006030_6;MFD_SETNO6;43.356833;-63.988667;274946;50;06-jul-06;23:03:38;32.8631;5.0378;4.30017;0.146859096774194;7.282;0.911;8.257;NaN;NaN
NED2006030_6;MFD_SETNO6;43.356833;-63.988667;274947;25;06-jul-06;23:03:38;32.4591;6.0584;5.49033;0.781536;1.645;0.425;0.1335;NaN;NaN
NED2006030_6;MFD_SETNO6;43.356833;-63.988667;274948;5;06-jul-06;23:03:38;30.7478;12.4062;4.75616;0.453795096774194;1.2485;0.3095;0.04;NaN;6.564
NED2006030_60;MFD_SETNO60;45.228333;-65.690167;288245;51;12-jul-06;13:17:06;31.3295;10.737;4.85784;1.87092116129032;2.5825;0.4875;3.3165;31.348;6.755
NED2006030_60;MFD_SETNO60;45.228333;-65.690167;288246;51;12-jul-06;13:17:06;31.3295;10.737;4.85784;NaN;NaN;NaN;NaN;NaN;NaN
NED2006030_60;MFD_SETNO60;45.228333;-65.690167;288247;25;12-jul-06;13:17:06;31.2996;10.8994;4.89078;1.79455703225806;2.6965;0.4945;3.416;NaN;6.811
NED2006030_60;MFD_SETNO60;45.228333;-65.690167;288248;5;12-jul-06;13:17:06;31.1973;11.2434;4.86264;1.68001083870968;2.91;0.5295;3.551;NaN;NaN
NED2006030_61;MFD_SETNO61;45.150833;-65.990333;288249;66;12-jul-06;15:49:41;31.6621;9.301;4.71436;1.41273638709677;4.2545;0.638;4.8935;31.679;6.567
NED2006030_61;MFD_SETNO61;45.150833;-65.990333;288250;51;12-jul-06;15:49:41;31.6638;9.291;4.7282;1.56546464516129;4.2225;0.623;4.8475;NaN;NaN
NED2006030_61;MFD_SETNO61;45.150833;-65.990333;288251;25;12-jul-06;15:49:41;31.5244;9.8674;4.83361;1.41273638709677;3.5385;0.553;4.219;NaN;NaN
NED2006030_61;MFD_SETNO61;45.150833;-65.990333;288252;6;12-jul-06;15:49:41;31.0464;11.0953;4.90608;1.87092116129032;3.6045;0.508;3.686;NaN;6.846
NED2006030_62;MFD_SETNO62;44.974167;-66.572667;288253;57;12-jul-06;20:37:52;31.1334;8.8075;4.2193;0.954551612903226;5.7025;0.7305;5.782;31.728;6.298
NED2006030_62;MFD_SETNO62;44.974167;-66.572667;288254;51;12-jul-06;20:37:52;31.7209;8.8801;4.62372;0.840005419354839;5.556;0.7055;5.612;NaN;NaN
NED2006030_62;MFD_SETNO62;44.974167;-66.572667;288255;25;12-jul-06;20:37:52;31.4615;9.6522;4.77661;0.693298064516129;3.9;0.5265;4.069;NaN;NaN
NED2006030_62;MFD_SETNO62;44.974167;-66.572667;288256;5;12-jul-06;20:37:52;31.1652;10.9036;4.97398;1.24793651612903;3.624;0.491;3;NaN;6.8235
NED2006030_63;MFD_SETNO63;44.689;-66.589333;288257;144;12-jul-06;22:59:22;33.3209;7.5444;3.6938;0.0856678064516129;11.25;1.055;13.2935;33.34;5.0825
NED2006030_63;MFD_SETNO63;44.689;-66.589333;288258;52;12-jul-06;22:59:22;32.2047;7.6764;4.41177;0.15909735483871;6.5335;0.749;7.6295;NaN;NaN
NED2006030_63;MFD_SETNO63;44.689;-66.589333;288259;26;12-jul-06;22:59:22;32.0147;8.5516;4.6369;1.33637225806452;5.462;0.646;5.889;NaN;NaN
NED2006030_63;MFD_SETNO63;44.689;-66.589333;288260;6;12-jul-06;22:59:22;30.6568;13.1324;5.39125;2.29092387096774;1.077;0.1455;0.1235;NaN;7.3315
NED2006030_64;MFD_SETNO64;44.877167;-66.868667;288261;93;13-jul-06;02:01:48;32.0046;8.581;4.46879;0.516822193548387;4.8265;0.596;5.4655;32.027;6.1235
NED2006030_64;MFD_SETNO64;44.877167;-66.868667;288262;52;13-jul-06;02:01:48;31.8502;8.9612;4.58653;0.794141419354839;5.578;0.689;6.36;NaN;NaN
NED2006030_64;MFD_SETNO64;44.877167;-66.868667;288263;26;13-jul-06;02:01:48;31.6353;9.4413;4.715;0.88237935483871;4.7375;0.601;5.2605;NaN;NaN
NED2006030_64;MFD_SETNO64;44.877167;-66.868667;288264;5;13-jul-06;02:01:48;31.605;9.6178;4.73424;1.07146064516129;4.9515;0.627;5.249;NaN;6.5195
NED2006030_65;MFD_SETNO65;44.689167;-66.970167;288265;97;13-jul-06;04:27:48;31.7973;8.7947;4.64778;0.705903483870968;5.7205;0.6965;6.6885;31.818;5.946
NED2006030_65;MFD_SETNO65;44.689167;-66.970167;288266;51;13-jul-06;04:27:48;31.7956;8.7934;4.65331;0.731114322580645;5.7785;0.6845;6.7575;NaN;NaN
NED2006030_65;MFD_SETNO65;44.689167;-66.970167;288267;25;13-jul-06;04:27:48;31.7881;8.8822;4.67693;NaN;5.82;0.682;6.7695;NaN;NaN
NED2006030_65;MFD_SETNO65;44.689167;-66.970167;288268;6;13-jul-06;04:27:48;31.7852;9.0552;4.6846;0.794141419354839;5.812;0.636;6.5535;NaN;6.80533333333333
NED2006030_66;MFD_SETNO66;44.1195;-67.271333;288269;137;13-jul-06;08:54:48;34.061;7.7704;3.13377;0.0407941935483871;15.7675;1.2145;17.717;34.056;5.08666666666667
NED2006030_66;MFD_SETNO66;44.1195;-67.271333;288270;50;13-jul-06;08:54:48;33.1119;8.0636;3.98393;0.257003419354839;8.685;0.79;10.24;NaN;NaN
NED2006030_66;MFD_SETNO66;44.1195;-67.271333;288271;25;13-jul-06;08:54:48;32.5634;9.8647;4.49793;1.37455432258064;5.3805;0.404;3.6735;NaN;NaN
NED2006030_66;MFD_SETNO66;44.1195;-67.271333;288272;5;13-jul-06;08:54:48;32.1581;12.638;4.79604;1.79455703225806;4.305;0.3605;0.5295;NaN;6.554
NED2006030_67;MFD_SETNO67;43.9045;-67.124333;288273;149;13-jul-06;11:59:02;34.1703;7.8841;3.08338;0.0326353548387097;15.6975;1.342;18.2045;34.187;5.05866666666667
NED2006030_67;MFD_SETNO67;43.9045;-67.124333;288274;49;13-jul-06;11:59:02;33.0877;7.8046;4.04377;0.257003419354839;8.8125;0.916;10.747;NaN;NaN
NED2006030_67;MFD_SETNO67;43.9045;-67.124333;288275;24;13-jul-06;11:59:02;32.5402;9.6251;4.54237;1.29819019354839;5.5315;0.5975;3.705;NaN;NaN
NED2006030_67;MFD_SETNO67;43.9045;-67.124333;288276;4;13-jul-06;11:59:02;32.1129;13.6989;4.778;0.819352258064516;4.063;0.354;0.237;NaN;5.794
NED2006030_68;MFD_SETNO68;43.7455;-67.3775;288277;195;13-jul-06;14:43:52;34.4387;8.1575;2.9651;0.0128483870967742;15.543;1.4455;19.7415;34.454;4.324
NED2006030_68;MFD_SETNO68;43.7455;-67.3775;288278;51;13-jul-06;14:43:52;33.0665;7.8488;4.04656;0.365557161290323;8.009;1.005;9.428;NaN;NaN
NED2006030_68;MFD_SETNO68;43.7455;-67.3775;288279;26;13-jul-06;14:43:52;32.6161;9.2412;4.55558;2.44365212903226;5.534;0.684;2.332;NaN;NaN
NED2006030_68;MFD_SETNO68;43.7455;-67.3775;288280;4;13-jul-06;14:43:52;32.108;14.876;4.68378;0.68069264516129;3.831;0.326;0.35;NaN;6.661
NED2006030_69;MFD_SETNO69;43.3015;-67.527;288281;197;13-jul-06;19:55:41;34.4959;8.0646;3.02635;0.0102787096774194;16.025;1.47;19.924;34.5;4.2185
NED2006030_69;MFD_SETNO69;43.3015;-67.527;288282;51;13-jul-06;19:55:41;32.7937;6.4837;4.21578;NaN;NaN;NaN;NaN;NaN;NaN
NED2006030_69;MFD_SETNO69;43.3015;-67.527;288283;26;13-jul-06;19:55:41;32.4072;6.9315;4.56155;1.90910322580645;4.5895;0.5805;2.018;NaN;NaN
NED2006030_69;MFD_SETNO69;43.3015;-67.527;288284;6;13-jul-06;19:55:41;31.8732;14.4702;4.77906;0.932801032258064;2.767;0.2175;0.2185;NaN;6.4805
NED2006030_7;MFD_SETNO7;43.576667;-64.078;274949;183;07-jul-06;01:28:24;34.8986;9.4255;1.68667;0.00899387096774193;22.206;1.5405;21.565;34.917;2.657
NED2006030_7;MFD_SETNO7;43.576667;-64.078;274950;50;07-jul-06;01:28:24;32.7988;5.1219;4.62929;NaN;NaN;NaN;NaN;NaN;NaN
NED2006030_7;MFD_SETNO7;43.576667;-64.078;274951;25;07-jul-06;01:28:24;32.3426;7.2321;5.28059;0.819352258064516;1.409;0.416;0.0665;NaN;NaN
NED2006030_7;MFD_SETNO7;43.576667;-64.078;274952;5;07-jul-06;01:28:24;31.0214;11.6327;4.80902;0.269241677419355;1.261;0.3195;0;NaN;6.9285
NED2006030_70;MFD_SETNO70;42.9565;-67.496833;288285;232;13-jul-06;22:40:43;34.8419;8.4624;2.93174;0.015418064516129;15.208;1.501;20.136;34.859;4.056
NED2006030_70;MFD_SETNO70;42.9565;-67.496833;288286;50;13-jul-06;22:40:43;32.8158;6.3915;4.24681;0.126462;8.302;0.9935;9.8685;NaN;NaN
NED2006030_70;MFD_SETNO70;42.9565;-67.496833;288287;27;13-jul-06;22:40:43;32.3864;7.7166;4.6923;1.29819019354839;4.0545;0.3065;1.6405;NaN;NaN
NED2006030_70;MFD_SETNO70;42.9565;-67.496833;288288;7;13-jul-06;22:40:43;31.8095;14.3125;4.76716;1.29819019354839;2.989;0.177;0.226;NaN;6.415
NED2006030_71;MFD_SETNO71;42.690167;-67.205333;288289;222;14-jul-06;01:54:34;35.0712;8.3003;2.95935;0.0115635483870968;13.8945;1.3755;19.974;35.093;4.1805
NED2006030_71;MFD_SETNO71;42.690167;-67.205333;288290;51;14-jul-06;01:54:34;33.0073;6.3212;4.15515;0.0411148387096774;9.426;1.0235;11.459;NaN;NaN
NED2006030_71;MFD_SETNO71;42.690167;-67.205333;288291;25;14-jul-06;01:54:34;32.5261;7.4363;4.61947;NaN;NaN;NaN;NaN;NaN;NaN
NED2006030_71;MFD_SETNO71;42.690167;-67.205333;288292;5;14-jul-06;01:54:34;31.9092;14.3812;4.67656;1.26000812903226;2.8545;0.2415;0.253;NaN;6.5135
NED2006030_72;MFD_SETNO72;42.373667;-67.214;288293;340;14-jul-06;05:40:50;35.0492;7.4255;3.13039;0.0128483870967742;13.8885;1.372;20.8725;35.069;4.269
NED2006030_72;MFD_SETNO72;42.373667;-67.214;288294;50;14-jul-06;05:40:50;33.1598;8.052;4.17039;0.171335612903226;7.1735;0.842;9.0435;NaN;NaN
NED2006030_72;MFD_SETNO72;42.373667;-67.214;288295;24;14-jul-06;05:40:50;32.4932;10.3433;4.72738;1.37455432258064;3.726;0.4485;1.651;NaN;NaN
NED2006030_72;MFD_SETNO72;42.373667;-67.214;288296;5;14-jul-06;05:40:50;32.0734;13.8656;4.68001;0.869773935483871;2.727;0.2835;0.1135;NaN;6.36766666666667
NED2006030_73;MFD_SETNO73;42.44;-66.915;288297;351;14-jul-06;08:18:51;35.0371;7.3211;3.15476;0.00899387096774194;13.45;1.3405;20.629;35.291;5.173
NED2006030_73;MFD_SETNO73;42.44;-66.915;288298;51;14-jul-06;08:18:51;32.7213;9.5243;4.54925;0.844563096774193;3.168;0.527;2.116;NaN;NaN
NED2006030_73;MFD_SETNO73;42.44;-66.915;288299;24;14-jul-06;08:18:51;32.1575;13.4293;4.72379;1.172304;2.3245;0.328;0.096;NaN;NaN
NED2006030_73;MFD_SETNO73;42.44;-66.915;288300;5;14-jul-06;08:18:51;32.0898;14.1518;4.63369;1.07146064516129;2.22;0.3295;0.0605;NaN;5.71533333333333
NED2006030_74;MFD_SETNO74;42.461333;-66.520833;288301;270;14-jul-06;11:01:50;35.0457;7.5506;3.10579;0.0128483870967742;13.113;1.373;20.795;35.065;5.02833333333333
NED2006030_74;MFD_SETNO74;42.461333;-66.520833;288302;50;14-jul-06;11:01:50;32.571;8.6388;4.65056;1.10727987096774;3.3335;0.5305;2.2865;NaN;NaN
NED2006030_74;MFD_SETNO74;42.461333;-66.520833;288303;25;14-jul-06;11:01:50;32.1773;12.8751;4.75063;1.56546464516129;2.514;0.347;0.0885;NaN;NaN
NED2006030_74;MFD_SETNO74;42.461333;-66.520833;288304;4;14-jul-06;11:01:50;32.1124;13.8476;4.66466;1.26000812903226;2.344;0.3605;0.1125;NaN;5.75833333333333
NED2006030_75;MFD_SETNO75;42.448667;-66.310833;288305;248;14-jul-06;13:05:19;35.0263;7.2836;3.21297;0.0128483870967742;12.7085;1.4645;20.551;35.044;5.113
NED2006030_75;MFD_SETNO75;42.448667;-66.310833;288306;51;14-jul-06;13:05:19;32.6294;8.9188;4.56357;0.554638451612903;3.5405;0.622;3.788;NaN;NaN
NED2006030_75;MFD_SETNO75;42.448667;-66.310833;288307;25;14-jul-06;13:05:19;32.3251;11.112;4.73754;0.970617290322581;2.7045;0.4475;1.344;NaN;NaN
NED2006030_75;MFD_SETNO75;42.448667;-66.310833;288308;5;14-jul-06;13:05:19;32.1061;14.1031;4.68452;1.15969858064516;1.992;0.302;0.029;NaN;5.76233333333333
NED2006030_76;MFD_SETNO76;42.541833;-66.005167;288309;129;14-jul-06;15:47:45;34.9679;11.4563;3.21512;0.0815883870967742;7.366;0.95;13.2585;34.988;4.5005
NED2006030_76;MFD_SETNO76;42.541833;-66.005167;288310;50;14-jul-06;15:47:45;34.5942;11.7792;3.53001;0.126462;6.112;0.8185;10.359;NaN;NaN
NED2006030_76;MFD_SETNO76;42.541833;-66.005167;288311;25;14-jul-06;15:47:45;33.3767;13.4331;4.31475;0.794141419354839;2.342;0.3865;1.8345;NaN;NaN
NED2006030_76;MFD_SETNO76;42.541833;-66.005167;288312;5;14-jul-06;15:47:45;32.353;14.6726;4.54594;0.693298064516129;1.7435;0.2885;0.026;NaN;6.3475
NED2006030_77;MFD_SETNO77;42.510167;-65.760667;288313;88;14-jul-06;17:47:00;34.74;10.9459;3.37438;0.0822296774193548;7.401;0.961;12.9855;34.741;4.635
NED2006030_77;MFD_SETNO77;42.510167;-65.760667;288314;51;14-jul-06;17:47:00;33.6572;11.1747;4.12628;NaN;NaN;NaN;NaN;NaN;NaN
NED2006030_77;MFD_SETNO77;42.510167;-65.760667;288315;26;14-jul-06;17:47:00;33.1218;12.7664;4.38067;1.183644;2.203;0.372;1.1025;NaN;NaN
NED2006030_77;MFD_SETNO77;42.510167;-65.760667;288316;5;14-jul-06;17:47:00;32.4839;14.1856;4.61631;1.56546464516129;2.058;0.32;0.0825;NaN;6.392
NED2006030_78;MFD_SETNO78;42.460167;-65.5885;288317;96;14-jul-06;19:14:55;34.6403;12.0469;3.51269;0.134620838709677;5.7335;0.7985;10.5305;34.662;4.839
NED2006030_78;MFD_SETNO78;42.460167;-65.5885;288318;50;14-jul-06;19:14:55;33.6238;10.3395;4.12895;NaN;NaN;NaN;NaN;NaN;NaN
NED2006030_78;MFD_SETNO78;42.460167;-65.5885;288319;26;14-jul-06;19:14:55;32.4676;11.7028;4.67228;0.781536;2.3045;0.4175;1.1595;NaN;NaN
NED2006030_78;MFD_SETNO78;42.460167;-65.5885;288320;5;14-jul-06;19:14:55;32.2313;14.2273;4.6096;0.831957677419355;1.9265;0.301;0;NaN;6.3275
NED2006030_8;MFD_SETNO8;43.781;-64.124167;274953;194;07-jul-06;03:55:22;34.917;9.5773;2.02368;0.00642419354838709;19.6925;1.4355;21.4885;34.919;3.23733333333333
NED2006030_8;MFD_SETNO8;43.781;-64.124167;274954;49;07-jul-06;03:55:22;32.558;4.4313;4.80715;0.252108387096774;3.8935;0.7475;5.3055;NaN;NaN
NED2006030_8;MFD_SETNO8;43.781;-64.124167;274955;24;07-jul-06;03:55:22;32.0261;5.2882;5.46008;0.806746838709677;1.178;0.458;0.138;NaN;NaN
NED2006030_8;MFD_SETNO8;43.781;-64.124167;274956;5;07-jul-06;03:55:22;30.9348;11.5035;4.835;0.261082838709677;1.246;0.314;0.0095;NaN;6.619
NED2006030_80;MFD_SETNO80;42.230167;-65.619;288321;116;14-jul-06;22:15:00;35.1332;8.2802;3.01113;0.0128483870967742;12.3875;1.374;20.5695;35.154;4.097
NED2006030_80;MFD_SETNO80;42.230167;-65.619;288322;51;14-jul-06;22:15:00;34.4254;11.248;3.62458;0.113065806451613;5.775;0.825;10.1285;NaN;NaN
NED2006030_80;MFD_SETNO80;42.230167;-65.619;288323;24;14-jul-06;22:15:00;33.9199;11.2332;3.95736;0.415978838709677;3.953;0.594;5.2345;NaN;NaN
NED2006030_80;MFD_SETNO80;42.230167;-65.619;288324;5;14-jul-06;22:15:00;32.1785;13.9387;4.61331;0.743719741935484;1.993;0.317;0.1195;NaN;6.258
NED2006030_81;MFD_SETNO81;42.481333;-65.438;288325;100;15-jul-06;00:52:30;34.366;11.7088;3.67291;0.138700258064516;5.2405;0.7675;8.6675;34.388;5.0865
NED2006030_81;MFD_SETNO81;42.481333;-65.438;288326;51;15-jul-06;00:52:30;33.4068;11.6144;4.05677;0.338591806451613;3.119;0.527;3.8845;NaN;NaN
NED2006030_81;MFD_SETNO81;42.481333;-65.438;288327;24;15-jul-06;00:52:30;31.9053;12.3804;4.79658;NaN;NaN;NaN;NaN;NaN;NaN
NED2006030_81;MFD_SETNO81;42.481333;-65.438;288328;5;15-jul-06;00:52:30;31.9262;12.9973;4.70826;0.781536;1.395;0.3105;0;NaN;6.5775
NED2006030_82;MFD_SETNO82;42.514833;-64.899833;288329;119;15-jul-06;04:16:09;34.6047;9.7212;3.30833;0.0334058064516129;8.2125;1.0775;14.0945;34.626;4.43366666666667
NED2006030_82;MFD_SETNO82;42.514833;-64.899833;288330;51;15-jul-06;04:16:09;33.132;7.6159;4.21409;0.244765161290323;5.265;0.779;6.1885;NaN;NaN
NED2006030_82;MFD_SETNO82;42.514833;-64.899833;288331;25;15-jul-06;04:16:09;31.8821;13.0269;4.77869;0.642876387096774;1.6165;0.321;0;NaN;NaN
NED2006030_82;MFD_SETNO82;42.514833;-64.899833;288332;4;15-jul-06;04:16:09;31.7387;14.5639;4.58323;0.441189677419355;1.43;0.301;0;NaN;6.27933333333333
NED2006030_83;MFD_SETNO83;42.476667;-64.6705;288333;459;15-jul-06;06:23:00;35.0082;5.8957;3.44957;0.00385451612903226;12.7475;1.3955;20.306;35.026;5.426
NED2006030_83;MFD_SETNO83;42.476667;-64.6705;288334;51;15-jul-06;06:23:00;33.4377;9.133;4.19423;0.134908064516129;3.3805;0.687;5.5735;NaN;NaN
NED2006030_83;MFD_SETNO83;42.476667;-64.6705;288335;24;15-jul-06;06:23:00;32.4211;16.4432;4.42743;0.363068322580645;0.5945;0.244;0;NaN;NaN
NED2006030_83;MFD_SETNO83;42.476667;-64.6705;288336;7;15-jul-06;06:23:00;31.9372;16.5543;3.95881;0.273321096774194;0.6655;0.306;0;NaN;5.47533333333333
NED2006030_84;MFD_SETNO84;42.695667;-64.389667;288337;128;15-jul-06;10:12:18;34.6549;9.3167;3.09014;0.0167029032258065;9.441;1.1915;16.304;34.669;4.97966666666667
NED2006030_84;MFD_SETNO84;42.695667;-64.389667;288338;50;15-jul-06;10:12:18;32.727;5.6991;4.44751;0.199891548387097;5.0215;0.837;6.4195;NaN;NaN
NED2006030_84;MFD_SETNO84;42.695667;-64.389667;288339;24;15-jul-06;10:12:18;31.7443;11.0621;4.9483;0.718508903225806;1.4425;0.36;0.0425;NaN;NaN
NED2006030_84;MFD_SETNO84;42.695667;-64.389667;288340;7;15-jul-06;10:12:18;31.2534;14.4353;4.55985;0.428584258064516;0.8035;0.2905;0;NaN;5.868
NED2006030_85;MFD_SETNO85;42.697167;-64.099167;288341;539;15-jul-06;12:44:55;34.9562;4.9215;3.91674;0.00256967741935484;11.9255;1.3165;18.8535;34.972;5.61
NED2006030_85;MFD_SETNO85;42.697167;-64.099167;288342;51;15-jul-06;12:44:55;32.8524;5.4574;4.58043;0.171335612903226;5.3235;0.9225;8.102;NaN;NaN
NED2006030_85;MFD_SETNO85;42.697167;-64.099167;288343;25;15-jul-06;12:44:55;31.8184;7.933;5.19136;0.493609741935484;1.006;0.399;0;NaN;NaN
NED2006030_85;MFD_SETNO85;42.697167;-64.099167;288344;4;15-jul-06;12:44:55;30.979;14.9533;4.48954;0.342671225806452;0.592;0.293;0;NaN;5.65033333333333
NED2006030_86;MFD_SETNO86;42.736833;-63.895;288345;565;15-jul-06;15:17:22;34.9457;4.6088;4.10137;0.00513935483870968;11.658;1.2595;18.2555;34.965;5.721
NED2006030_86;MFD_SETNO86;42.736833;-63.895;288346;51;15-jul-06;15:17:22;32.5101;6.2103;5.07458;NaN;NaN;NaN;NaN;NaN;NaN
NED2006030_86;MFD_SETNO86;42.736833;-63.895;288347;24;15-jul-06;15:17:22;31.5378;11.4457;4.89625;0.403373419354839;0.856;0.3445;0.174;NaN;NaN
NED2006030_86;MFD_SETNO86;42.736833;-63.895;288348;5;15-jul-06;15:17:22;31.0939;16.1783;4.3505;0.199891548387097;0.6355;0.279;5e-04;NaN;5.916
NED2006030_87;MFD_SETNO87;42.800833;-63.494333;288349;286;15-jul-06;18:27:05;35.104;8.8176;2.61385;NaN;NaN;NaN;NaN;NaN;NaN
NED2006030_87;MFD_SETNO87;42.800833;-63.494333;288350;51;15-jul-06;18:27:05;33.0614;6.4673;4.4318;0.228447483870968;4.5795;0.807;6.6805;33.088;5.832
NED2006030_87;MFD_SETNO87;42.800833;-63.494333;288351;25;15-jul-06;18:27:05;31.6865;10.204;5.11141;0.358988903225806;0.9935;0.345;0.005;NaN;6.4695
NED2006030_87;MFD_SETNO87;42.800833;-63.494333;288352;6;15-jul-06;18:27:05;31.1251;15.3964;4.45844;NaN;NaN;NaN;NaN;NaN;NaN
NED2006030_88;MFD_SETNO88;42.805667;-63.150667;288353;397;15-jul-06;21:02:53;35.0245;6.5505;3.09148;NaN;NaN;NaN;NaN;NaN;NaN
NED2006030_88;MFD_SETNO88;42.805667;-63.150667;288354;50;15-jul-06;21:02:53;33.9031;8.7863;4.20891;0.118303161290323;3.965;0.711;6.642;33.83;6.11
NED2006030_88;MFD_SETNO88;42.805667;-63.150667;288355;25;15-jul-06;21:02:53;33.097;10.249;5.12655;1.29819019354839;1.803;0.344;0.0105;NaN;6.79
NED2006030_88;MFD_SETNO88;42.805667;-63.150667;288356;5;15-jul-06;21:02:53;31.3563;17.1211;4.32496;NaN;NaN;NaN;NaN;NaN;NaN
NED2006030_89;MFD_SETNO89;42.952833;-63.386333;288357;164;15-jul-06;23:49:09;35.1712;9.8535;2.63524;0.00513935483870968;11.872;1.3595;20.6565;35.193;3.8015
NED2006030_89;MFD_SETNO89;42.952833;-63.386333;288358;50;15-jul-06;23:49:09;32.4446;4.8715;4.97431;0.57984929032258;3.4975;0.6855;3.301;NaN;NaN
NED2006030_89;MFD_SETNO89;42.952833;-63.386333;288359;27;15-jul-06;23:49:09;31.8708;7.3032;5.24881;0.378162580645161;1.3925;0.399;0;NaN;NaN
NED2006030_89;MFD_SETNO89;42.952833;-63.386333;288360;5;15-jul-06;23:49:09;31.0651;14.1062;4.62179;0.252924;1.082;0.29;0;NaN;6.6145
NED2006030_9;MFD_SETNO9;43.836167;-64.3355;274957;126;07-jul-06;06:11:37;34.2123;8.1231;2.73899;0.0128483870967742;16.513;1.25;16.1675;34.216;3.54066666666667
NED2006030_9;MFD_SETNO9;43.836167;-64.3355;274958;49;07-jul-06;06:11:37;32.0375;4.0297;5.03291;NaN;NaN;NaN;NaN;NaN;NaN
NED2006030_9;MFD_SETNO9;43.836167;-64.3355;274959;26;07-jul-06;06:11:37;31.7819;4.9948;5.24281;1.22182606451613;1.64;0.4605;0.3085;NaN;NaN
NED2006030_9;MFD_SETNO9;43.836167;-64.3355;274960;5;07-jul-06;06:11:37;31.2228;11.7318;4.828;0.326353548387097;1.122;0.3115;0.033;NaN;5.43233333333333
NED2006030_90;MFD_SETNO90;43.018167;-63.305;288361;159;16-jul-06;10:56:14;35.1905;9.9794;2.65389;0.00513935483870968;12.0625;1.3705;20.4225;35.209;4.65766666666667
NED2006030_90;MFD_SETNO90;43.018167;-63.305;288362;50;16-jul-06;10:56:14;32.8602;6.301;4.66018;0.203970967741935;4.5175;0.7915;6.16;NaN;NaN
NED2006030_90;MFD_SETNO90;43.018167;-63.305;288363;25;16-jul-06;10:56:14;32.0353;8.331;5.25547;0.407941935483871;1.883;0.4035;0.281;NaN;NaN
NED2006030_90;MFD_SETNO90;43.018167;-63.305;288364;5;16-jul-06;10:56:14;31.0503;15.4125;4.44594;0.248844580645161;1.0745;0.291;0.065;NaN;6.62933333333333
NED2006030_91;MFD_SETNO91;43.1225;-63.195167;288365;152;16-jul-06;13:04:33;35.176;9.9411;2.66319;0.028555935483871;11.9765;1.332;20.548;35.18;4.94666666666667
NED2006030_91;MFD_SETNO91;43.1225;-63.195167;288366;50;16-jul-06;13:04:33;32.765;5.0892;4.67683;0.327740903225806;3.6085;0.735;5.562;NaN;NaN
NED2006030_91;MFD_SETNO91;43.1225;-63.195167;288367;26;16-jul-06;13:04:33;32.1808;7.3575;5.34963;0.352951741935484;1.5125;0.41;0.076;NaN;NaN
NED2006030_91;MFD_SETNO91;43.1225;-63.195167;288368;5;16-jul-06;13:04:33;31.0791;14.7139;4.54311;0.191732709677419;1.0595;0.288;0.007;NaN;5.66966666666667
NED2006030_92;MFD_SETNO92;43.118;-63.003;288369;128;16-jul-06;15:59:04;34.9172;9.8929;3.14277;0.0115635483870968;NaN;NaN;NaN;NaN;4.402
NED2006030_92;MFD_SETNO92;43.118;-63.003;288370;50;16-jul-06;15:59:04;33.2454;6.8345;4.31078;0.554638451612903;NaN;NaN;NaN;34.934;NaN
NED2006030_92;MFD_SETNO92;43.118;-63.003;288371;25;16-jul-06;15:59:04;32.9287;10.2641;5.26513;0.668087225806452;NaN;NaN;NaN;NaN;7.264
NED2006030_92;MFD_SETNO92;43.118;-63.003;288372;5;16-jul-06;15:59:04;31.4331;17.4172;4.24188;NaN;NaN;NaN;NaN;NaN;NaN
NED2006030_94;MFD_SETNO94;42.978333;-62.819833;288373;123;16-jul-06;23:57:00;34.8385;9.8742;3.2386;0.0172168387096774;9.103;1.047;14.9155;34.84;4.8385
NED2006030_94;MFD_SETNO94;42.978333;-62.819833;288374;51;16-jul-06;23:57:00;33.303;6.8112;4.46454;0.342671225806452;4.2695;0.7375;6.1305;NaN;NaN
NED2006030_94;MFD_SETNO94;42.978333;-62.819833;288375;25;16-jul-06;23:57:00;32.986;8.7728;5.12558;1.41180696774194;2.2595;0.4235;0.321;NaN;NaN
NED2006030_94;MFD_SETNO94;42.978333;-62.819833;288376;7;16-jul-06;23:57:00;31.7028;17.3999;4.25637;0.252924;1.0805;0.284;0.007;NaN;6.2475
NED2006030_95;MFD_SETNO95;42.947833;-62.662;288377;111;17-jul-06;01:41:10;34.5401;9.0512;3.47669;NaN;NaN;NaN;NaN;33.206;NaN
NED2006030_95;MFD_SETNO95;42.947833;-62.662;288378;52;17-jul-06;01:41:10;33.4163;6.4973;4.3629;NaN;NaN;NaN;NaN;NaN;NaN
NED2006030_95;MFD_SETNO95;42.947833;-62.662;288379;26;17-jul-06;01:41:10;33.2171;10.8101;5.00332;1.60088825806452;1.288;0.316;0.014;NaN;6.9465
NED2006030_95;MFD_SETNO95;42.947833;-62.662;288380;6;17-jul-06;01:41:10;31.6158;17.3096;4.24666;0.269241677419355;1.0525;0.2815;0.0245;NaN;5.83
NED2006030_96;MFD_SETNO96;42.973667;-62.4395;288381;199;17-jul-06;03:33:59;35.0864;8.4653;2.64137;0.015418064516129;13.4345;1.4695;22.822;35.108;4.05233333333333
NED2006030_96;MFD_SETNO96;42.973667;-62.4395;288382;50;17-jul-06;03:33:59;33.4131;6.6142;4.35189;0.232526903225806;5.638;0.808;7.2415;NaN;NaN
NED2006030_96;MFD_SETNO96;42.973667;-62.4395;288383;25;17-jul-06;03:33:59;33.1302;10.5803;5.0608;1.52525574193548;1.635;0.351;0.2225;NaN;NaN
NED2006030_96;MFD_SETNO96;42.973667;-62.4395;288384;5;17-jul-06;03:33:59;32.1194;16.3663;4.40618;0.314115290322581;0.567;0.3145;0.034;NaN;6.07333333333333
NED2006030_97;MFD_SETNO97;43.092667;-62.518;288385;107;17-jul-06;05:27:31;34.4938;8.9187;3.48112;0.0295512903225806;9.035;1.0025;13.0875;34.511;5.16266666666667
NED2006030_97;MFD_SETNO97;43.092667;-62.518;288386;50;17-jul-06;05:27:31;33.2776;8.1247;4.56258;0.407941935483871;3.1425;0.612;4.0005;NaN;NaN
NED2006030_97;MFD_SETNO97;43.092667;-62.518;288387;25;17-jul-06;05:27:31;32.3648;15.0326;4.58781;0.579277548387097;1.0035;0.2935;0.0495;NaN;NaN
NED2006030_97;MFD_SETNO97;43.092667;-62.518;288388;6;17-jul-06;05:27:31;31.6087;17.6427;4.18565;0.240685741935484;1.0745;0.271;0.0295;NaN;5.04933333333333
NED2006030_98;MFD_SETNO98;43.135333;-62.2005;288389;105;17-jul-06;07:35:36;34.4447;8.8779;3.63595;0.0321209677419355;7.8785;0.928;12.0415;34.436;5.42566666666667
NED2006030_98;MFD_SETNO98;43.135333;-62.2005;288390;50;17-jul-06;07:35:36;32.9408;8.8596;5.03945;1.563072;2.3755;0.452;0.7085;NaN;NaN
NED2006030_98;MFD_SETNO98;43.135333;-62.2005;288391;26;17-jul-06;07:35:36;32.3664;12.5806;4.87686;0.624151161290323;1.2135;0.357;0.0535;NaN;NaN
NED2006030_98;MFD_SETNO98;43.135333;-62.2005;288392;5;17-jul-06;07:35:36;31.8312;17.5136;4.2078;0.265162258064516;1.74;0.21;0.0855;NaN;5.43133333333333
NED2006030_99;MFD_SETNO99;42.980667;-62.164833;288393;148;17-jul-06;10:43:00;35.0023;9.7229;3.03829;0.015418064516129;9.904;0.998;16.455;34.977;4.80566666666667
NED2006030_99;MFD_SETNO99;42.980667;-62.164833;288394;51;17-jul-06;10:43:00;33.2225;7.7953;4.62228;0.88237935483871;4.814;0.4945;4.923;NaN;NaN
NED2006030_99;MFD_SETNO99;42.980667;-62.164833;288395;25;17-jul-06;10:43:00;32.7327;8.3686;5.19343;3.74184232258064;1.562;0.2155;0.262;NaN;NaN
NED2006030_99;MFD_SETNO99;42.980667;-62.164833;288396;5;17-jul-06;10:43:00;32.2091;16.7986;4.28842;0.293718193548387;2.1295;0.012;0.1055;NaN;5.659
