CTD;CTD;CTD;CTD;CTD;CTD;CTD;CTD;CTD;CTD;CTD;labo;labo;labo;labo;labo;labo
Fichier;Station;Latitude;Longitude;Echantillon;zbouteille;Date;Heure;PSAL;TEMP_XX;DOXY;CHL_01;Si_01;PO4_01;NOx_01;PSAL_BS;OXY_03
(nom);(nom/no);(degres);(degres);(no_unique);(dbar);(jj-mmm-yyyy);(GMT);(psu);(celsius);(ml/l);(mg/m**3);(mmol/m**3);(mmol/m**3);(mmol/m**3);(PSU);(ml/l)
TEL2007745_0;MFD_SETNO0;44.27055;-63.324717;304643;159;07-jul-07;22:18:43;33.9269;6.1181;3.32523;NaN;NaN;NaN;NaN;NaN;NaN
TEL2007745_0;MFD_SETNO0;44.27055;-63.324717;304644;101;07-jul-07;22:18:43;32.8066;2.4359;4.67747;0.0246275428571429;7.7545;0.981;8.4205;32.796;6.063
TEL2007745_0;MFD_SETNO0;44.27055;-63.324717;304645;76;07-jul-07;22:18:43;32.522;1.5988;5.00246;0.0287321333333333;7.2445;0.959;7.325;NaN;NaN
TEL2007745_0;MFD_SETNO0;44.27055;-63.324717;304646;50;07-jul-07;22:18:43;32.2925;1.4171;5.31693;0.0930373841269841;4.547;0.8585;5.0475;NaN;NaN
TEL2007745_0;MFD_SETNO0;44.27055;-63.324717;304647;40;07-jul-07;22:18:43;32.0028;1.3231;5.4606;0.135851111111111;4.4;0.8235;4.246;32.827;6.9045
TEL2007745_0;MFD_SETNO0;44.27055;-63.324717;304648;31;07-jul-07;22:18:43;31.8438;3.7165;5.80929;1.015531;1.2385;0.485;0.1895;NaN;NaN
TEL2007745_0;MFD_SETNO0;44.27055;-63.324717;304649;20;07-jul-07;22:18:43;31.2433;5.1399;5.7409;NaN;NaN;NaN;NaN;NaN;NaN
TEL2007745_0;MFD_SETNO0;44.27055;-63.324717;304650;10;07-jul-07;22:18:43;30.8015;11.1754;5.0806;0.46767875;1.107;0.3535;0.038;NaN;NaN
TEL2007745_0;MFD_SETNO0;44.27055;-63.324717;304651;6;07-jul-07;22:18:43;30.7422;11.6739;5.04202;0.36078075;1.0675;0.3355;0.033;NaN;NaN
TEL2007745_0;MFD_SETNO0;44.27055;-63.324717;304652;2;07-jul-07;22:18:43;30.8131;11.6824;5.03336;0.374143;0.928;0.2955;0.0285;30.779;6.468
TEL2007745_1;MFD_SETNO1;44.184033;-63.756367;304653;130;08-jul-07;03:39:46;32.9575;3.0714;4.44751;0.031468526984127;8.378;0.9565;8.6545;32.969;5.8635
TEL2007745_1;MFD_SETNO1;44.184033;-63.756367;304654;51;08-jul-07;03:39:46;32.3193;1.4244;5.25802;0.143614031746032;4.7025;0.909;5.1985;NaN;NaN
TEL2007745_1;MFD_SETNO1;44.184033;-63.756367;304655;25;08-jul-07;03:39:46;31.8589;1.7398;5.91857;1.35191585714286;1.6115;0.5125;0.6535;NaN;NaN
TEL2007745_1;MFD_SETNO1;44.184033;-63.756367;304656;5;08-jul-07;03:39:46;30.9246;12.6825;4.83471;0.294990984126984;0.652;0.2695;0.03;NaN;6.3095
TEL2007745_10;MFD_SETNO10;42.942383;-64.616967;304689;93;09-jul-07;06:32:32;33.293;4.5197;4.02105;0.0328367238095238;9.055;0.9925;9.8025;33.275;5.403
TEL2007745_10;MFD_SETNO10;42.942383;-64.616967;304690;50;09-jul-07;06:32:32;32.3213;2.0665;5.29719;0.374143;2.7955;0.682;2.849;NaN;NaN
TEL2007745_10;MFD_SETNO10;42.942383;-64.616967;304691;25;09-jul-07;06:32:32;31.8724;4.6741;5.68439;0.908633;1.0395;0.397;0.1165;NaN;NaN
TEL2007745_10;MFD_SETNO10;42.942383;-64.616967;304692;5;09-jul-07;06:32:32;30.898;12.3128;4.80137;0.587939;0.9395;0.3035;0.0495;NaN;6.308
TEL2007745_100;MFD_SETNO100;43.395917;-60.836717;307009;92;21-jul-07;17:41:03;33.8325;5.9191;4.73669;0.104799428571429;5.924;0.741;6.594;33.757;6.065
TEL2007745_100;MFD_SETNO100;43.395917;-60.836717;307010;49;21-jul-07;17:41:03;33.1437;5.2049;5.42203;0.430842095238095;1.3135;0.4835;1.2855;NaN;NaN
TEL2007745_100;MFD_SETNO100;43.395917;-60.836717;307011;26;21-jul-07;17:41:03;32.2309;13.7547;4.77783;0.423079174603175;0.678;0.261;0.033;NaN;NaN
TEL2007745_100;MFD_SETNO100;43.395917;-60.836717;307012;6;21-jul-07;17:41:03;32.0442;13.8657;4.73789;0.430842095238095;0.6465;0.255;0.0275;NaN;5.9795
TEL2007745_101;MFD_SETNO101;43.47805;-61.269567;307013;70;21-jul-07;20:25:03;33.1126;3.9194;5.03558;0.5077655;6.1865;0.6995;3.328;33.098;6.3865
TEL2007745_101;MFD_SETNO101;43.47805;-61.269567;307014;51;21-jul-07;20:25:03;32.9879;3.8909;5.13065;0.5077655;6.0305;0.7405;3.0165;NaN;NaN
TEL2007745_101;MFD_SETNO101;43.47805;-61.269567;307015;25;21-jul-07;20:25:03;32.797;6.8334;5.68448;0.5612145;0.5985;0.308;0.0295;NaN;NaN
TEL2007745_101;MFD_SETNO101;43.47805;-61.269567;307016;5;21-jul-07;20:25:03;31.9481;14.4301;4.62488;0.426960634920635;0.621;0.2625;0.0265;NaN;5.8825
TEL2007745_102;MFD_SETNO102;43.74355;-61.476833;307017;46;21-jul-07;22:59:03;32.3356;6.1554;5.20631;0.48518253968254;1.4415;0.4385;0.146;32.314;6.5795
TEL2007745_102;MFD_SETNO102;43.74355;-61.476833;307018;46;21-jul-07;22:59:03;32.3356;6.1554;5.20631;NaN;NaN;NaN;NaN;NaN;NaN
TEL2007745_102;MFD_SETNO102;43.74355;-61.476833;307019;25;21-jul-07;22:59:03;32.2745;6.9973;5.33585;0.908633;1.1315;0.348;0.029;NaN;NaN
TEL2007745_102;MFD_SETNO102;43.74355;-61.476833;307020;5;21-jul-07;22:59:03;31.8137;16.372;4.37338;0.256176380952381;0.5885;0.248;0.037;NaN;5.5715
TEL2007745_103;MFD_SETNO103;43.872283;-61.507317;307021;51;22-jul-07;00:53:21;32.4274;5.0939;5.09699;NaN;NaN;NaN;NaN;32.412;NaN
TEL2007745_103;MFD_SETNO103;43.872283;-61.507317;307022;49;22-jul-07;00:53:21;32.4279;5.0952;5.10756;0.60130125;2.5485;0.5635;0.544;NaN;6.4645
TEL2007745_103;MFD_SETNO103;43.872283;-61.507317;307023;26;22-jul-07;00:53:21;32.2451;6.7741;5.47452;1.175878;0.89;0.3955;0.026;NaN;NaN
TEL2007745_103;MFD_SETNO103;43.872283;-61.507317;307024;6;22-jul-07;00:53:21;31.7737;16.198;4.41243;0.24841346031746;0.588;0.2585;0.0205;NaN;5.55
TEL2007745_104;MFD_SETNO104;44.130367;-61.85655;307025;120;22-jul-07;03:39:27;33.8971;6.183;2.92541;0.0191547555555556;17.6125;1.3495;15.16;33.857;3.8925
TEL2007745_104;MFD_SETNO104;44.130367;-61.85655;307026;50;22-jul-07;03:39:27;32.5205;2.0277;5.12909;0.217361777777778;5.324;0.866;5.754;NaN;NaN
TEL2007745_104;MFD_SETNO104;44.130367;-61.85655;307027;24;22-jul-07;03:39:27;32.1298;6.4498;5.72342;0.86854625;0.7015;0.3515;0.078;NaN;NaN
TEL2007745_104;MFD_SETNO104;44.130367;-61.85655;307028;3;22-jul-07;03:39:27;31.4907;15.7779;4.47671;0.263939301587302;0.5235;0.2255;0.0285;NaN;5.7985
TEL2007745_105;MFD_SETNO105;44.24555;-61.36275;307029;159;22-jul-07;07:39:58;34.0983;6.9009;2.40576;0.0150501650793651;20.5275;1.4585;16.992;34.071;3.199
TEL2007745_105;MFD_SETNO105;44.24555;-61.36275;307030;50;22-jul-07;07:39:58;32.6149;2.5438;5.40504;0.0931550476190476;3.506;0.768;3.764;NaN;NaN
TEL2007745_105;MFD_SETNO105;44.24555;-61.36275;307031;26;22-jul-07;07:39:58;32.1846;4.3712;5.75712;1.1491535;1.6375;0.5165;0.2955;NaN;NaN
TEL2007745_105;MFD_SETNO105;44.24555;-61.36275;307032;6;22-jul-07;07:39:58;31.1853;15.6622;4.50408;0.306635365079365;0.7545;0.2485;0.0335;NaN;5.8365
TEL2007745_106;MFD_SETNO106;44.080433;-61.10165;307033;58;22-jul-07;10:08:32;32.707;3.422;4.90227;0.166902793650794;6.416;0.7865;3.2055;32.694;6.4705
TEL2007745_106;MFD_SETNO106;44.080433;-61.10165;307034;50;22-jul-07;10:08:32;32.6893;3.4688;4.97272;0.209598857142857;6.3905;0.7985;3.1885;NaN;NaN
TEL2007745_106;MFD_SETNO106;44.080433;-61.10165;307035;26;22-jul-07;10:08:32;32.528;6.1485;5.57698;0.8284595;1.875;0.486;0.2495;NaN;NaN
TEL2007745_106;MFD_SETNO106;44.080433;-61.10165;307036;6;22-jul-07;10:08:32;31.2616;15.6098;4.47348;0.263939301587302;0.5585;0.237;0.041;NaN;5.7685
TEL2007745_107;MFD_SETNO107;44.013067;-61.286717;307037;80;22-jul-07;11:53:42;33.4462;4.7721;3.43843;0.0582219047619048;16.19;1.2545;13.0525;33.43;4.5615
TEL2007745_107;MFD_SETNO107;44.013067;-61.286717;307038;50;22-jul-07;11:53:42;32.4875;2.5607;5.09237;0.12420673015873;6.272;0.951;6.9745;NaN;NaN
TEL2007745_107;MFD_SETNO107;44.013067;-61.286717;307039;25;22-jul-07;11:53:42;32.4472;7.7024;5.76854;0.8819085;0.6195;0.314;0.06;NaN;NaN
TEL2007745_107;MFD_SETNO107;44.013067;-61.286717;307040;5;22-jul-07;11:53:42;31.3956;15.7409;4.44094;0.256176380952381;0.4875;0.2385;0.077;NaN;5.772
TEL2007745_108;MFD_SETNO108;43.798217;-61.173517;307041;50;22-jul-07;14:12:19;32.5157;5.3231;5.14584;0.395908952380952;2.7715;0.5605;0.705;32.501;6.715
TEL2007745_108;MFD_SETNO108;43.798217;-61.173517;307042;26;22-jul-07;14:12:19;32.3747;6.1517;5.2386;0.97544425;1.5155;0.498;0.187;NaN;NaN
TEL2007745_108;MFD_SETNO108;43.798217;-61.173517;307043;6;22-jul-07;14:12:19;31.876;16.1775;4.37842;0.333805587301587;0.501;0.258;0.028;NaN;5.651
TEL2007745_11;MFD_SETNO11;42.811867;-64.756617;304693;99;09-jul-07;09:14:18;32.4735;3.1527;4.65679;NaN;NaN;NaN;NaN;NaN;NaN
TEL2007745_11;MFD_SETNO11;42.811867;-64.756617;304694;50;09-jul-07;09:14:18;32.4138;3.0123;4.79935;0.062937053968254;6.9805;0.883;6.5975;NaN;NaN
TEL2007745_11;MFD_SETNO11;42.811867;-64.756617;304695;25;09-jul-07;09:14:18;31.6365;5.182;5.53628;0.38750525;2.2405;0.53;1.6665;NaN;NaN
TEL2007745_11;MFD_SETNO11;42.811867;-64.756617;304696;5;09-jul-07;09:14:18;31.2566;10.519;5.03867;0.57457675;0.9415;0.283;0.055;NaN;6.7165
TEL2007745_110;MFD_SETNO110;43.686833;-60.858167;307044;46;22-jul-07;17:36:05;32.6374;4.762;5.23022;0.263939301587302;4.0255;0.621;1.497;32.62;6.728
TEL2007745_110;MFD_SETNO110;43.686833;-60.858167;307045;26;22-jul-07;17:36:05;32.4314;6.2364;5.20762;0.5077655;2.816;0.5615;0.899;NaN;NaN
TEL2007745_110;MFD_SETNO110;43.686833;-60.858167;307046;5;22-jul-07;17:36:05;31.8861;14.5446;4.53645;0.454130857142857;0.7325;0.2865;0.034;NaN;5.856
TEL2007745_111;MFD_SETNO111;43.633483;-60.501717;307047;60;22-jul-07;20:31:24;33.0289;3.6185;5.31629;0.159139873015873;3.846;0.624;2.5395;33.019;6.203
TEL2007745_111;MFD_SETNO111;43.633483;-60.501717;307048;50;22-jul-07;20:31:24;32.9116;3.7399;5.38837;0.11644380952381;3.9845;0.664;2.524;NaN;NaN
TEL2007745_111;MFD_SETNO111;43.633483;-60.501717;307049;26;22-jul-07;20:31:24;32.5216;4.9765;5.61119;0.57457675;1.536;0.5095;1.0555;NaN;NaN
TEL2007745_111;MFD_SETNO111;43.633483;-60.501717;307050;6;22-jul-07;20:31:24;31.9072;15.5293;4.48335;0.403671873015873;0.7765;0.2355;0.0415;NaN;5.7145
TEL2007745_112;MFD_SETNO112;43.635367;-59.651417;307051;199;23-jul-07;02:19:49;34.8177;7.1376;3.1796;0.0164183619047619;13.1785;1.304;18.31;34.799;4.1775
TEL2007745_112;MFD_SETNO112;43.635367;-59.651417;307052;51;23-jul-07;02:19:49;33.4234;4.9247;5.26772;0.298872444444444;2.363;0.584;3.5325;NaN;NaN
TEL2007745_112;MFD_SETNO112;43.635367;-59.651417;307053;25;23-jul-07;02:19:49;32.9142;7.8371;5.54913;1.015531;0.5895;0.324;0.061;NaN;NaN
TEL2007745_112;MFD_SETNO112;43.635367;-59.651417;307054;5;23-jul-07;02:19:49;31.7435;13.7243;4.75754;0.426960634920635;0.6665;0.2695;0.0335;NaN;6.145
TEL2007745_113;MFD_SETNO113;43.722467;-59.515983;307055;99;23-jul-07;04:40:57;33.7633;4.9267;4.71262;0.0776292063492063;5.9665;0.8245;7.847;33.749;6.169
TEL2007745_113;MFD_SETNO113;43.722467;-59.515983;307056;50;23-jul-07;04:40:57;33.1985;3.9188;5.48144;0.392027492063492;2.268;0.623;3.111;NaN;NaN
TEL2007745_113;MFD_SETNO113;43.722467;-59.515983;307057;25;23-jul-07;04:40:57;32.9884;11.1435;5.1613;0.7215615;0.6035;0.283;0.0875;NaN;NaN
TEL2007745_113;MFD_SETNO113;43.722467;-59.515983;307058;5;23-jul-07;04:40:57;31.7672;14.203;4.66479;0.291109523809524;0.8255;0.2705;0.0405;NaN;6.0705
TEL2007745_115;MFD_SETNO115;43.871583;-59.159983;307059;81;23-jul-07;08:30:55;33.1165;2.8225;5.18034;0.232887619047619;4.4645;0.7695;5.09;33.086;6.7435
TEL2007745_115;MFD_SETNO115;43.871583;-59.159983;307060;50;23-jul-07;08:30:55;32.852;2.6403;5.34641;0.197954476190476;4.3345;0.775;4.66;NaN;NaN
TEL2007745_115;MFD_SETNO115;43.871583;-59.159983;307061;26;23-jul-07;08:30:55;32.3288;4.9931;5.92378;0.962082;1.1745;0.449;0.514;NaN;NaN
TEL2007745_115;MFD_SETNO115;43.871583;-59.159983;307062;5;23-jul-07;08:30:55;31.317;15.3195;4.51699;0.5077655;0.774;0.245;0.0405;NaN;5.8865
TEL2007745_116;MFD_SETNO116;44.257533;-59.339867;307063;223;23-jul-07;12:09:15;34.557;5.1593;4.26366;0.0246275428571429;11.4795;1.065;13.7915;34.516;5.497
TEL2007745_116;MFD_SETNO116;44.257533;-59.339867;307064;51;23-jul-07;12:09:15;32.6056;2.6663;5.58072;0.427592;2.7975;0.6755;2.7865;NaN;NaN
TEL2007745_116;MFD_SETNO116;44.257533;-59.339867;307065;26;23-jul-07;12:09:15;31.7866;7.3367;5.58408;0.94871975;0.8515;0.4;0.2555;NaN;NaN
TEL2007745_116;MFD_SETNO116;44.257533;-59.339867;307066;5;23-jul-07;12:09:15;31.4018;14.8169;4.55457;0.298872444444444;0.712;0.259;0.0455;NaN;5.852
TEL2007745_117;MFD_SETNO117;44.204;-59.559883;307067;214;23-jul-07;14:43:07;34.5449;5.2261;4.13261;0.0246275428571429;13.732;1.118;13.794;34.5;5.2765
TEL2007745_117;MFD_SETNO117;44.204;-59.559883;307068;50;23-jul-07;14:43:07;32.6591;3.0204;5.49877;NaN;2.2225;0.6815;2.476;NaN;NaN
TEL2007745_117;MFD_SETNO117;44.204;-59.559883;307069;25;23-jul-07;14:43:07;32.1903;7.3058;5.46525;1.015531;1.0615;0.379;0.0935;NaN;NaN
TEL2007745_118;MFD_SETNO118;44.069333;-60.102517;307070;55;23-jul-07;18:09:01;32.8119;3.1155;5.05345;0.229006158730159;7.132;0.8275;4.7865;32.789;6.471
TEL2007745_118;MFD_SETNO118;44.069333;-60.102517;307071;24;23-jul-07;18:09:01;32.0445;8.4213;5.57873;0.8819085;1.315;0.331;0.08;NaN;NaN
TEL2007745_118;MFD_SETNO118;44.069333;-60.102517;307072;5;23-jul-07;18:09:01;31.4728;15.0905;4.54791;0.411434793650794;0.767;0.2555;0.027;NaN;5.878
TEL2007745_12;MFD_SETNO12;42.87795;-64.92865;304697;94;09-jul-07;12:47:48;32.7676;3.5883;4.32287;0.0287321333333333;8.9535;0.9885;9.083;32.751;5.8375
TEL2007745_12;MFD_SETNO12;42.87795;-64.92865;304698;50;09-jul-07;12:47:48;32.2643;2.9153;4.95069;0.163021333333333;5.503;0.802;5.144;NaN;NaN
TEL2007745_12;MFD_SETNO12;42.87795;-64.92865;304699;26;09-jul-07;12:47:48;31.9506;3.2606;5.34894;0.310516825396825;3.078;0.615;2.517;NaN;NaN
TEL2007745_12;MFD_SETNO12;42.87795;-64.92865;304700;6;09-jul-07;12:47:48;31.6449;9.0208;5.24463;0.855184;1.6695;0.3915;0.4225;NaN;7
TEL2007745_120;MFD_SETNO120;44.2229;-60.41705;307073;94;23-jul-07;22:12:35;32.92;2.3559;4.84168;0.0369413142857143;8.088;0.964;8.0105;32.907;6.23466666666667
TEL2007745_120;MFD_SETNO120;44.2229;-60.41705;307074;51;23-jul-07;22:12:35;32.4531;2.4095;5.28465;0.139732571428571;4.2615;0.8125;4.136;NaN;NaN
TEL2007745_120;MFD_SETNO120;44.2229;-60.41705;307075;25;23-jul-07;22:12:35;32.1929;4.9668;5.78368;1.05561775;1.3925;0.4645;0.355;NaN;NaN
TEL2007745_120;MFD_SETNO120;44.2229;-60.41705;307076;5;23-jul-07;22:12:35;31.2866;16.0614;4.51922;0.217361777777778;0.814;0.287;0.023;NaN;5.73233333333333
TEL2007745_121;MFD_SETNO121;44.300033;-60.237067;307077;120;24-jul-07;00:47:02;33.5942;4.0927;4.53229;0.271702222222222;4.02;0.6015;3.9175;32.356;6.33133333333333
TEL2007745_121;MFD_SETNO121;44.300033;-60.237067;307078;50;24-jul-07;00:47:02;32.5851;3.1946;5.51481;0.182428634920635;3.8985;0.7375;4.3805;NaN;NaN
TEL2007745_121;MFD_SETNO121;44.300033;-60.237067;307079;25;24-jul-07;00:47:02;32.09;8.0862;5.61293;0.423079174603175;3.187;0.6375;3.0815;NaN;NaN
TEL2007745_121;MFD_SETNO121;44.300033;-60.237067;307080;4;24-jul-07;00:47:02;30.508;14.9706;4.70404;0.446367936507937;2.0725;0.4535;1.578;NaN;6.685
TEL2007745_122;MFD_SETNO122;44.5303;-60.3206;307081;60;24-jul-07;03:03:12;32.3584;1.5622;5.08472;0.201835936507937;5.8705;0.8545;5.2955;32.308;6.6795
TEL2007745_122;MFD_SETNO122;44.5303;-60.3206;307082;50;24-jul-07;03:03:12;32.077;1.1589;5.36378;0.6681125;5.792;0.8515;4.9165;NaN;NaN
TEL2007745_122;MFD_SETNO122;44.5303;-60.3206;307083;24;24-jul-07;03:03:12;31.5562;2.375;5.84713;0.326042666666667;2.9695;0.655;1.837;NaN;NaN
TEL2007745_122;MFD_SETNO122;44.5303;-60.3206;307084;4;24-jul-07;03:03:12;30.5831;15.3762;4.65083;0.473538158730159;1.1815;0.2975;0.032;NaN;6.3635
TEL2007745_123;MFD_SETNO123;44.785967;-60.167983;307085;125;24-jul-07;06:48:08;33.2769;3.3933;4.75078;0.0328367238095238;8.604;0.9385;8.776;33.226;6.117
TEL2007745_123;MFD_SETNO123;44.785967;-60.167983;307086;50;24-jul-07;06:48:08;32.4192;2.5951;5.30806;0.135851111111111;4.0085;0.813;4.3465;NaN;NaN
TEL2007745_123;MFD_SETNO123;44.785967;-60.167983;307087;25;24-jul-07;06:48:08;32.0247;3.3221;5.77806;1.13579125;2.065;0.5915;0.968;NaN;NaN
TEL2007745_123;MFD_SETNO123;44.785967;-60.167983;307088;4;24-jul-07;06:48:08;30.5557;14.4235;4.70206;0.52112775;0.929;0.3335;0.014;NaN;6.129
TEL2007745_124;MFD_SETNO124;44.811817;-59.79335;307089;124;24-jul-07;10:02:18;32.9947;2.2854;4.77726;0.0383095111111111;9.5375;1.025;9.064;32.969;6.1365
TEL2007745_124;MFD_SETNO124;44.811817;-59.79335;307090;50;24-jul-07;10:02:18;32.4751;2.7857;5.31046;0.131969650793651;3.705;0.738;2.8855;NaN;NaN
TEL2007745_124;MFD_SETNO124;44.811817;-59.79335;307091;25;24-jul-07;10:02:18;32.0685;4.9861;5.63266;0.855184;2.3515;0.5605;1.2385;NaN;NaN
TEL2007745_124;MFD_SETNO124;44.811817;-59.79335;307092;5;24-jul-07;10:02:18;31.0335;15.9118;4.45532;0.419197714285714;0.6275;0.227;0.014;NaN;5.7625
TEL2007745_125;MFD_SETNO125;44.46355;-59.646467;307093;51;24-jul-07;13:38:42;32.4793;2.4486;5.38943;0.345449968253968;4.085;0.75;3.492;32.461;6.965
TEL2007745_125;MFD_SETNO125;44.46355;-59.646467;307094;51;24-jul-07;13:38:42;32.4793;2.4486;5.38943;0.318279746031746;4.157;0.776;3.515;NaN;NaN
TEL2007745_125;MFD_SETNO125;44.46355;-59.646467;307095;25;24-jul-07;13:38:42;32.1747;3.7266;5.85305;2.92915102380952;1.301;0.606;1.6305;NaN;NaN
TEL2007745_125;MFD_SETNO125;44.46355;-59.646467;307096;5;24-jul-07;13:38:42;31.0348;14.8527;4.6298;0.399790412698413;0.8085;0.2335;0.005;NaN;5.9185
TEL2007745_127;MFD_SETNO127;44.556167;-59.209083;307097;63;24-jul-07;16:37:46;32.4404;1.3625;4.95042;0.12032526984127;8.082;0.9455;6.5455;32.413;6.29133333333333
TEL2007745_127;MFD_SETNO127;44.556167;-59.209083;307098;50;24-jul-07;16:37:46;32.2754;2.5962;5.28758;0.291109523809524;4.644;0.758;3.1345;NaN;NaN
TEL2007745_127;MFD_SETNO127;44.556167;-59.209083;307099;24;24-jul-07;16:37:46;31.727;5.0692;5.83663;1.99032056746032;1.789;0.479;0.609;NaN;NaN
TEL2007745_127;MFD_SETNO127;44.556167;-59.209083;307100;5;24-jul-07;16:37:46;30.8358;15.4279;4.61497;0.442486476190476;0.6465;0.205;0.0055;NaN;5.82633333333333
TEL2007745_128;MFD_SETNO128;44.801833;-59.002933;307101;279;24-jul-07;21:12:10;32.7548;1.3881;4.81801;0.0492550857142857;9.352;1.0115;8.3955;32.726;6.19533333333333
TEL2007745_128;MFD_SETNO128;44.801833;-59.002933;307102;50;24-jul-07;21:12:10;32.3378;1.2259;5.29902;0.0820918095238095;5.4675;0.8765;4.943;NaN;NaN
TEL2007745_128;MFD_SETNO128;44.801833;-59.002933;307103;24;24-jul-07;21:12:10;31.2207;6.8012;5.69156;1.122429;1.173;0.4325;0.102;NaN;NaN
TEL2007745_128;MFD_SETNO128;44.801833;-59.002933;307104;5;24-jul-07;21:12:10;30.7662;15.8351;4.57436;0.380383111111111;0.704;0.196;0.0025;NaN;5.80766666666667
TEL2007745_13;MFD_SETNO13;42.847633;-65.235433;304701;143;09-jul-07;14:26:37;33.3532;4.9434;3.58341;0.0301003301587302;13.2465;1.197;12.3125;33.337;4.837
TEL2007745_13;MFD_SETNO13;42.847633;-65.235433;304702;51;09-jul-07;14:26:37;32.0921;4.6438;5.04787;0.12808819047619;4.277;0.692;3.952;NaN;NaN
TEL2007745_13;MFD_SETNO13;42.847633;-65.235433;304703;25;09-jul-07;14:26:37;31.612;7.4137;5.28196;1.20170298412698;1.5615;0.3505;0.136;NaN;NaN
TEL2007745_13;MFD_SETNO13;42.847633;-65.235433;304704;5;09-jul-07;14:26:37;31.4137;10.7669;5.11059;0.855184;1.29;0.3085;0.0365;NaN;6.6635
TEL2007745_130;MFD_SETNO130;45.058433;-58.97575;307105;85;25-jul-07;02:19:34;32.3761;1.1062;5.10435;0.0725144317460318;8.1885;0.9525;6.06;32.356;6.981
TEL2007745_130;MFD_SETNO130;45.058433;-58.97575;307106;50;25-jul-07;02:19:34;32.1749;1.3709;5.48041;0.134083288888889;6.0005;0.873;4.7715;NaN;NaN
TEL2007745_130;MFD_SETNO130;45.058433;-58.97575;307107;25;25-jul-07;02:19:34;31.4644;4.2811;5.94086;1.229327;1.939;0.4445;0.2015;NaN;NaN
TEL2007745_130;MFD_SETNO130;45.058433;-58.97575;307108;5;25-jul-07;02:19:34;30.9405;15.7725;4.51816;0.279465142857143;0.6815;0.2155;0;NaN;6.2075
TEL2007745_131;MFD_SETNO131;44.903417;-58.7467;307109;276;25-jul-07;05:36:37;32.9288;1.7121;4.70692;0.0543404444444445;10.3965;1.053;9.424;32.908;6.151
TEL2007745_131;MFD_SETNO131;44.903417;-58.7467;307110;51;25-jul-07;05:36:37;32.2674;1.4812;5.43193;0.104799428571429;4.3835;0.834;4.359;NaN;NaN
TEL2007745_131;MFD_SETNO131;44.903417;-58.7467;307111;24;25-jul-07;05:36:37;31.5656;5.6186;5.85332;0.7215615;0.8515;0.447;0.349;NaN;NaN
TEL2007745_131;MFD_SETNO131;44.903417;-58.7467;307112;5;25-jul-07;05:36:37;31.0338;15.8187;4.49225;0.349331428571429;0.6685;0.2365;0;NaN;5.831
TEL2007745_132;MFD_SETNO132;44.602033;-58.512267;307113;61;25-jul-07;09:41:04;32.3022;1.8801;5.19197;0.229006158730159;5.157;0.776;3.0635;32.28;6.7135
TEL2007745_132;MFD_SETNO132;44.602033;-58.512267;307114;51;25-jul-07;09:41:04;32.2473;2.1367;5.29846;0.197954476190476;3.9185;0.7745;2.2815;NaN;NaN
TEL2007745_132;MFD_SETNO132;44.602033;-58.512267;307115;25;25-jul-07;09:41:04;31.8247;4.7887;5.79483;1.42976075;1.725;0.557;0.577;NaN;NaN
TEL2007745_132;MFD_SETNO132;44.602033;-58.512267;307116;5;25-jul-07;09:41:04;30.9218;14.8123;4.63597;0.442486476190476;0.7545;0.218;0;NaN;6.0195
TEL2007745_133;MFD_SETNO133;44.372717;-58.722683;307117;61;25-jul-07;12:12:07;32.2641;1.7869;5.54149;0.384264571428572;3.57;0.7615;2.7905;32.238;7.191
TEL2007745_133;MFD_SETNO133;44.372717;-58.722683;307118;50;25-jul-07;12:12:07;32.234;1.957;5.441;0.4543165;3.4645;0.7575;2.7155;NaN;NaN
TEL2007745_133;MFD_SETNO133;44.372717;-58.722683;307119;25;25-jul-07;12:12:07;31.9902;3.6407;5.75391;1.0957045;3.335;0.7285;1.653;NaN;NaN
TEL2007745_133;MFD_SETNO133;44.372717;-58.722683;307120;5;25-jul-07;12:12:07;31.2605;15.1608;4.58307;0.357094349206349;0.4565;0.2495;0;NaN;5.9665
TEL2007745_135;MFD_SETNO135;44.34685;-59.001667;307121;139;25-jul-07;15:30:48;33.8736;4.7848;4.51011;0.0698662857142857;7.843;0.9275;10.158;33.818;5.94966666666667
TEL2007745_135;MFD_SETNO135;44.34685;-59.001667;307122;50;25-jul-07;15:30:48;32.424;2.3549;5.63141;0.78837275;3.031;0.7145;2.788;NaN;NaN
TEL2007745_135;MFD_SETNO135;44.34685;-59.001667;307123;26;25-jul-07;15:30:48;31.7528;6.2796;5.86106;0.855184;0.7015;0.3675;0.026;NaN;NaN
TEL2007745_135;MFD_SETNO135;44.34685;-59.001667;307124;5;25-jul-07;15:30:48;31.2944;14.5462;4.67474;0.291109523809524;0.465;0.249;0;NaN;6.001
TEL2007745_136;MFD_SETNO136;44.048583;-58.818183;307125;108;25-jul-07;18:19:06;33.8007;5.0761;4.61849;0.0892735873015873;6.0455;0.828;8.2755;33.777;5.99066666666667
TEL2007745_136;MFD_SETNO136;44.048583;-58.818183;307126;50;25-jul-07;18:19:06;32.5364;1.6217;5.76618;NaN;NaN;NaN;NaN;NaN;NaN
TEL2007745_136;MFD_SETNO136;44.048583;-58.818183;307127;24;25-jul-07;18:19:06;31.8406;9.0052;5.41902;1.50993425;1.543;0.384;0.028;NaN;NaN
TEL2007745_136;MFD_SETNO136;44.048583;-58.818183;307128;6;25-jul-07;18:19:06;31.2121;15.4216;4.59873;0.329924126984127;0.843;0.2355;0;NaN;5.90233333333333
TEL2007745_137;MFD_SETNO137;44.210117;-58.3261;307129;111;25-jul-07;22:28:00;34.0087;5.7573;4.39985;0.0738826285714286;6.872;0.876;9.619;33.963;5.709
TEL2007745_137;MFD_SETNO137;44.210117;-58.3261;307130;49;25-jul-07;22:28:00;32.4818;2.2635;5.49313;0.232887619047619;4.965;0.8325;4.8735;NaN;NaN
TEL2007745_137;MFD_SETNO137;44.210117;-58.3261;307131;25;25-jul-07;22:28:00;32.057;8.5239;5.45834;1.10906675;1.388;0.351;0.1015;NaN;NaN
TEL2007745_137;MFD_SETNO137;44.210117;-58.3261;307132;6;25-jul-07;22:28:00;31.2214;14.9469;4.65466;0.388146031746032;0.8135;0.2315;0.015;NaN;6.00366666666667
TEL2007745_139;MFD_SETNO139;44.269283;-58.121033;307133;103;26-jul-07;02:45:32;33.4077;3.1421;4.91976;0.11644380952381;5.749;0.842;6.6965;33.374;6.415
TEL2007745_139;MFD_SETNO139;44.269283;-58.121033;307134;51;26-jul-07;02:45:32;32.7159;3.7427;5.97152;0.489064;0.6315;0.399;0.1015;NaN;NaN
TEL2007745_139;MFD_SETNO139;44.269283;-58.121033;307135;25;26-jul-07;02:45:32;32.3811;8.8638;5.37796;0.94871975;0.6345;0.3345;0.0295;NaN;NaN
TEL2007745_139;MFD_SETNO139;44.269283;-58.121033;307136;4;26-jul-07;02:45:32;31.1729;14.6927;4.66657;0.53449;1.1995;0.329;0.0565;NaN;6.047
TEL2007745_14;MFD_SETNO14;42.834633;-65.366583;304705;136;09-jul-07;17:12:40;32.9537;4.1579;4.07097;0.0246275428571429;10.1215;1.059;9.9985;32.937;5.4405
TEL2007745_14;MFD_SETNO14;42.834633;-65.366583;304706;50;09-jul-07;17:12:40;32.1339;5.1117;5.04805;0.28060725;3.8665;0.6355;3.415;NaN;NaN
TEL2007745_14;MFD_SETNO14;42.834633;-65.366583;304707;25;09-jul-07;17:12:40;31.6926;9.4376;5.20072;1.13579125;1.9675;0.718;0.3615;NaN;NaN
TEL2007745_14;MFD_SETNO14;42.834633;-65.366583;304708;5;09-jul-07;17:12:40;31.3528;11.7258;5.0089;0.587939;1.11;0.2925;0.0235;NaN;6.618
TEL2007745_140;MFD_SETNO140;44.3984;-58.226717;307137;56;26-jul-07;04:54:53;32.2423;1.7973;5.41337;0.217361777777778;4.117;0.734;3.167;32.225;7.0025
TEL2007745_140;MFD_SETNO140;44.3984;-58.226717;307138;50;26-jul-07;04:54:53;32.2377;1.821;5.43552;0.229006158730159;4.0645;0.7185;3.163;NaN;NaN
TEL2007745_140;MFD_SETNO140;44.3984;-58.226717;307139;25;26-jul-07;04:54:53;31.5886;5.0965;5.67442;0.94871975;2.4945;0.484;0.4665;NaN;NaN
TEL2007745_140;MFD_SETNO140;44.3984;-58.226717;307140;5;26-jul-07;04:54:53;31.0477;15.5274;4.52038;0.388146031746032;0.9905;0.2825;0.0115;NaN;5.938
TEL2007745_141;MFD_SETNO141;44.5718;-57.9608;307141;45;26-jul-07;07:24:19;31.8454;5.1903;5.24874;0.5077655;3.0705;0.6115;0.9395;31.825;6.8815
TEL2007745_141;MFD_SETNO141;44.5718;-57.9608;307142;24;26-jul-07;07:24:19;31.6735;7.1757;5.2137;1.67028125;1.472;0.4525;0.0285;NaN;NaN
TEL2007745_141;MFD_SETNO141;44.5718;-57.9608;307143;5;26-jul-07;07:24:19;31.0128;15.7251;4.47955;0.6146635;0.7415;0.2145;0;NaN;5.9555
TEL2007745_142;MFD_SETNO142;44.469267;-57.977033;307144;43;26-jul-07;08:52:09;32.0562;2.9348;5.37095;0.49440325;3.204;0.62;1.3525;31.901;7.015
TEL2007745_142;MFD_SETNO142;44.469267;-57.977033;307145;25;26-jul-07;08:52:09;31.5456;8.3217;5.19449;1.59010775;2.488;0.5715;0.3945;NaN;NaN
TEL2007745_142;MFD_SETNO142;44.469267;-57.977033;307146;5;26-jul-07;08:52:09;31.0721;15.2469;4.56582;0.62802575;0.867;0.244;0.001;NaN;5.9825
TEL2007745_143;MFD_SETNO143;44.290133;-57.822517;307147;234;26-jul-07;11:29:46;34.7932;6.7753;3.26561;0.0191547555555556;12.7605;1.332;18.051;34.782;4.3405
TEL2007745_143;MFD_SETNO143;44.290133;-57.822517;307148;50;26-jul-07;11:29:46;32.6335;2.2156;6.11014;0.908633;1.097;0.513;1.0225;NaN;NaN
TEL2007745_143;MFD_SETNO143;44.290133;-57.822517;307149;25;26-jul-07;11:29:46;31.5653;7.0402;5.7336;1.0422555;1.498;0.353;0.0135;NaN;NaN
TEL2007745_143;MFD_SETNO143;44.290133;-57.822517;307150;4;26-jul-07;11:29:46;31.1033;15.1953;4.56779;0.694837;0.5955;0.2125;0;NaN;6.141
TEL2007745_144;MFD_SETNO144;44.418617;-57.4481;307151;111;26-jul-07;14:47:33;32.7972;0.614;5.83054;0.53449;2.253;0.644;2.289;32.775;7.70766666666667
TEL2007745_144;MFD_SETNO144;44.418617;-57.4481;307152;50;26-jul-07;14:47:33;32.7529;0.7936;5.86518;0.6146635;2.1235;0.675;2.4345;NaN;NaN
TEL2007745_144;MFD_SETNO144;44.418617;-57.4481;307153;26;26-jul-07;14:47:33;32.5211;7.306;5.54204;0.694837;0.5735;0.323;0.0265;NaN;NaN
TEL2007745_144;MFD_SETNO144;44.418617;-57.4481;307154;5;26-jul-07;14:47:33;30.8198;15.0391;4.59964;0.65475025;0.9195;0.2175;0;NaN;6.11333333333333
TEL2007745_145;MFD_SETNO145;44.427033;-57.2572;307155;254;26-jul-07;17:30:52;34.7461;6.6533;3.37533;0.0150501650793651;11.8435;1.1825;15.8185;34.725;4.51333333333333
TEL2007745_145;MFD_SETNO145;44.427033;-57.2572;307156;49;26-jul-07;17:30:52;32.7619;4.9595;5.89557;0.962082;0.7205;0.457;0.315;NaN;NaN
TEL2007745_145;MFD_SETNO145;44.427033;-57.2572;307157;25;26-jul-07;17:30:52;32.3074;11.9035;5.04518;0.7215615;0.5905;0.296;0;NaN;NaN
TEL2007745_145;MFD_SETNO145;44.427033;-57.2572;307158;5;26-jul-07;17:30:52;31.1593;15.6373;4.50355;0.36097580952381;1.069;0.248;0.0175;NaN;5.94266666666667
TEL2007745_146;MFD_SETNO146;44.668133;-57.646233;307159;42;26-jul-07;20:58:48;32.0686;3.0758;5.30529;0.283346603174603;3.625;0.7025;1.663;32.056;6.981
TEL2007745_146;MFD_SETNO146;44.668133;-57.646233;307160;25;26-jul-07;20:58:48;31.9786;3.6647;5.47573;0.694837;2.5815;0.6175;1.0085;NaN;NaN
TEL2007745_146;MFD_SETNO146;44.668133;-57.646233;307161;5;26-jul-07;20:58:48;30.8723;15.2809;4.64478;0.694837;0.423;0.2105;0;NaN;6.156
TEL2007745_147;MFD_SETNO147;44.7778;-57.890933;307162;51;26-jul-07;23:32:56;31.8847;4.3235;5.42396;0.306635365079365;2.228;0.566;0.767;31.866;7.16433333333333
TEL2007745_147;MFD_SETNO147;44.7778;-57.890933;307163;24;26-jul-07;23:32:56;31.6038;7.7053;5.23604;1.6523416031746;1.222;0.4725;0.0375;NaN;NaN
TEL2007745_147;MFD_SETNO147;44.7778;-57.890933;307164;5;26-jul-07;23:32:56;30.8432;15.5078;4.58938;0.450249396825397;0.4685;0.203;0;NaN;6.148
TEL2007745_148;MFD_SETNO148;44.95855;-57.551983;307165;46;27-jul-07;02:12:49;32.049;3.2889;5.31282;0.291109523809524;3.2805;0.6615;1.4625;32.004;6.994
TEL2007745_148;MFD_SETNO148;44.95855;-57.551983;307166;25;27-jul-07;02:12:49;31.6761;7.0013;5.41438;1.42702229365079;1.5115;0.465;0.1355;NaN;NaN
TEL2007745_148;MFD_SETNO148;44.95855;-57.551983;307167;5;27-jul-07;02:12:49;30.7108;15.0476;4.60053;0.423079174603175;0.532;0.2255;0;NaN;6.0165
TEL2007745_149;MFD_SETNO149;44.976883;-58.092967;307168;107;27-jul-07;05:11:42;32.7554;1.4881;4.81511;0.054727873015873;8.778;1.01;7.519;32.663;6.2895
TEL2007745_149;MFD_SETNO149;44.976883;-58.092967;307169;51;27-jul-07;05:11:42;32.3854;1.1783;5.19384;0.0602006603174603;6.097;0.9145;5.529;NaN;NaN
TEL2007745_149;MFD_SETNO149;44.976883;-58.092967;307170;25;27-jul-07;05:11:42;31.8628;3.3761;5.87413;0.395908952380952;1.476;0.6045;1.39;NaN;NaN
TEL2007745_149;MFD_SETNO149;44.976883;-58.092967;307171;5;27-jul-07;05:11:42;30.7656;15.0059;4.61167;0.512352761904762;0.572;0.207;0.013;NaN;5.997
TEL2007745_15;MFD_SETNO15;42.978633;-65.506333;304709;117;09-jul-07;22:07:04;32.9195;4.2123;4.0822;0.031468526984127;9.271;1.0005;9.2315;32.911;5.516
TEL2007745_15;MFD_SETNO15;42.978633;-65.506333;304710;51;09-jul-07;22:07:04;32.0957;4.8017;5.04984;0.0892735873015873;4.3835;0.693;4.212;NaN;NaN
TEL2007745_15;MFD_SETNO15;42.978633;-65.506333;304711;26;09-jul-07;22:07:04;31.7469;6.9313;5.25679;0.641388;2.236;0.459;1.023;NaN;NaN
TEL2007745_15;MFD_SETNO15;42.978633;-65.506333;304712;5;09-jul-07;22:07:04;31.3699;11.4633;5.06113;0.801735;1.2395;0.307;0.0465;NaN;6.642
TEL2007745_150;MFD_SETNO150;45.192067;-58.3083;307172;127;27-jul-07;07:33:22;33.12;1.5515;4.92243;0.0519914793650794;7.3385;0.982;7.8195;33.048;6.4155
TEL2007745_150;MFD_SETNO150;45.192067;-58.3083;307173;50;27-jul-07;07:33:22;32.2078;1.173;5.55721;0.267820761904762;4.73;0.788;4.1805;NaN;NaN
TEL2007745_150;MFD_SETNO150;45.192067;-58.3083;307174;24;27-jul-07;07:33:22;31.5566;3.0933;6.2484;10.0787982380952;1.158;0.634;1.4955;NaN;NaN
TEL2007745_150;MFD_SETNO150;45.192067;-58.3083;307175;5;27-jul-07;07:33:22;30.7681;14.7863;4.64514;0.7215615;1.177;0.2825;0.014;NaN;6.137
TEL2007745_151;MFD_SETNO151;45.245833;-57.624217;307176;335;27-jul-07;11:59:34;34.758;5.2405;3.06449;0.0218911492063492;22.541;1.4665;19.369;34.729;3.978
TEL2007745_151;MFD_SETNO151;45.245833;-57.624217;307177;50;27-jul-07;11:59:34;32.5503;0.9879;5.67838;0.388146031746032;4.7645;0.848;5.1065;NaN;NaN
TEL2007745_151;MFD_SETNO151;45.245833;-57.624217;307178;25;27-jul-07;11:59:34;32.28;7.9699;5.61769;0.508471301587302;0.4135;0.374;0.038;NaN;NaN
TEL2007745_151;MFD_SETNO151;45.245833;-57.624217;307179;4;27-jul-07;11:59:34;30.8456;15.8393;4.44784;0.357094349206349;1.1395;0.2615;0;NaN;5.72
TEL2007745_152;MFD_SETNO152;45.385183;-57.82935;307180;197;27-jul-07;16:51:42;33.7282;3.5186;3.91254;0.0355731174603175;13.8715;1.2435;13.826;33.717;4.997
TEL2007745_152;MFD_SETNO152;45.385183;-57.82935;307181;50;27-jul-07;16:51:42;32.3857;1.0622;5.33255;0.291109523809524;5.6485;0.8845;5.28;NaN;NaN
TEL2007745_152;MFD_SETNO152;45.385183;-57.82935;307182;24;27-jul-07;16:51:42;31.8854;2.659;5.93301;0.908633;4.066;0.676;2.5395;NaN;NaN
TEL2007745_152;MFD_SETNO152;45.385183;-57.82935;307183;5;27-jul-07;16:51:42;30.6119;16.4445;4.47605;0.5612145;1.135;0.2575;0.0015;NaN;5.69533333333333
TEL2007745_153;MFD_SETNO153;45.586633;-57.89435;307184;336;27-jul-07;19:18:38;34.8145;5.1213;2.98599;0.0177865587301587;27.212;1.5505;19.5265;34.797;3.83333333333333
TEL2007745_153;MFD_SETNO153;45.586633;-57.89435;307185;50;27-jul-07;19:18:38;32.6928;1.1004;5.32141;0.114928533333333;5.2615;0.8905;5.844;NaN;NaN
TEL2007745_153;MFD_SETNO153;45.586633;-57.89435;307186;25;27-jul-07;19:18:38;32.2654;1.4642;6.08192;0.62802575;2.9925;0.627;2.5495;NaN;NaN
TEL2007745_153;MFD_SETNO153;45.586633;-57.89435;307187;5;27-jul-07;19:18:38;30.994;16.2549;4.46648;0.388146031746032;0.9965;0.28;0.0015;NaN;5.90766666666667
TEL2007745_154;MFD_SETNO154;45.995833;-58.46945;307188;264;27-jul-07;23:45:00;34.6311;5.5955;2.59289;0.0191547555555556;24.2985;1.598;19.9555;34.616;3.37633333333333
TEL2007745_154;MFD_SETNO154;45.995833;-58.46945;307189;50;27-jul-07;23:45:00;32.5147;0.8975;5.69325;0.236769079365079;4.1925;0.8345;4.6675;NaN;NaN
TEL2007745_154;MFD_SETNO154;45.995833;-58.46945;307190;26;27-jul-07;23:45:00;32.1059;2.3448;6.01513;0.73492375;3.337;0.666;2.638;NaN;NaN
TEL2007745_154;MFD_SETNO154;45.995833;-58.46945;307191;5;27-jul-07;23:45:00;30.6545;16.7443;4.47872;0.341568507936508;1.0785;0.2655;0.022;NaN;5.92733333333333
TEL2007745_155;MFD_SETNO155;46.154083;-58.344683;307192;391;28-jul-07;02:10:43;34.8383;5.1023;2.86344;0.023259346031746;29.965;1.5455;19.5505;34.818;3.7405
TEL2007745_155;MFD_SETNO155;46.154083;-58.344683;307193;50;28-jul-07;02:10:43;32.5591;1.3436;5.87519;0.357094349206349;2.4095;0.6635;2.393;NaN;NaN
TEL2007745_155;MFD_SETNO155;46.154083;-58.344683;307194;25;28-jul-07;02:10:43;32.5005;7.6108;5.51011;0.8284595;1.6245;0.441;0.8465;NaN;NaN
TEL2007745_155;MFD_SETNO155;46.154083;-58.344683;307195;5;28-jul-07;02:10:43;31.1214;16.4469;4.48844;0.341568507936508;1.0565;0.2875;0;NaN;5.733
TEL2007745_156;MFD_SETNO156;46.099517;-58.773533;307196;155;28-jul-07;05:18:57;34.0785;4.5482;3.20233;0.0273639365079365;17.272;1.3675;15.8485;33.971;4.309
TEL2007745_156;MFD_SETNO156;46.099517;-58.773533;307197;50;28-jul-07;05:18:57;32.4483;1.073;5.87417;0.360975809523809;3.862;0.7745;4.2065;NaN;NaN
TEL2007745_156;MFD_SETNO156;46.099517;-58.773533;307198;25;28-jul-07;05:18:57;31.7023;2.3113;6.09657;1.85735275;3.646;0.594;1.4985;NaN;NaN
TEL2007745_156;MFD_SETNO156;46.099517;-58.773533;307199;4;28-jul-07;05:18:57;30.5062;18.0704;4.43261;0.5077655;1.8325;0.1995;0;NaN;5.6685
TEL2007745_157;MFD_SETNO157;46.187283;-59.032283;307200;122;28-jul-07;07:29:38;33.2624;2.025;4.25769;0.0342049206349206;14.6405;1.2165;12.3505;33.249;3.7565
TEL2007745_157;MFD_SETNO157;46.187283;-59.032283;307201;50;28-jul-07;07:29:38;32.4838;0.9172;5.57156;0.125874107936508;5.7225;0.88;5.294;NaN;NaN
TEL2007745_157;MFD_SETNO157;46.187283;-59.032283;307202;25;28-jul-07;07:29:38;31.937;1.9666;5.8354;0.53449;5.7175;0.8025;3.822;NaN;NaN
TEL2007745_157;MFD_SETNO157;46.187283;-59.032283;307203;5;28-jul-07;07:29:38;30.6176;18.6378;4.28742;0.60130125;1.0905;0.276;0.0285;NaN;5.999
TEL2007745_158;MFD_SETNO158;46.393917;-58.825317;307204;366;28-jul-07;10:04:35;34.8315;5.3024;2.6202;0.0164183619047619;30.19;1.7505;19.8305;34.819;3.3855
TEL2007745_158;MFD_SETNO158;46.393917;-58.825317;307205;50;28-jul-07;10:04:35;32.7845;2.6583;5.99967;0.388146031746032;2.6845;0.754;2.8655;NaN;NaN
TEL2007745_158;MFD_SETNO158;46.393917;-58.825317;307206;25;28-jul-07;10:04:35;32.4415;4.6997;6.22993;0.748286;0.138;0.3415;0.025;NaN;NaN
TEL2007745_158;MFD_SETNO158;46.393917;-58.825317;307207;5;28-jul-07;10:04:35;30.8822;15.1412;4.77166;0.587939;1.5765;0.3115;0.045;NaN;6.3125
TEL2007745_159;MFD_SETNO159;46.405967;-59.372583;307208;127;28-jul-07;14:28:46;33.1407;1.5647;4.6715;0.031468526984127;9.1465;1.0745;8.594;33.098;6.114
TEL2007745_159;MFD_SETNO159;46.405967;-59.372583;307209;49;28-jul-07;14:28:46;32.0772;1.7753;5.7837;0.6146635;3.9945;0.7705;2.6545;NaN;NaN
TEL2007745_159;MFD_SETNO159;46.405967;-59.372583;307210;25;28-jul-07;14:28:46;31.2815;6.5113;5.54287;0.5077655;3.5145;0.668;1.076;NaN;NaN
TEL2007745_159;MFD_SETNO159;46.405967;-59.372583;307211;5;28-jul-07;14:28:46;29.62;19.2124;4.32235;0.89527075;1.025;0.1695;0.0415;NaN;5.73033333333333
TEL2007745_160;MFD_SETNO160;46.72105;-59.690567;307212;142;28-jul-07;17:35:11;33.3077;2.1459;4.36073;0.0246275428571429;12.6735;1.2555;11.8245;33.282;5.67166666666667
TEL2007745_160;MFD_SETNO160;46.72105;-59.690567;307213;50;28-jul-07;17:35:11;32.4299;0.6136;5.77706;0.163021333333333;4.0705;0.893;4.5985;NaN;NaN
TEL2007745_160;MFD_SETNO160;46.72105;-59.690567;307214;25;28-jul-07;17:35:11;31.979;5.0157;6.22842;0.81509725;0.988;0.456;0.3965;NaN;NaN
TEL2007745_160;MFD_SETNO160;46.72105;-59.690567;307215;4;28-jul-07;17:35:11;30.7425;16.862;4.50981;0.641388;0.9625;0.2775;0.0205;NaN;6.07
TEL2007745_161;MFD_SETNO161;46.68985;-59.9939;307216;114;28-jul-07;20:07:20;32.9684;1.6201;4.16915;0.0451504952380952;18.7035;1.3795;11.6755;32.942;5.37066666666667
TEL2007745_161;MFD_SETNO161;46.68985;-59.9939;307217;50;28-jul-07;20:07:20;31.9776;3.1695;6.06321;0.8284595;2.401;0.6605;1.156;NaN;NaN
TEL2007745_161;MFD_SETNO161;46.68985;-59.9939;307218;25;28-jul-07;20:07:20;29.8252;16.3916;4.52532;1.2026025;1.8185;0.3975;0.2035;NaN;NaN
TEL2007745_161;MFD_SETNO161;46.68985;-59.9939;307219;4;28-jul-07;20:07:20;29.6525;19.8408;4.28363;0.5612145;0.8415;0.126;0.0545;NaN;5.53233333333333
TEL2007745_162;MFD_SETNO162;46.986083;-60.333467;307220;60;28-jul-07;23:17:14;32.5266;1.0868;5.31683;0.174665714285714;8.11;1.019;6.1345;32.41;6.94433333333333
TEL2007745_162;MFD_SETNO162;46.986083;-60.333467;307221;49;28-jul-07;23:17:14;31.4741;3.2891;5.49428;0.291109523809524;8.2185;1.27;4.921;NaN;NaN
TEL2007745_162;MFD_SETNO162;46.986083;-60.333467;307222;25;28-jul-07;23:17:14;29.787;17.6625;4.45784;1.21596475;1.2515;0.419;0.1255;NaN;NaN
TEL2007745_162;MFD_SETNO162;46.986083;-60.333467;307223;5;28-jul-07;23:17:14;29.5522;19.1643;4.33732;0.92199525;1.03;0.1375;0.038;NaN;5.613
TEL2007745_163;MFD_SETNO163;47.184817;-60.1171;307224;176;29-jul-07;01:53:08;34.1853;4.6951;3.00548;0.0164183619047619;20.3425;1.5385;17.9335;34.141;3.994
TEL2007745_163;MFD_SETNO163;47.184817;-60.1171;307225;50;29-jul-07;01:53:08;32.409;1.2306;5.80445;0.125874107936508;3.7715;0.834;3.734;NaN;NaN
TEL2007745_163;MFD_SETNO163;47.184817;-60.1171;307226;25;29-jul-07;01:53:08;32.0584;2.5325;6.0257;0.481041;2.4905;0.7145;2.295;NaN;NaN
TEL2007745_163;MFD_SETNO163;47.184817;-60.1171;307227;5;29-jul-07;01:53:08;31.1465;12.0311;5.16949;0.855184;1.663;0.3465;0.111;NaN;6.443
TEL2007745_164;MFD_SETNO164;47.029533;-60.0662;307228;213;29-jul-07;03:54:23;34.1066;4.5079;3.13362;0.0205229523809524;18.517;1.384;15.823;34.084;4.049
TEL2007745_164;MFD_SETNO164;47.029533;-60.0662;307229;51;29-jul-07;03:54:23;32.0676;0.8277;5.4503;0.244532;7.2235;0.935;4.597;NaN;NaN
TEL2007745_164;MFD_SETNO164;47.029533;-60.0662;307230;25;29-jul-07;03:54:23;30.4763;8.2092;5.14507;0.86854625;4.838;0.702;1.409;NaN;NaN
TEL2007745_164;MFD_SETNO164;47.029533;-60.0662;307231;5;29-jul-07;03:54:23;29.6612;18.0192;4.45364;1.21596475;1.4095;0.1765;0.0845;NaN;5.883
TEL2007745_165;MFD_SETNO165;46.797267;-59.902567;307232;129;29-jul-07;06:15:26;33.1099;1.6813;4.41616;0.0451504952380952;11.289;1.1155;9.7725;33.015;6.122
TEL2007745_165;MFD_SETNO165;46.797267;-59.902567;307233;49;29-jul-07;06:15:26;32.2217;2.263;5.97446;0.60130125;2.63;0.672;2.319;NaN;NaN
TEL2007745_165;MFD_SETNO165;46.797267;-59.902567;307234;24;29-jul-07;06:15:26;30.3146;10.7344;4.98259;1.32286275;2.5905;0.4215;0.1885;NaN;NaN
TEL2007745_165;MFD_SETNO165;46.797267;-59.902567;307235;4;29-jul-07;06:15:26;29.5975;18.9875;4.34055;0.53449;1.204;0.0825;0.081;NaN;5.589
TEL2007745_166;MFD_SETNO166;46.433033;-60.16935;307236;73;29-jul-07;09:43:31;32.2709;1.1759;5.16712;0.104799428571429;10.0185;1.019;6.0065;32.144;6.7105
TEL2007745_166;MFD_SETNO166;46.433033;-60.16935;307237;50;29-jul-07;09:43:31;31.691;1.7846;5.55707;0.0970365079365079;8.263;0.9125;4.8685;NaN;NaN
TEL2007745_166;MFD_SETNO166;46.433033;-60.16935;307238;25;29-jul-07;09:43:31;31.0427;6.5388;5.51797;0.392027492063492;5.051;0.737;2.2225;NaN;NaN
TEL2007745_166;MFD_SETNO166;46.433033;-60.16935;307239;5;29-jul-07;09:43:31;30.1476;19.3526;4.29575;0.512352761904762;1.355;0.227;0.083;NaN;5.9975
TEL2007745_167;MFD_SETNO167;46.4123;-59.841533;307240;52;29-jul-07;12:24:45;31.7382;2.0526;5.45299;0.213480317460317;7.774;0.896;3.9015;31.658;7.0065
TEL2007745_167;MFD_SETNO167;46.4123;-59.841533;307241;51;29-jul-07;12:24:45;31.7412;2.0491;5.46165;0.151376952380952;8.263;0.922;4.2755;NaN;NaN
TEL2007745_167;MFD_SETNO167;46.4123;-59.841533;307242;25;29-jul-07;12:24:45;30.928;11.7951;5.0536;1.00216875;2.9125;0.485;0.587;NaN;NaN
TEL2007745_167;MFD_SETNO167;46.4123;-59.841533;307243;5;29-jul-07;12:24:45;30.0428;18.6426;4.47386;0.748286;1.135;0.164;0.0895;NaN;5.8485
TEL2007745_168;MFD_SETNO168;45.855883;-59.740517;307244;63;29-jul-07;16:48:53;31.8427;2.8386;5.6047;0.267820761904762;6.0635;0.778;3.264;31.785;7.15566666666667
TEL2007745_168;MFD_SETNO168;45.855883;-59.740517;307245;49;29-jul-07;16:48:53;31.6743;3.5538;5.57648;0.341568507936508;5.9755;0.7735;3.057;NaN;NaN
TEL2007745_168;MFD_SETNO168;45.855883;-59.740517;307246;23;29-jul-07;16:48:53;31.1922;6.3086;5.51459;0.641388;4.9315;0.684;2.0475;NaN;NaN
TEL2007745_168;MFD_SETNO168;45.855883;-59.740517;307247;4;29-jul-07;16:48:53;30.3239;16.8471;4.57836;0.8284595;1.672;0.243;0.121;NaN;5.938
TEL2007745_169;MFD_SETNO169;45.860883;-59.537867;307248;64;29-jul-07;18:31:36;31.8963;2.3632;5.58582;0.294990984126984;6.7775;0.8425;3.903;31.88;7.22433333333333
TEL2007745_169;MFD_SETNO169;45.860883;-59.537867;307249;50;29-jul-07;18:31:36;31.8629;2.4088;5.59196;0.349331428571429;6.673;0.8295;3.8165;NaN;NaN
TEL2007745_169;MFD_SETNO169;45.860883;-59.537867;307250;26;29-jul-07;18:31:36;31.8128;2.712;5.61704;0.5612145;6.348;0.808;3.3795;NaN;NaN
TEL2007745_169;MFD_SETNO169;45.860883;-59.537867;307251;5;29-jul-07;18:31:36;30.0715;18.665;4.23192;0.587939;1.366;0.198;0.146;NaN;5.78766666666667
TEL2007745_17;MFD_SETNO17;42.9042;-65.592583;304713;122;10-jul-07;03:42:16;32.7666;4.9695;4.57617;0.0892735873015873;7.6375;0.9055;8.1375;32.745;6.1355
TEL2007745_17;MFD_SETNO17;42.9042;-65.592583;304714;50;10-jul-07;03:42:16;32.6547;5.3046;4.72919;0.976383674603175;4.881;0.6905;5.622;NaN;NaN
TEL2007745_17;MFD_SETNO17;42.9042;-65.592583;304715;26;10-jul-07;03:42:16;32.306;7.7151;5.15729;4.54393940873016;1.775;0.416;0.9755;NaN;NaN
TEL2007745_17;MFD_SETNO17;42.9042;-65.592583;304716;6;10-jul-07;03:42:16;32.0405;9.5995;5.70142;2.89159780555556;0.982;0.297;0.0525;NaN;7.487
TEL2007745_170;MFD_SETNO170;45.793483;-59.38805;307252;130;29-jul-07;21:00:25;33.1716;1.6951;4.63408;0.0451504952380953;11.3315;1.129;10.1225;33.167;5.966
TEL2007745_170;MFD_SETNO170;45.793483;-59.38805;307253;50;29-jul-07;21:00:25;31.831;1.4404;5.64064;0.155258412698413;7.0595;0.9275;4.414;NaN;NaN
TEL2007745_170;MFD_SETNO170;45.793483;-59.38805;307254;25;29-jul-07;21:00:25;31.0368;6.0553;5.48364;0.9353575;3.7655;0.619;1.375;NaN;NaN
TEL2007745_170;MFD_SETNO170;45.793483;-59.38805;307255;5;29-jul-07;21:00:25;30.2507;17.2241;4.45202;0.57457675;1.453;0.253;0.11;NaN;5.80766666666667
TEL2007745_171;MFD_SETNO171;45.817617;-59.156917;307256;153;29-jul-07;22:51:12;33.3855;2.3393;4.09495;0.023259346031746;13.8255;1.163;11.98;33.382;5.24033333333333
TEL2007745_171;MFD_SETNO171;45.817617;-59.156917;307257;50;29-jul-07;22:51:12;32.2448;1.5222;5.66801;0.186310095238095;7.0535;0.858;5.1365;NaN;NaN
TEL2007745_171;MFD_SETNO171;45.817617;-59.156917;307258;25;29-jul-07;22:51:12;31.6711;4.012;5.683;0.7215615;5.407;0.77;2.9945;NaN;NaN
TEL2007745_171;MFD_SETNO171;45.817617;-59.156917;307259;5;29-jul-07;22:51:12;30.1873;18.224;4.34773;0.423079174603175;1.5795;0.231;0.111;NaN;5.66733333333333
TEL2007745_173;MFD_SETNO173;45.658183;-58.720017;307260;154;30-jul-07;02:55:24;33.5191;2.8275;4.02878;0.0191547555555556;13.9475;1.1955;13.2155;33.473;5.26
TEL2007745_173;MFD_SETNO173;45.658183;-58.720017;307261;51;30-jul-07;02:55:24;32.493;1.1576;5.53764;0.0383095111111111;7.0915;0.9645;7.4415;NaN;NaN
TEL2007745_173;MFD_SETNO173;45.658183;-58.720017;307262;25;30-jul-07;02:55:24;31.7487;6.0605;6.06139;1.122429;2.5675;0.518;0.69;NaN;NaN
TEL2007745_173;MFD_SETNO173;45.658183;-58.720017;307263;5;30-jul-07;02:55:24;30.3452;18.8238;4.24183;0.376501650793651;1.071;0.185;0.099;NaN;5.5585
TEL2007745_175;MFD_SETNO175;45.410217;-58.9179;307264;76;30-jul-07;06:47:31;32.4802;1.2219;5.16642;0.0492550857142857;7.653;0.9445;6.632;32.502;6.559
TEL2007745_175;MFD_SETNO175;45.410217;-58.9179;307265;50;30-jul-07;06:47:31;32.4282;1.3104;5.22025;0.0711462349206349;7.125;0.932;6.3685;NaN;NaN
TEL2007745_175;MFD_SETNO175;45.410217;-58.9179;307266;24;30-jul-07;06:47:31;31.9049;3.212;5.85157;0.97544425;3.3895;0.682;2.3665;NaN;NaN
TEL2007745_175;MFD_SETNO175;45.410217;-58.9179;307267;5;30-jul-07;06:47:31;30.6067;16.6754;4.47795;0.587939;1.792;0.2915;0.11;NaN;5.931
TEL2007745_176;MFD_SETNO176;45.171;-58.924067;307268;76;30-jul-07;09:00:14;32.3449;1.145;5.144;0.0834600063492064;8.098;0.944;6.0055;32.345;6.6275
TEL2007745_176;MFD_SETNO176;45.171;-58.924067;307269;50;30-jul-07;09:00:14;32.3254;1.145;5.20469;0.0807236126984127;7.6415;0.955;5.9235;NaN;NaN
TEL2007745_176;MFD_SETNO176;45.171;-58.924067;307270;25;30-jul-07;09:00:14;31.5378;3.1017;5.91536;0.60130125;3.348;0.7005;2.3515;NaN;NaN
TEL2007745_176;MFD_SETNO176;45.171;-58.924067;307271;4;30-jul-07;09:00:14;30.8506;17.0491;4.3573;0.341568507936508;0.9095;0.2725;0.1125;NaN;5.7485
TEL2007745_177;MFD_SETNO177;45.484717;-59.253817;307272;73;30-jul-07;12:58:56;32.4479;1.2425;5.00571;0.0342049206349206;7.5895;0.9865;7.24;32.439;6.346
TEL2007745_177;MFD_SETNO177;45.484717;-59.253817;307273;50;30-jul-07;12:58:56;32.355;1.1314;5.10832;0.0834600063492064;7.2435;0.964;6.6585;NaN;NaN
TEL2007745_177;MFD_SETNO177;45.484717;-59.253817;307274;24;30-jul-07;12:58:56;31.7973;4.6329;5.94496;1.37631175;1.7615;0.5025;0.3875;NaN;NaN
TEL2007745_177;MFD_SETNO177;45.484717;-59.253817;307275;4;30-jul-07;12:58:56;30.4832;16.2198;4.53546;0.53449;1.325;0.253;0.109;NaN;5.619
TEL2007745_178;MFD_SETNO178;45.555433;-59.37355;307276;125;30-jul-07;14:41:09;33.2594;2.0377;4.49476;0.0218911492063492;12.21;1.146;11.6775;33.248;5.87866666666667
TEL2007745_178;MFD_SETNO178;45.555433;-59.37355;307277;50;30-jul-07;14:41:09;32.3756;1.7328;5.15544;0.170784253968254;5.312;0.916;5.577;NaN;NaN
TEL2007745_178;MFD_SETNO178;45.555433;-59.37355;307278;25;30-jul-07;14:41:09;31.7339;4.9717;5.94884;1.13579125;2.713;0.6145;1.3315;NaN;NaN
TEL2007745_178;MFD_SETNO178;45.555433;-59.37355;307279;5;30-jul-07;14:41:09;30.2216;18.2367;3.65291;0.434723555555556;1.5985;0.25;0.101;NaN;5.58166666666667
TEL2007745_179;MFD_SETNO179;45.4287;-60.34735;307280;122;30-jul-07;21:24:05;33.0858;1.5978;4.66506;0.0273639365079365;10.7885;1.115;10.0665;33.058;5.99533333333333
TEL2007745_179;MFD_SETNO179;45.4287;-60.34735;307281;50;30-jul-07;21:24:05;32.305;1.6351;5.94706;0.205717396825397;4.333;0.81;3.775;NaN;NaN
TEL2007745_179;MFD_SETNO179;45.4287;-60.34735;307282;25;30-jul-07;21:24:05;31.728;5.3078;6.0056;1.2560515;2.868;0.574;0.766;NaN;NaN
TEL2007745_179;MFD_SETNO179;45.4287;-60.34735;307283;4;30-jul-07;21:24:05;30.3437;17.1851;4.45041;0.641388;1.3975;0.308;0.1025;NaN;5.94
TEL2007745_180;MFD_SETNO180;45.169683;-60.296383;307284;70;30-jul-07;23:56:15;32.3891;1.2513;5.10613;0.0588324634920635;6.94;0.941;6.5955;32.409;6.492
TEL2007745_180;MFD_SETNO180;45.169683;-60.296383;307285;49;30-jul-07;23:56:15;32.1432;1.7374;5.60835;0.121769517460317;5.6995;0.864;5.064;NaN;NaN
TEL2007745_180;MFD_SETNO180;45.169683;-60.296383;307286;26;30-jul-07;23:56:15;31.701;3.834;5.74125;0.7215615;4.8815;0.7595;2.771;NaN;NaN
TEL2007745_180;MFD_SETNO180;45.169683;-60.296383;307287;5;30-jul-07;23:56:15;30.487;16.3763;4.535;0.481041;1.3515;0.376;0.168;NaN;6.24133333333333
TEL2007745_181;MFD_SETNO181;45.199017;-60.487433;307288;127;31-jul-07;02:02:36;33.0152;1.6252;4.56393;0.0191547555555556;12.5845;1.206;10.967;33.006;5.859
TEL2007745_181;MFD_SETNO181;45.199017;-60.487433;307289;50;31-jul-07;02:02:36;32.0119;1.0359;5.48326;0.302753904761905;5.0105;0.892;4.794;NaN;NaN
TEL2007745_181;MFD_SETNO181;45.199017;-60.487433;307290;25;31-jul-07;02:02:36;31.4416;3.794;5.94453;0.748286;2.625;0.645;1.5065;NaN;NaN
TEL2007745_181;MFD_SETNO181;45.199017;-60.487433;307291;4;31-jul-07;02:02:36;30.545;15.022;4.68722;0.310516825396825;0.857;0.3385;0.111;NaN;6.584
TEL2007745_182;MFD_SETNO182;44.65955;-60.726433;307292;49;01-aug-07;05:30:23;32.143;2.8195;5.33673;0.320694;4.409;0.774;3.422;32.128;6.847
TEL2007745_182;MFD_SETNO182;44.65955;-60.726433;307293;25;01-aug-07;05:30:23;31.8317;3.6937;5.50136;0.481041;3.95;0.715;2.8875;NaN;NaN
TEL2007745_182;MFD_SETNO182;44.65955;-60.726433;307294;5;01-aug-07;05:30:23;30.8149;16.6709;4.51172;0.8284595;1.6635;0.3845;0.568;NaN;6.44
TEL2007745_184;MFD_SETNO184;44.523117;-60.469367;307295;33;01-aug-07;09:10:21;31.8338;3.5433;5.71534;1.02889325;2.9725;0.579;1.4065;31.787;7.276
TEL2007745_184;MFD_SETNO184;44.523117;-60.469367;307296;25;01-aug-07;09:10:21;31.7006;4.5086;5.73594;1.05561775;3.3445;0.6325;1.46;NaN;NaN
TEL2007745_184;MFD_SETNO184;44.523117;-60.469367;307297;5;01-aug-07;09:10:21;30.6486;17.2819;4.3795;1.10906675;1.7185;0.413;0.425;NaN;6.89
TEL2007745_185;MFD_SETNO185;44.497;-60.67905;307298;54;01-aug-07;10:48:58;32.3183;1.9668;5.22744;0.209598857142857;5.2265;0.8715;4.982;32.305;6.735
TEL2007745_185;MFD_SETNO185;44.497;-60.67905;307299;25;01-aug-07;10:48:58;31.9021;2.8058;5.56131;0.41422975;5.0425;0.786;3.7415;NaN;NaN
TEL2007745_185;MFD_SETNO185;44.497;-60.67905;307300;5;01-aug-07;10:48:58;30.7859;17.458;4.33413;0.7750105;1.352;0.292;0.1895;NaN;6.1205
TEL2007745_186;MFD_SETNO186;44.313367;-60.8206;307301;108;01-aug-07;13:17:38;33.1371;3.0072;4.73784;0.0465775238095238;9.1245;0.982;8.565;33.122;6.003
TEL2007745_186;MFD_SETNO186;44.313367;-60.8206;307302;49;01-aug-07;13:17:38;32.0982;4.2926;5.58866;0.54785225;2.4515;0.648;1.927;NaN;NaN
TEL2007745_186;MFD_SETNO186;44.313367;-60.8206;307303;24;01-aug-07;13:17:38;32.1059;9.4214;4.97338;1.48320975;1.105;0.3865;0.1395;NaN;NaN
TEL2007745_186;MFD_SETNO186;44.313367;-60.8206;307304;5;01-aug-07;13:17:38;31.5464;18.1484;4.22397;0.5077655;0.912;0.263;0.0925;NaN;5.9095
TEL2007745_187;MFD_SETNO187;44.2047;-60.858533;307305;30;01-aug-07;14:44:03;32.0421;10.3671;4.93724;1.229327;1.146;0.398;0.1155;32.016;6.38666666666667
TEL2007745_187;MFD_SETNO187;44.2047;-60.858533;307306;23;01-aug-07;14:44:03;32.0169;10.8494;4.9372;1.34958725;0.961;0.38;0.104;NaN;NaN
TEL2007745_187;MFD_SETNO187;44.2047;-60.858533;307307;5;01-aug-07;14:44:03;31.6384;16.749;4.24065;1.0422555;0.9755;0.376;0.0935;NaN;6.38866666666667
TEL2007745_188;MFD_SETNO188;44.476367;-60.952533;307308;88;01-aug-07;16:59:33;32.8325;2.323;4.91754;0.0582219047619048;7.6045;0.942;7.429;32.828;6.34966666666667
TEL2007745_188;MFD_SETNO188;44.476367;-60.952533;307309;50;01-aug-07;16:59:33;32.3524;2.568;5.48688;0.310516825396825;3.553;0.781;3.1155;NaN;NaN
TEL2007745_188;MFD_SETNO188;44.476367;-60.952533;307310;26;01-aug-07;16:59:33;32.1342;9.2286;5.09344;0.357094349206349;1.0995;0.435;0.179;NaN;NaN
TEL2007745_188;MFD_SETNO188;44.476367;-60.952533;307311;5;01-aug-07;16:59:33;31.098;18.4604;4.28109;0.5077655;0.876;0.2305;0.092;NaN;5.62166666666667
TEL2007745_19;MFD_SETNO19;42.783983;-65.912817;304717;88;10-jul-07;08:48:59;32.7446;6.403;4.77197;0.209598857142857;6.097;0.7715;6.9545;32.731;6.313
TEL2007745_19;MFD_SETNO19;42.783983;-65.912817;304718;51;10-jul-07;08:48:59;32.7116;6.4862;4.80548;0.225124698412698;5.935;0.762;6.6475;NaN;NaN
TEL2007745_19;MFD_SETNO19;42.783983;-65.912817;304719;26;10-jul-07;08:48:59;32.5207;7.2364;4.93031;0.426960634920635;4.9985;0.6735;5.1125;NaN;NaN
TEL2007745_19;MFD_SETNO19;42.783983;-65.912817;304720;6;10-jul-07;08:48:59;32.1756;9.5483;5.19903;2.47851240476191;2.7685;0.398;0.488;NaN;6.798
TEL2007745_190;MFD_SETNO190;44.53995;-61.7059;307312;159;01-aug-07;23:12:09;34.4861;7.5621;2.24117;0.0328367238095238;23.6035;1.567;17.932;34.478;2.96266666666667
TEL2007745_190;MFD_SETNO190;44.53995;-61.7059;307313;51;01-aug-07;23:12:09;32.4644;1.6326;4.92243;0.0437822984126984;7.831;1.014;8.02;NaN;NaN
TEL2007745_190;MFD_SETNO190;44.53995;-61.7059;307314;25;01-aug-07;23:12:09;32.1191;3.5944;5.44281;0.5612145;3.903;0.6875;2.7195;NaN;NaN
TEL2007745_190;MFD_SETNO190;44.53995;-61.7059;307315;5;01-aug-07;23:12:09;30.6142;15.3645;4.69119;0.427592;1.478;0.3235;0.1065;NaN;6.50233333333333
TEL2007745_191;MFD_SETNO191;44.269667;-63.3222;307316;162;02-aug-07;05:41:24;33.7774;5.6313;3.23577;0.0191547555555556;NaN;NaN;NaN;33.752;4.27166666666667
TEL2007745_191;MFD_SETNO191;44.269667;-63.3222;307317;100;02-aug-07;05:41:24;32.868;2.6146;4.42404;0.0191547555555556;NaN;NaN;NaN;NaN;NaN
TEL2007745_191;MFD_SETNO191;44.269667;-63.3222;307318;75;02-aug-07;05:41:24;32.6291;1.9836;4.88573;0.0342049206349207;NaN;NaN;NaN;NaN;NaN
TEL2007745_191;MFD_SETNO191;44.269667;-63.3222;307319;49;02-aug-07;05:41:24;32.2983;2.3686;5.39515;0.170784253968254;NaN;NaN;NaN;NaN;NaN
TEL2007745_191;MFD_SETNO191;44.269667;-63.3222;307320;39;02-aug-07;05:41:24;32.0953;2.8474;5.6515;1.42702229365079;NaN;NaN;NaN;32.078;7.23333333333333
TEL2007745_191;MFD_SETNO191;44.269667;-63.3222;307321;30;02-aug-07;05:41:24;31.9456;3.075;5.73821;1.46457551190476;NaN;NaN;NaN;NaN;NaN
TEL2007745_191;MFD_SETNO191;44.269667;-63.3222;307322;19;02-aug-07;05:41:24;31.4686;4.5209;5.96917;1.5396819484127;NaN;NaN;NaN;NaN;NaN
TEL2007745_191;MFD_SETNO191;44.269667;-63.3222;307323;10;02-aug-07;05:41:24;30.999;16.6568;4.59805;0.73492375;NaN;NaN;NaN;NaN;NaN
TEL2007745_191;MFD_SETNO191;44.269667;-63.3222;307324;4;02-aug-07;05:41:24;30.9032;18.4161;4.47237;1.26941375;NaN;NaN;NaN;NaN;NaN
TEL2007745_191;MFD_SETNO191;44.269667;-63.3222;307325;1;02-aug-07;05:41:24;30.897;18.422;4.50536;2.0577865;NaN;NaN;NaN;30.989;5.871
TEL2007745_2;MFD_SETNO2;43.9541;-64.0432;304657;164;08-jul-07;07:00:58;34.3359;7.2011;2.97997;0.0164183619047619;15.473;1.249;14.9265;34.357;3.972
TEL2007745_2;MFD_SETNO2;43.9541;-64.0432;304658;50;08-jul-07;07:00:58;32.5628;1.7598;4.91251;0.0930373841269841;6.0815;0.8495;6.6405;NaN;NaN
TEL2007745_2;MFD_SETNO2;43.9541;-64.0432;304659;26;08-jul-07;07:00:58;31.9027;3.095;5.83691;1.08904332936508;1.1995;0.45;0.3575;NaN;NaN
TEL2007745_2;MFD_SETNO2;43.9541;-64.0432;304660;5;08-jul-07;07:00:58;31.227;10.664;5.0465;0.49440325;0.8765;0.2905;0.0235;NaN;6.5835
TEL2007745_22;MFD_SETNO22;42.66775;-66.906067;304721;221;10-jul-07;17:42:10;34.8188;7.7192;3.36015;0.0310516825396825;10.9835;1.1385;15.2925;34.801;4.419
TEL2007745_22;MFD_SETNO22;42.66775;-66.906067;304722;51;10-jul-07;17:42:10;33.5159;6.9375;4.47081;0.104799428571429;6.517;0.844;8.508;NaN;NaN
TEL2007745_22;MFD_SETNO22;42.66775;-66.906067;304723;26;10-jul-07;17:42:10;32.1751;8.0032;5.24718;0.92199525;1.902;0.414;0.9955;NaN;NaN
TEL2007745_22;MFD_SETNO22;42.66775;-66.906067;304724;5;10-jul-07;17:42:10;31.8493;12.1397;4.92731;0.427592;1.259;0.329;0.0485;NaN;6.357
TEL2007745_23;MFD_SETNO23;42.77935;-66.863533;304725;209;10-jul-07;20:27:33;34.5496;8.1242;3.59756;0.0246275428571429;9.633;1.039;13.3805;34.533;4.6965
TEL2007745_23;MFD_SETNO23;42.77935;-66.863533;304726;51;10-jul-07;20:27:33;32.6412;6.1824;4.82722;0.320694;5.258;0.738;5.7425;NaN;NaN
TEL2007745_23;MFD_SETNO23;42.77935;-66.863533;304727;25;10-jul-07;20:27:33;32.2844;6.7034;5.04382;0.481041;3.7325;0.591;3.798;NaN;NaN
TEL2007745_23;MFD_SETNO23;42.77935;-66.863533;304728;6;10-jul-07;20:27:33;31.8245;11.1978;5.05015;0.97544425;1.542;0.342;0.2185;NaN;6.551
TEL2007745_24;MFD_SETNO24;42.89265;-66.7727;304729;204;10-jul-07;23:03:38;34.3198;7.5057;3.72812;0.031468526984127;10.8545;1.0875;13.994;34.302;5.0325
TEL2007745_24;MFD_SETNO24;42.89265;-66.7727;304730;49;10-jul-07;23:03:38;32.528;6.0381;4.90957;0.267245;5.363;0.748;5.985;NaN;NaN
TEL2007745_24;MFD_SETNO24;42.89265;-66.7727;304731;26;10-jul-07;23:03:38;32.0683;9.0508;5.14784;0.89527075;3.1315;0.519;2.402;NaN;NaN
TEL2007745_24;MFD_SETNO24;42.89265;-66.7727;304732;6;10-jul-07;23:03:38;32.0225;9.8198;5.24077;1.88407725;2.326;0.389;0.45;NaN;6.929
TEL2007745_25;MFD_SETNO25;42.927933;-66.80315;304733;189;11-jul-07;01:01:41;34.1718;7.1631;3.81603;0.0273639365079365;10.9945;1.099;13.747;34.154;5.0995
TEL2007745_25;MFD_SETNO25;42.927933;-66.80315;304734;50;11-jul-07;01:01:41;32.428;6.3672;4.93035;0.41422975;4.265;0.642;4.294;NaN;NaN
TEL2007745_25;MFD_SETNO25;42.927933;-66.80315;304735;26;11-jul-07;01:01:41;32.361;6.448;4.98096;0.5077655;3.9095;0.6095;3.6245;NaN;NaN
TEL2007745_25;MFD_SETNO25;42.927933;-66.80315;304736;6;11-jul-07;01:01:41;32.0618;9.5268;5.17812;1.389674;2.3595;0.3825;0.614;NaN;6.7965
TEL2007745_26;MFD_SETNO26;43.176233;-66.785817;304737;146;11-jul-07;04:30:06;33.7735;6.7336;4.05957;0.0930373841269841;10.5545;1.0615;12.502;33.75;5.47
TEL2007745_26;MFD_SETNO26;43.176233;-66.785817;304738;50;11-jul-07;04:30:06;33.1811;6.6005;4.51902;0.3474185;7.0145;0.831;8.21;NaN;NaN
TEL2007745_26;MFD_SETNO26;43.176233;-66.785817;304739;25;11-jul-07;04:30:06;32.4581;7.5028;4.97192;1.21596475;2.736;0.459;1.8575;NaN;NaN
TEL2007745_26;MFD_SETNO26;43.176233;-66.785817;304740;5;11-jul-07;04:30:06;32.2662;10.1146;5.16394;1.67028125;2.366;0.396;0.867;NaN;6.865
TEL2007745_27;MFD_SETNO27;43.553133;-66.5927;304741;111;11-jul-07;08:35:29;33.2729;6.8033;4.35274;0.62802575;8.394;0.928;9.855;33.255;5.8215
TEL2007745_27;MFD_SETNO27;43.553133;-66.5927;304742;51;11-jul-07;08:35:29;32.2624;7.3188;4.99115;1.6836435;3.07;0.531;3.1555;NaN;NaN
TEL2007745_27;MFD_SETNO27;43.553133;-66.5927;304743;25;11-jul-07;08:35:29;32.0334;8.1744;5.30332;2.51606562301587;1.5085;0.403;1.26;NaN;NaN
TEL2007745_27;MFD_SETNO27;43.553133;-66.5927;304744;5;11-jul-07;08:35:29;31.8674;9.9923;5.35946;2.02787378571429;0.5685;0.292;0.017;NaN;7.247
TEL2007745_28;MFD_SETNO28;43.809767;-66.559917;304745;105;11-jul-07;12:07:51;32.8545;6.9613;4.59536;1.68989482142857;6.539;0.7815;7.3365;32.838;6.1295
TEL2007745_28;MFD_SETNO28;43.809767;-66.559917;304746;51;11-jul-07;12:07:51;32.4441;8.246;4.98937;0.53449;5.508;0.6975;5.967;NaN;NaN
TEL2007745_28;MFD_SETNO28;43.809767;-66.559917;304747;26;11-jul-07;12:07:51;32.1786;8.7154;5.31851;0.57457675;2.7065;0.4525;2.134;NaN;NaN
TEL2007745_28;MFD_SETNO28;43.809767;-66.559917;304748;5;11-jul-07;12:07:51;31.9825;9.4245;5.45752;0.68147475;2.9245;0.483;1.8435;NaN;6.877
TEL2007745_3;MFD_SETNO3;43.487667;-64.60825;304661;80;08-jul-07;13:29:09;32.4756;2.758;4.85609;0.054727873015873;5.8845;0.8845;5.678;32.487;6.451
TEL2007745_3;MFD_SETNO3;43.487667;-64.60825;304662;50;08-jul-07;13:29:09;32.0668;3.1114;5.29517;0.201835936507937;3.5005;0.6595;3.0585;NaN;NaN
TEL2007745_3;MFD_SETNO3;43.487667;-64.60825;304663;25;08-jul-07;13:29:09;31.665;4.5039;5.54907;0.60130125;2.291;0.538;1.475;NaN;NaN
TEL2007745_3;MFD_SETNO3;43.487667;-64.60825;304664;5;08-jul-07;13:29:09;31.3777;9.294;5.22955;0.57457675;0.7835;0.303;0.0375;NaN;6.7145
TEL2007745_30;MFD_SETNO30;44.1952;-66.541883;304749;90;11-jul-07;18:32:31;32.6708;7.1903;4.67314;0.53449;6.5575;0.781;6.913;32.657;6.2435
TEL2007745_30;MFD_SETNO30;44.1952;-66.541883;304750;50;11-jul-07;18:32:31;32.5988;7.3636;4.72073;0.57457675;6.548;0.7495;6.633;NaN;NaN
TEL2007745_30;MFD_SETNO30;44.1952;-66.541883;304751;25;11-jul-07;18:32:31;32.5603;7.4667;4.75133;0.68147475;6.355;0.729;6.3855;NaN;NaN
TEL2007745_30;MFD_SETNO30;44.1952;-66.541883;304752;5;11-jul-07;18:32:31;32.4189;7.8586;4.83922;0.9353575;5.742;0.6785;5.492;NaN;6.4365
TEL2007745_31;MFD_SETNO31;44.33765;-66.528967;304753;200;11-jul-07;21:18:29;33.3421;6.2825;4.19407;0.0776292063492064;10.465;1.025;11.8695;33.329;5.642
TEL2007745_31;MFD_SETNO31;44.33765;-66.528967;304754;51;11-jul-07;21:18:29;32.6169;6.9442;4.70396;0.236769079365079;6.773;0.836;7.6815;NaN;NaN
TEL2007745_31;MFD_SETNO31;44.33765;-66.528967;304755;25;11-jul-07;21:18:29;32.4672;7.5063;4.81508;0.587939;5.452;0.6745;5.58;NaN;NaN
TEL2007745_31;MFD_SETNO31;44.33765;-66.528967;304756;6;11-jul-07;21:18:29;32.2182;8.7408;5.00186;1.87766091269841;4.188;0.5565;3.45;NaN;6.907
TEL2007745_32;MFD_SETNO32;44.6619;-66.18045;304757;122;12-jul-07;01:14:36;32.7781;6.3647;4.56837;0.104799428571429;7.7515;0.8415;8.9215;32.767;6.3005
TEL2007745_32;MFD_SETNO32;44.6619;-66.18045;304758;50;12-jul-07;01:14:36;32.5077;6.9081;4.75636;0.182428634920635;6.2535;0.748;7.003;NaN;NaN
TEL2007745_32;MFD_SETNO32;44.6619;-66.18045;304759;26;12-jul-07;01:14:36;32.283;8.1517;4.87795;0.46767875;5.0425;0.635;4.709;NaN;NaN
TEL2007745_32;MFD_SETNO32;44.6619;-66.18045;304760;5;12-jul-07;01:14:36;32.1276;8.8144;5.15193;1.88407725;3.269;0.489;2.3875;NaN;7.2415
TEL2007745_33;MFD_SETNO33;44.757817;-65.8966;304761;92;12-jul-07;03:40:18;32.152;7.8006;4.96796;0.41422975;4.464;0.644;4.021;32.138;3.6
TEL2007745_33;MFD_SETNO33;44.757817;-65.8966;304762;50;12-jul-07;03:40:18;32.1493;7.8771;4.97091;0.41422975;4.3805;0.631;3.957;NaN;NaN
TEL2007745_33;MFD_SETNO33;44.757817;-65.8966;304763;26;12-jul-07;03:40:18;32.1497;7.9856;5.00474;0.57457675;4.3745;0.618;3.916;NaN;NaN
TEL2007745_33;MFD_SETNO33;44.757817;-65.8966;304764;6;12-jul-07;03:40:18;32.0837;9.2852;5.18741;3.1920235515873;2.765;0.464;1.7225;NaN;6.9195
TEL2007745_34;MFD_SETNO34;44.796617;-65.748367;304765;74;12-jul-07;05:25:30;32.0981;8.1997;4.99646;NaN;NaN;NaN;NaN;32.076;NaN
TEL2007745_34;MFD_SETNO34;44.796617;-65.748367;304766;50;12-jul-07;05:25:30;32.0878;8.3347;4.99082;0.6681125;3.897;0.609;3.406;NaN;6.8315
TEL2007745_34;MFD_SETNO34;44.796617;-65.748367;304767;25;12-jul-07;05:25:30;32.0716;8.4687;4.98792;0.748286;3.724;0.608;3.3045;NaN;NaN
TEL2007745_34;MFD_SETNO34;44.796617;-65.748367;304768;5;12-jul-07;05:25:30;32.0673;8.5516;4.74533;0.70819925;3.7025;0.61;3.216;NaN;6.7925
TEL2007745_35;MFD_SETNO35;44.98175;-65.324067;304769;67;12-jul-07;08:55:08;32.029;9.4513;5.08031;NaN;NaN;NaN;NaN;NaN;NaN
TEL2007745_35;MFD_SETNO35;44.98175;-65.324067;304770;50;12-jul-07;08:55:08;32.0297;9.4544;5.07718;0.4543165;2.2805;0.523;1.507;NaN;NaN
TEL2007745_35;MFD_SETNO35;44.98175;-65.324067;304771;25;12-jul-07;08:55:08;32.0289;9.4776;5.07144;0.41422975;2.213;0.498;1.4385;NaN;NaN
TEL2007745_35;MFD_SETNO35;44.98175;-65.324067;304772;6;12-jul-07;08:55:08;32.0268;9.544;5.0552;0.44095425;2.3455;0.5235;1.5365;NaN;6.9125
TEL2007745_36;MFD_SETNO36;45.22895;-65.217;304773;66;12-jul-07;12:15:15;31.7193;9.6863;5.32051;3.0793638968254;1.3745;0.476;1.596;NaN;7.241
TEL2007745_36;MFD_SETNO36;45.22895;-65.217;304774;51;12-jul-07;12:15:15;31.7199;9.6835;5.3264;1.72744803968254;1.245;0.419;1.4325;NaN;NaN
TEL2007745_36;MFD_SETNO36;45.22895;-65.217;304775;26;12-jul-07;12:15:15;31.7183;9.6826;5.31976;2.14053344047619;1.293;0.464;1.583;NaN;NaN
TEL2007745_36;MFD_SETNO36;45.22895;-65.217;304776;5;12-jul-07;12:15:15;31.7168;9.6815;5.3176;2.36585275;1.661;0.5005;1.577;NaN;7.298
TEL2007745_37;MFD_SETNO37;45.273283;-64.9909;304777;68;12-jul-07;14:41:08;31.6641;9.8855;5.30141;2.40340596825397;1.3155;0.471;1.523;31.65;7.245
TEL2007745_37;MFD_SETNO37;45.273283;-64.9909;304778;50;12-jul-07;14:41:08;31.6645;9.8896;5.29863;2.66627849603175;1.271;0.4505;1.4595;NaN;NaN
TEL2007745_37;MFD_SETNO37;45.273283;-64.9909;304779;26;12-jul-07;14:41:08;31.6638;9.8961;5.2926;2.66627849603175;1.4195;0.474;1.529;NaN;NaN
TEL2007745_37;MFD_SETNO37;45.273283;-64.9909;304780;5;12-jul-07;14:41:08;31.6562;9.93;5.29505;2.10298022222222;1.2515;0.4485;1.446;NaN;7.2425
TEL2007745_38;MFD_SETNO38;45.298567;-65.126367;304781;51;12-jul-07;16:40:32;31.43;10.1673;5.41196;2.66627849603175;1.2145;0.4375;1.3495;31.419;7.31
TEL2007745_38;MFD_SETNO38;45.298567;-65.126367;304782;50;12-jul-07;16:40:32;31.4303;10.1661;5.41289;2.70383171428571;1.6255;0.4555;1.3425;NaN;NaN
TEL2007745_38;MFD_SETNO38;45.298567;-65.126367;304783;25;12-jul-07;16:40:32;31.4279;10.1757;5.4084;2.55361884126984;0.9715;0.386;1.199;NaN;NaN
TEL2007745_38;MFD_SETNO38;45.298567;-65.126367;304784;5;12-jul-07;16:40:32;31.4236;10.1911;5.34586;2.47851240476191;1.007;0.4335;1.326;NaN;7.3385
TEL2007745_39;MFD_SETNO39;45.204917;-65.313533;304785;56;12-jul-07;18:43:48;31.6411;9.8166;5.33823;1.68989482142857;1.673;0.509;1.485;31.618;7.2335
TEL2007745_39;MFD_SETNO39;45.204917;-65.313533;304786;50;12-jul-07;18:43:48;31.6357;9.8255;5.33926;2.14053344047619;1.1265;0.481;1.516;NaN;NaN
TEL2007745_39;MFD_SETNO39;45.204917;-65.313533;304787;25;12-jul-07;18:43:48;31.5965;9.9043;5.345;2.02787378571429;1.144;0.445;1.3535;NaN;NaN
TEL2007745_39;MFD_SETNO39;45.204917;-65.313533;304788;5;12-jul-07;18:43:48;31.5221;10.054;5.35161;1.76500125793651;1.03;0.4125;1.2335;NaN;7.2115
TEL2007745_4;MFD_SETNO4;43.330383;-64.64955;304665;84;08-jul-07;16:16:48;32.3594;1.7118;5.06705;0.0342049206349206;5.3955;0.8855;5.889;32.335;6.7075
TEL2007745_4;MFD_SETNO4;43.330383;-64.64955;304666;50;08-jul-07;16:16:48;31.5834;1.9384;5.6247;0.136819682539683;2.288;0.6155;1.722;NaN;NaN
TEL2007745_4;MFD_SETNO4;43.330383;-64.64955;304667;25;08-jul-07;16:16:48;31.454;5.5295;5.50424;0.7750105;1.3175;0.4455;0.2445;NaN;NaN
TEL2007745_4;MFD_SETNO4;43.330383;-64.64955;304668;5;08-jul-07;16:16:48;30.9175;12.2154;4.86675;0.52112775;0.609;0.269;0.0025;NaN;6.2735
TEL2007745_40;MFD_SETNO40;45.161067;-65.766817;304789;72;12-jul-07;22:17:11;31.7687;9.0867;5.36923;NaN;NaN;NaN;NaN;31.739;NaN
TEL2007745_40;MFD_SETNO40;45.161067;-65.766817;304790;51;12-jul-07;22:17:11;31.7617;9.1273;5.36853;2.44095918650794;1.186;0.525;2.121;NaN;6.918
TEL2007745_40;MFD_SETNO40;45.161067;-65.766817;304791;26;12-jul-07;22:17:11;31.7596;9.1232;5.36623;2.32829953174603;1.1725;0.502;1.996;NaN;NaN
TEL2007745_40;MFD_SETNO40;45.161067;-65.766817;304792;6;12-jul-07;22:17:11;31.758;9.1758;5.36834;1.80255447619048;1.1895;0.5295;2.0885;NaN;6.9855
TEL2007745_41;MFD_SETNO41;45.088767;-65.943983;304793;93;13-jul-07;00:49:21;32.0734;7.6959;5.16652;1.12659654761905;1.4265;0.51;1.714;32.004;7.0325
TEL2007745_41;MFD_SETNO41;45.088767;-65.943983;304794;50;13-jul-07;00:49:21;32.073;7.6882;5.1625;0.7750105;1.8755;0.597;2.5585;NaN;NaN
TEL2007745_41;MFD_SETNO41;45.088767;-65.943983;304795;25;13-jul-07;00:49:21;32.057;7.9203;5.18467;0.962082;2.063;0.627;2.798;NaN;NaN
TEL2007745_41;MFD_SETNO41;45.088767;-65.943983;304796;5;13-jul-07;00:49:21;31.9865;9.0498;5.2661;1.02889325;1.8945;0.5895;2.5685;NaN;6.864
TEL2007745_42;MFD_SETNO42;44.992683;-66.236233;304797;98;13-jul-07;03:42:27;32.296;6.627;4.90613;0.135851111111111;4.852;0.744;5.545;32.28;6.5205
TEL2007745_42;MFD_SETNO42;44.992683;-66.236233;304798;50;13-jul-07;03:42:27;32.2254;6.9747;4.96152;0.12420673015873;4.342;0.7;4.8055;NaN;NaN
TEL2007745_42;MFD_SETNO42;44.992683;-66.236233;304799;25;13-jul-07;03:42:27;32.154;7.3815;5.05524;0.694837;2.688;0.5625;2.846;NaN;NaN
TEL2007745_42;MFD_SETNO42;44.992683;-66.236233;304800;5;13-jul-07;03:42:27;31.8721;10.5702;5.29178;1.6523416031746;1.8015;0.395;0.3845;NaN;7.1925
TEL2007745_43;MFD_SETNO43;45.018783;-66.319267;304801;90;13-jul-07;06:02:34;32.1589;6.9987;5.06609;0.38750525;2.919;0.6545;3.476;32.143;6.8025
TEL2007745_43;MFD_SETNO43;45.018783;-66.319267;304802;50;13-jul-07;06:02:34;32.1491;7.0705;5.0877;0.22715825;2.8515;0.6725;3.578;NaN;NaN
TEL2007745_43;MFD_SETNO43;45.018783;-66.319267;304803;25;13-jul-07;06:02:34;32.0588;7.7725;5.20522;0.49440325;1.9105;0.576;2.644;NaN;NaN
TEL2007745_43;MFD_SETNO43;45.018783;-66.319267;304804;4;13-jul-07;06:02:34;31.8786;9.2336;5.38082;2.2531930952381;1.0015;0.393;0.704;NaN;7.295
TEL2007745_44;MFD_SETNO44;44.955483;-66.567533;304805;59;13-jul-07;08:34:22;32.0214;7.5036;5.13818;0.6681125;2.663;0.64;3.401;32.003;6.854
TEL2007745_44;MFD_SETNO44;44.955483;-66.567533;304806;50;13-jul-07;08:34:22;32.0083;7.5678;5.16569;0.70819925;2.4565;0.608;3.205;NaN;NaN
TEL2007745_44;MFD_SETNO44;44.955483;-66.567533;304807;26;13-jul-07;08:34:22;31.7111;8.6696;5.33186;1.00216875;1.4235;0.4965;2.418;NaN;NaN
TEL2007745_44;MFD_SETNO44;44.955483;-66.567533;304808;5;13-jul-07;08:34:22;31.5626;8.9713;5.29952;1.3095005;1.456;0.4725;2.053;NaN;7.042
TEL2007745_45;MFD_SETNO45;44.863617;-66.743383;304809;151;13-jul-07;10:59:22;32.5491;5.982;4.68857;0.112562349206349;6.865;0.8485;7.91;32.522;6.3115
TEL2007745_45;MFD_SETNO45;44.863617;-66.743383;304810;51;13-jul-07;10:59:22;31.9383;7.5584;5.15607;0.287228063492064;2.822;0.641;3.7635;NaN;NaN
TEL2007745_45;MFD_SETNO45;44.863617;-66.743383;304811;26;13-jul-07;10:59:22;31.9023;7.6783;5.17886;NaN;NaN;NaN;NaN;NaN;NaN
TEL2007745_45;MFD_SETNO45;44.863617;-66.743383;304812;5;13-jul-07;10:59:22;31.5712;8.9607;5.33756;0.70819925;1.781;0.5185;2.3355;NaN;7.0675
TEL2007745_46;MFD_SETNO46;44.84785;-66.6577;304813;123;13-jul-07;12:58:27;32.5643;6.0065;4.69208;0.104799428571429;6.886;0.8795;7.8675;32.539;6.2995
TEL2007745_46;MFD_SETNO46;44.84785;-66.6577;304814;51;13-jul-07;12:58:27;31.9146;7.6323;5.15154;0.256176380952381;2.9205;0.65;3.7325;NaN;NaN
TEL2007745_46;MFD_SETNO46;44.84785;-66.6577;304815;26;13-jul-07;12:58:27;31.7566;8.5368;5.27718;0.68147475;1.4395;0.5395;2.3525;NaN;NaN
TEL2007745_46;MFD_SETNO46;44.84785;-66.6577;304816;6;13-jul-07;12:58:27;31.3359;9.6444;5.34532;1.0422555;1.711;0.4945;2.134;NaN;7.111
TEL2007745_47;MFD_SETNO47;44.476833;-66.5906;304817;94;13-jul-07;16:33:32;32.9716;6.6254;4.42588;0.151376952380952;8.2835;0.918;9.7315;32.95;5.9175
TEL2007745_47;MFD_SETNO47;44.476833;-66.5906;304818;50;13-jul-07;16:33:32;32.4835;7.2012;4.80557;0.318279746031746;5.152;0.689;6.113;NaN;NaN
TEL2007745_47;MFD_SETNO47;44.476833;-66.5906;304819;26;13-jul-07;16:33:32;32.3712;7.3524;4.86934;0.458012317460318;5.2775;0.7425;6.2105;NaN;NaN
TEL2007745_47;MFD_SETNO47;44.476833;-66.5906;304820;5;13-jul-07;16:33:32;32.0186;8.2883;5.06676;0.57457675;3.8855;0.6765;4.725;NaN;6.7385
TEL2007745_48;MFD_SETNO48;44.249883;-66.794717;304821;184;13-jul-07;19:21:00;33.6236;6.2432;4.06094;0.031468526984127;11.128;1.0825;13.0025;NaN;5.387
TEL2007745_48;MFD_SETNO48;44.249883;-66.794717;304822;50;13-jul-07;19:21:00;32.5045;7.1196;4.78178;0.44095425;5.4375;0.697;5.837;NaN;NaN
TEL2007745_48;MFD_SETNO48;44.249883;-66.794717;304823;25;13-jul-07;19:21:00;32.3694;8.0483;4.96884;0.7750105;4.734;0.616;4.524;NaN;NaN
TEL2007745_48;MFD_SETNO48;44.249883;-66.794717;304824;5;13-jul-07;19:21:00;32.223;9.139;5.32876;2.21563987698413;3.1885;0.465;1.7855;NaN;6.7905
TEL2007745_49;MFD_SETNO49;43.566283;-67.073617;304825;209;14-jul-07;02:21:33;34.2094;6.856;3.55827;0.0191547555555556;13.9295;1.275;15.3815;34.19;4.746
TEL2007745_49;MFD_SETNO49;43.566283;-67.073617;304826;51;14-jul-07;02:21:33;33.2277;6.4198;4.47372;0.135851111111111;6.41;0.853;8.63;NaN;NaN
TEL2007745_49;MFD_SETNO49;43.566283;-67.073617;304827;26;14-jul-07;02:21:33;32.6542;8.2234;4.94337;0.70819925;4.639;0.59;4.5425;NaN;NaN
TEL2007745_49;MFD_SETNO49;43.566283;-67.073617;304828;6;14-jul-07;02:21:33;32.3102;11.8739;5.25682;1.38946907539683;2.7785;0.3285;0.0865;NaN;6.897
TEL2007745_5;MFD_SETNO5;43.300983;-64.545633;304669;134;08-jul-07;18:18:29;33.8369;5.9237;3.32226;0.0150501650793651;13.156;1.2235;13.782;33.816;4.381
TEL2007745_5;MFD_SETNO5;43.300983;-64.545633;304670;51;08-jul-07;18:18:29;31.5352;2.093;5.63699;0.151376952380952;2.5355;0.6405;1.947;NaN;NaN
TEL2007745_5;MFD_SETNO5;43.300983;-64.545633;304671;25;08-jul-07;18:18:29;31.4371;7.6754;5.41498;0.86854625;1.7105;0.421;0.0895;NaN;NaN
TEL2007745_5;MFD_SETNO5;43.300983;-64.545633;304672;5;08-jul-07;18:18:29;30.9748;12.0054;4.91797;0.52112775;0.654;0.2755;0.011;NaN;6.308
TEL2007745_50;MFD_SETNO50;42.61405;-67.142433;304829;282;14-jul-07;09:07:48;34.8476;7.0907;3.38256;0.0136819682539683;12.467;1.191;18.079;34.828;4.493
TEL2007745_50;MFD_SETNO50;42.61405;-67.142433;304830;51;14-jul-07;09:07:48;33.2729;5.6838;4.59416;0.0492550857142857;7.791;0.9915;11.4235;NaN;NaN
TEL2007745_50;MFD_SETNO50;42.61405;-67.142433;304831;26;14-jul-07;09:07:48;32.7523;6.9737;4.97362;0.6146635;3.5875;0.604;5.068;NaN;NaN
TEL2007745_50;MFD_SETNO50;42.61405;-67.142433;304832;5;14-jul-07;09:07:48;31.9378;13.4223;4.78986;0.4008675;1.981;0.3735;0.104;NaN;6.3195
TEL2007745_51;MFD_SETNO51;42.39205;-67.028867;304833;351;14-jul-07;12:34:53;34.8588;6.9839;3.38464;0.0123137714285714;10.202;1.1325;14.312;34.84;4.4505
TEL2007745_51;MFD_SETNO51;42.39205;-67.028867;304834;51;14-jul-07;12:34:53;33.0194;5.8689;4.74319;0.147495492063492;4.8265;0.785;7.4395;NaN;NaN
TEL2007745_51;MFD_SETNO51;42.39205;-67.028867;304835;26;14-jul-07;12:34:53;32.2342;8.9221;5.18883;1.38946907539683;2.023;0.3725;0.55;NaN;NaN
TEL2007745_51;MFD_SETNO51;42.39205;-67.028867;304836;6;14-jul-07;12:34:53;32.1881;15.0712;4.61647;0.38750525;1.831;0.272;0.0365;NaN;6.014
TEL2007745_52;MFD_SETNO52;42.6373;-66.114033;304837;68;15-jul-07;04:27:16;32.9536;6.3287;4.57615;0.170784253968254;5.961;0.798;7.255;32.93;6.025
TEL2007745_52;MFD_SETNO52;42.6373;-66.114033;304838;50;15-jul-07;04:27:16;32.9064;6.303;4.61006;0.194073015873016;5.6535;0.7585;6.687;NaN;NaN
TEL2007745_52;MFD_SETNO52;42.6373;-66.114033;304839;26;15-jul-07;04:27:16;32.6001;5.854;4.87184;0.54785225;3.544;0.609;3.4505;NaN;NaN
TEL2007745_52;MFD_SETNO52;42.6373;-66.114033;304840;5;15-jul-07;04:27:16;31.6969;11.1531;5.0354;0.57457675;1.5375;0.3295;0.05;NaN;6.6315
TEL2007745_53;MFD_SETNO53;42.603367;-66.226017;304841;70;15-jul-07;06:32:09;32.8438;5.8371;4.64013;0.194073015873016;5.207;0.7625;6.101;32.826;6.049
TEL2007745_53;MFD_SETNO53;42.603367;-66.226017;304842;49;15-jul-07;06:32:09;32.469;5.6423;4.91108;0.36097580952381;4.508;0.6635;4.485;NaN;NaN
TEL2007745_53;MFD_SETNO53;42.603367;-66.226017;304843;26;15-jul-07;06:32:09;31.9457;9.5538;5.14429;1.23925620238095;2.353;0.4345;0.518;NaN;NaN
TEL2007745_53;MFD_SETNO53;42.603367;-66.226017;304844;5;15-jul-07;06:32:09;31.9374;13.2747;4.82888;0.5077655;1.448;0.283;0.0215;NaN;6.215
TEL2007745_54;MFD_SETNO54;42.435833;-66.573467;304845;298;15-jul-07;10:21:06;34.8292;6.9036;3.45305;0.0177865587301587;12.592;1.199;18.014;34.806;4.6735
TEL2007745_54;MFD_SETNO54;42.435833;-66.573467;304846;51;15-jul-07;10:21:06;32.9041;5.8316;4.7803;0.213480317460317;4.798;0.702;6.5615;NaN;NaN
TEL2007745_54;MFD_SETNO54;42.435833;-66.573467;304847;25;15-jul-07;10:21:06;32.4722;7.4904;5.09577;1.27680942063492;2.879;0.514;2.5775;NaN;NaN
TEL2007745_54;MFD_SETNO54;42.435833;-66.573467;304848;5;15-jul-07;10:21:06;32.0881;13.3579;4.79855;0.801735;2.0425;0.3835;0.056;NaN;6.695
TEL2007745_55;MFD_SETNO55;42.561783;-65.948267;304849;104;15-jul-07;14:26:47;33.7572;6.8334;4.02591;0.0776292063492064;7.649;0.9525;10.807;33.74;5.3575
TEL2007745_55;MFD_SETNO55;42.561783;-65.948267;304850;50;15-jul-07;14:26:47;32.314;5.5703;5.11263;0.587939;2.8755;0.558;2.901;NaN;NaN
TEL2007745_55;MFD_SETNO55;42.561783;-65.948267;304851;24;15-jul-07;14:26:47;31.6361;8.8056;5.31004;NaN;NaN;NaN;NaN;NaN;NaN
TEL2007745_55;MFD_SETNO55;42.561783;-65.948267;304852;5;15-jul-07;14:26:47;31.4818;12.4426;4.93632;0.294990984126984;0.905;0.242;0.0205;NaN;6.4885
TEL2007745_56;MFD_SETNO56;42.554683;-65.63585;304853;91;15-jul-07;16:48:40;33.4328;6.3411;4.24247;0.112562349206349;6.6625;0.8705;9.3775;33.417;5.672
TEL2007745_56;MFD_SETNO56;42.554683;-65.63585;304854;51;15-jul-07;16:48:40;32.0716;5.185;5.04819;0.399790412698413;3.6955;0.6215;3.6445;NaN;NaN
TEL2007745_56;MFD_SETNO56;42.554683;-65.63585;304855;25;15-jul-07;16:48:40;31.6788;8.804;5.21134;1.16414976587302;1.853;0.3795;0.666;NaN;NaN
TEL2007745_56;MFD_SETNO56;42.554683;-65.63585;304856;4;15-jul-07;16:48:40;31.5916;11.048;5.12816;0.92199525;1.369;0.3175;0.0245;NaN;6.8285
TEL2007745_57;MFD_SETNO57;42.413833;-65.610383;304857;93;15-jul-07;18:46:19;33.2217;5.944;4.37482;0.108680888888889;6.269;0.7;8.5095;33.206;5.7205
TEL2007745_57;MFD_SETNO57;42.413833;-65.610383;304858;50;15-jul-07;18:46:19;32.5124;4.8253;4.81197;0.205717396825397;4.8995;0.685;5.656;NaN;NaN
TEL2007745_57;MFD_SETNO57;42.413833;-65.610383;304859;25;15-jul-07;18:46:19;32.2238;5.0292;5.00242;0.279465142857143;4.0835;0.6605;4.1515;NaN;NaN
TEL2007745_57;MFD_SETNO57;42.413833;-65.610383;304860;5;15-jul-07;18:46:19;31.6811;8.223;5.04337;0.89527075;1.3945;0.309;0.236;NaN;6.8405
TEL2007745_58;MFD_SETNO58;42.149083;-65.622733;304861;259;15-jul-07;22:13:18;34.7151;7.6869;3.42416;0.0383095111111111;10.1995;1.106;16.2025;34.642;4.528
TEL2007745_58;MFD_SETNO58;42.149083;-65.622733;304862;52;15-jul-07;22:13:18;31.8801;4.2381;5.43014;1.05149011111111;1.278;0.324;0.247;NaN;NaN
TEL2007745_58;MFD_SETNO58;42.149083;-65.622733;304863;26;15-jul-07;22:13:18;31.5441;9.1274;5.28557;0.49440325;1.953;0.255;0.0015;NaN;NaN
TEL2007745_58;MFD_SETNO58;42.149083;-65.622733;304864;6;15-jul-07;22:13:18;31.4618;11.9614;5.01058;0.49440325;3.1965;0.595;3.1785;NaN;6.5565
TEL2007745_59;MFD_SETNO59;42.27325;-65.392933;304865;116;16-jul-07;00:41:09;34.2378;7.1195;3.65537;0.0465186920634921;9.0565;0.942;13.9115;34.229;4.9265
TEL2007745_59;MFD_SETNO59;42.27325;-65.392933;304866;51;16-jul-07;00:41:09;32.7731;5.0591;4.66433;0.104799428571429;5.7505;0.712;6.847;NaN;NaN
TEL2007745_59;MFD_SETNO59;42.27325;-65.392933;304867;26;16-jul-07;00:41:09;31.941;6.8389;5.29419;1.35191585714286;2.356;0.42;1.2305;NaN;NaN
TEL2007745_59;MFD_SETNO59;42.27325;-65.392933;304868;6;16-jul-07;00:41:09;31.5121;11.6337;5.06601;0.65475025;1.256;0.27;0;NaN;6.7935
TEL2007745_6;MFD_SETNO6;43.281883;-64.406517;304673;168;08-jul-07;20:38:32;34.3187;7.2154;2.66317;0.0150501650793651;15.79;1.232;14.714;34.303;3.655
TEL2007745_6;MFD_SETNO6;43.281883;-64.406517;304674;51;08-jul-07;20:38:32;31.9402;1.797;5.55603;0.121769517460318;2.578;0.677;2.2255;NaN;NaN
TEL2007745_6;MFD_SETNO6;43.281883;-64.406517;304675;26;08-jul-07;20:38:32;31.3791;6.7373;5.40257;0.86854625;1.112;0.3985;0.109;NaN;NaN
TEL2007745_6;MFD_SETNO6;43.281883;-64.406517;304676;6;08-jul-07;20:38:32;31.1542;10.9481;5.02908;0.49440325;0.718;0.279;0.009;NaN;6.6855
TEL2007745_60;MFD_SETNO60;42.4446;-65.221983;304869;115;16-jul-07;04:24:37;33.1478;4.9537;4.28887;0.0506232825396825;7.452;0.916;9.2645;33.094;5.7875
TEL2007745_60;MFD_SETNO60;42.4446;-65.221983;304870;50;16-jul-07;04:24:37;32.3877;3.6868;4.75618;0.0615688571428571;5.0085;0.7145;5.344;NaN;NaN
TEL2007745_60;MFD_SETNO60;42.4446;-65.221983;304871;26;16-jul-07;04:24:37;31.9578;5.4975;5.29796;1.01393689285714;2.8145;0.508;2.097;NaN;NaN
TEL2007745_60;MFD_SETNO60;42.4446;-65.221983;304872;5;16-jul-07;04:24:37;31.5118;11.9808;5.08523;0.748286;1.137;0.2615;0;NaN;6.758
TEL2007745_61;MFD_SETNO61;42.505183;-65.332317;304873;101;16-jul-07;06:20:42;33.032;5.7825;4.54087;0.131969650793651;5.601;0.7655;7.2825;33.018;6.1045
TEL2007745_61;MFD_SETNO61;42.505183;-65.332317;304874;51;16-jul-07;06:20:42;32.2254;4.9923;4.92128;0.194073015873016;4.152;0.598;3.534;NaN;NaN
TEL2007745_61;MFD_SETNO61;42.505183;-65.332317;304875;26;16-jul-07;06:20:42;31.7815;7.1171;5.13795;0.65475025;2.2785;0.439;1.341;NaN;NaN
TEL2007745_61;MFD_SETNO61;42.505183;-65.332317;304876;5;16-jul-07;06:20:42;31.5193;12.2692;4.87154;0.587939;1.634;0.2955;0.095;NaN;6.413
TEL2007745_62;MFD_SETNO62;42.650483;-65.328267;304877;94;16-jul-07;08:13:02;32.4401;3.9988;4.69096;0.170784253968254;6.795;0.7935;6.109;32.427;6.258
TEL2007745_62;MFD_SETNO62;42.650483;-65.328267;304878;51;16-jul-07;08:13:02;32.4059;4.2288;4.76202;0.159139873015873;6.242;0.772;6.1965;NaN;NaN
TEL2007745_62;MFD_SETNO62;42.650483;-65.328267;304879;26;16-jul-07;08:13:02;31.9877;6.3543;5.29263;1.91521413095238;1.442;0.3585;0.3905;NaN;NaN
TEL2007745_62;MFD_SETNO62;42.650483;-65.328267;304880;5;16-jul-07;08:13:02;31.4268;12.9882;4.88346;0.68147475;1.4955;0.271;0.0515;NaN;6.593
TEL2007745_63;MFD_SETNO63;42.68455;-65.230733;304881;95;16-jul-07;10:07:34;32.4517;3.7836;4.67341;0.0776292063492064;6.206;0.787;6.1225;32.445;6.2985
TEL2007745_63;MFD_SETNO63;42.68455;-65.230733;304882;52;16-jul-07;10:07:34;32.3576;3.9467;4.8618;0.46767875;3.588;0.5625;2.8245;NaN;NaN
TEL2007745_63;MFD_SETNO63;42.68455;-65.230733;304883;26;16-jul-07;10:07:34;31.8371;8.3031;5.26769;1.817266;1.8495;0.3405;0.117;NaN;NaN
TEL2007745_63;MFD_SETNO63;42.68455;-65.230733;304884;6;16-jul-07;10:07:34;31.3966;13.2096;4.87595;0.801735;1.511;0.262;0.0475;NaN;6.531
TEL2007745_64;MFD_SETNO64;42.588483;-65.096833;304885;108;16-jul-07;11:56:58;32.8552;3.9456;4.37016;0.0396777079365079;8.186;0.963;8.7905;32.844;5.8115
TEL2007745_64;MFD_SETNO64;42.588483;-65.096833;304886;50;16-jul-07;11:56:58;32.3979;3.6923;4.73379;0.0711462349206349;6.069;0.7825;5.9365;NaN;NaN
TEL2007745_64;MFD_SETNO64;42.588483;-65.096833;304887;26;16-jul-07;11:56:58;31.854;4.1257;5.39194;0.4543165;2.6045;0.535;1.8615;NaN;NaN
TEL2007745_64;MFD_SETNO64;42.588483;-65.096833;304888;6;16-jul-07;11:56:58;31.4982;12.5274;4.94836;0.76164825;1.38;0.2765;0.0495;NaN;6.728
TEL2007745_65;MFD_SETNO65;42.426233;-64.962383;304889;132;16-jul-07;14:11:18;34.6508;7.6443;3.33966;0.0287321333333333;10.0135;1.1315;14.912;34.633;4.498
TEL2007745_65;MFD_SETNO65;42.426233;-64.962383;304890;51;16-jul-07;14:11:18;33.0154;4.0153;5.08217;0.298872444444444;3.7305;0.666;4.3955;NaN;NaN
TEL2007745_65;MFD_SETNO65;42.426233;-64.962383;304891;26;16-jul-07;14:11:18;32.0566;2.6859;5.52383;0.54785225;2.4945;0.5975;2.052;NaN;NaN
TEL2007745_65;MFD_SETNO65;42.426233;-64.962383;304892;6;16-jul-07;14:11:18;31.3082;14.4022;4.65556;0.318279746031746;0.8945;0.27;0.0595;NaN;6.2825
TEL2007745_66;MFD_SETNO66;42.665283;-64.25975;304893;495;16-jul-07;20:25:59;34.8684;5.2783;3.76636;0.0246275428571429;13.2875;1.21;17.646;34.85;5.009
TEL2007745_66;MFD_SETNO66;42.665283;-64.25975;304894;52;16-jul-07;20:25:59;33.2262;6.4619;5.05377;0.4543165;2.851;0.555;3.302;NaN;NaN
TEL2007745_66;MFD_SETNO66;42.665283;-64.25975;304895;27;16-jul-07;20:25:59;32.5344;9.2287;5.33758;0.5077655;1.204;0.309;0.0665;NaN;NaN
TEL2007745_66;MFD_SETNO66;42.665283;-64.25975;304896;5;16-jul-07;20:25:59;31.6498;15.7964;4.46673;0.201835936507937;0.8265;0.2435;0.057;NaN;5.898
TEL2007745_68;MFD_SETNO68;42.81305;-63.37985;304897;207;17-jul-07;03:32:33;34.8741;8.0035;3.10709;0.0109455746031746;11.7185;1.2435;17.7595;34.857;4.101
TEL2007745_68;MFD_SETNO68;42.81305;-63.37985;304898;51;17-jul-07;03:32:33;33.2056;3.777;5.3733;2.85404458730159;1.2475;0.6355;2.969;NaN;NaN
TEL2007745_68;MFD_SETNO68;42.81305;-63.37985;304899;26;17-jul-07;03:32:33;32.7996;5.9858;5.87025;1.015531;0.7735;0.3775;0.095;NaN;NaN
TEL2007745_68;MFD_SETNO68;42.81305;-63.37985;304900;5;17-jul-07;03:32:33;32.309;15.9582;4.39196;0.178547174603175;0.7015;0.222;0.044;NaN;5.6335
TEL2007745_69;MFD_SETNO69;43.09005;-63.362833;304901;151;17-jul-07;06:22:01;34.8463;8.6352;3.36158;0.00957737777777778;9.48;1.056;14.648;34.826;4.593
TEL2007745_69;MFD_SETNO69;43.09005;-63.362833;304902;50;17-jul-07;06:22:01;32.731;2.7511;4.71921;0.0684098412698413;5.7945;0.889;6.91;NaN;NaN
TEL2007745_69;MFD_SETNO69;43.09005;-63.362833;304903;26;17-jul-07;06:22:01;32.1943;2.9953;5.65161;1.0422555;1.661;0.482;0.919;NaN;NaN
TEL2007745_69;MFD_SETNO69;43.09005;-63.362833;304904;5;17-jul-07;06:22:01;31.0807;14.7206;4.62823;0.329924126984127;0.814;0.2645;0.069;NaN;6.217
TEL2007745_7;MFD_SETNO7;43.327083;-64.216867;304677;88;08-jul-07;23:04:34;33.1937;3.852;4.33725;0.054727873015873;6.825;0.9615;8.2695;33.176;5.841
TEL2007745_7;MFD_SETNO7;43.327083;-64.216867;304678;50;08-jul-07;23:04:34;32.3106;1.8222;5.26095;0.229006158730159;4.1775;0.8125;4.2755;NaN;NaN
TEL2007745_7;MFD_SETNO7;43.327083;-64.216867;304679;25;08-jul-07;23:04:34;31.5306;2.83;5.58286;0.442486476190476;2.7115;0.5815;1.688;NaN;NaN
TEL2007745_7;MFD_SETNO7;43.327083;-64.216867;304680;5;08-jul-07;23:04:34;30.8402;12.2115;4.84418;0.496826920634921;0.809;0.2725;0.0435;NaN;6.4675
TEL2007745_70;MFD_SETNO70;43.093617;-64.07735;304905;89;17-jul-07;10:35:04;33.1161;3.5622;4.40155;0.0697780380952381;6.8255;0.966;8.3645;33.11;5.946
TEL2007745_70;MFD_SETNO70;43.093617;-64.07735;304906;51;17-jul-07;10:35:04;32.5446;1.835;4.95283;0.135851111111111;6.4625;0.926;7.6135;NaN;NaN
TEL2007745_70;MFD_SETNO70;43.093617;-64.07735;304907;26;17-jul-07;10:35:04;31.9631;3.618;5.93203;1.015531;1.097;0.433;0.102;NaN;NaN
TEL2007745_70;MFD_SETNO70;43.093617;-64.07735;304908;5;17-jul-07;10:35:04;31.0827;14.1816;4.6653;0.380383111111111;0.9395;0.265;0.051;NaN;6.3965
TEL2007745_71;MFD_SETNO71;43.157467;-63.947333;304909;90;17-jul-07;12:12:46;32.8174;2.6715;4.7343;0.101246565079365;6.298;0.9525;7.1595;32.807;6.381
TEL2007745_71;MFD_SETNO71;43.157467;-63.947333;304910;51;17-jul-07;12:12:46;32.217;1.5031;5.23457;0.135451485714286;4.853;0.8785;5.664;NaN;NaN
TEL2007745_71;MFD_SETNO71;43.157467;-63.947333;304911;26;17-jul-07;12:12:46;31.777;3.0794;5.65226;0.267245;2.1645;0.615;1.7235;NaN;NaN
TEL2007745_71;MFD_SETNO71;43.157467;-63.947333;304912;5;17-jul-07;12:12:46;31.1761;13.77;4.7417;0.357094349206349;1.044;0.2855;0.0625;NaN;6.508
TEL2007745_72;MFD_SETNO72;43.3444;-63.972733;304913;99;17-jul-07;14:46:26;32.9054;2.9573;4.69816;0.0738826285714286;5.97;0.9405;6.853;32.853;6.384
TEL2007745_72;MFD_SETNO72;43.3444;-63.972733;304914;50;17-jul-07;14:46:26;32.1596;1.7225;5.27367;0.139556076190476;3.946;0.7805;4.106;NaN;NaN
TEL2007745_72;MFD_SETNO72;43.3444;-63.972733;304915;25;17-jul-07;14:46:26;31.6513;5.7602;5.53479;1.18924025;2.2815;0.5275;1.0895;NaN;NaN
TEL2007745_72;MFD_SETNO72;43.3444;-63.972733;304916;5;17-jul-07;14:46:26;31.2091;13.5805;4.77866;0.587939;0.9185;0.2745;0.0355;NaN;7.225
TEL2007745_74;MFD_SETNO74;43.6345;-63.845817;304917;237;17-jul-07;18:33:18;34.7085;7.6217;2.21726;0.00957737777777778;23.678;1.5545;18.333;34.691;3.0085
TEL2007745_74;MFD_SETNO74;43.6345;-63.845817;304918;50;17-jul-07;18:33:18;32.9332;3.5059;5.0845;0.5612145;3.1855;0.724;4.354;NaN;NaN
TEL2007745_74;MFD_SETNO74;43.6345;-63.845817;304919;25;17-jul-07;18:33:18;32.2566;6.7592;5.73626;0.6681125;0.6805;0.289;0.0565;NaN;NaN
TEL2007745_74;MFD_SETNO74;43.6345;-63.845817;304920;6;17-jul-07;18:33:18;31.598;14.5689;4.62479;0.314398285714286;0.906;0.2735;0.056;NaN;6.134
TEL2007745_75;MFD_SETNO75;43.675617;-63.429633;304921;114;17-jul-07;23:26:32;34.0635;6.6117;3.28159;0.0191547555555556;11.202;1.2145;14.1805;34.047;4.359
TEL2007745_75;MFD_SETNO75;43.675617;-63.429633;304922;51;17-jul-07;23:26:32;32.8965;3.3628;5.14175;0.411434793650794;3.29;0.7585;4.6395;NaN;NaN
TEL2007745_75;MFD_SETNO75;43.675617;-63.429633;304923;26;17-jul-07;23:26:32;32.3653;5.0282;5.77487;1.21596475;1.1805;0.419;0.1725;NaN;NaN
TEL2007745_75;MFD_SETNO75;43.675617;-63.429633;304924;6;17-jul-07;23:26:32;31.2007;15.3638;4.5503;0.294990984126984;0.671;0.2465;0.038;NaN;5.9365
TEL2007745_76;MFD_SETNO76;43.795817;-63.374767;304925;121;18-jul-07;01:09:05;34.305;7.2931;2.87931;0.0150501650793651;13.6405;1.305;15.8795;34.289;3.909
TEL2007745_76;MFD_SETNO76;43.795817;-63.374767;304926;51;18-jul-07;01:09:05;32.7724;2.8039;5.08721;0.694837;2.859;0.721;3.9305;NaN;NaN
TEL2007745_76;MFD_SETNO76;43.795817;-63.374767;304927;27;18-jul-07;01:09:05;32.3641;3.8225;5.85506;0.92199525;1.1445;0.4555;0.313;NaN;NaN
TEL2007745_76;MFD_SETNO76;43.795817;-63.374767;304928;6;18-jul-07;01:09:05;31.3711;16.1029;4.44713;0.279465142857143;0.635;0.2545;0.054;NaN;6.0525
TEL2007745_77;MFD_SETNO77;43.918483;-63.515267;304929;225;18-jul-07;03:04:45;34.6966;7.8982;2.19281;0.00820918095238095;20.5825;1.546;18.993;34.679;3.046
TEL2007745_77;MFD_SETNO77;43.918483;-63.515267;304930;51;18-jul-07;03:04:45;32.7608;2.7911;5.13331;0.53449;3.2835;0.789;4.5075;NaN;NaN
TEL2007745_77;MFD_SETNO77;43.918483;-63.515267;304931;26;18-jul-07;03:04:45;32.2136;6.2461;5.74583;0.89527075;0.785;0.3485;0.06;NaN;NaN
TEL2007745_77;MFD_SETNO77;43.918483;-63.515267;304932;6;18-jul-07;03:04:45;31.1043;15.4585;4.53172;0.287228063492064;0.7525;0.2595;0.036;NaN;6.032
TEL2007745_78;MFD_SETNO78;44.27635;-63.325483;304933;166;19-jul-07;02:40:14;34.2811;7.1732;3.04536;0.0136819682539683;NaN;NaN;NaN;34.267;3.9715
TEL2007745_78;MFD_SETNO78;44.27635;-63.325483;304934;101;19-jul-07;02:40:14;33.0193;3.2321;4.26388;0.0301003301587302;NaN;NaN;NaN;NaN;NaN
TEL2007745_78;MFD_SETNO78;44.27635;-63.325483;304935;76;19-jul-07;02:40:14;32.5758;1.7931;4.77513;0.0287321333333333;NaN;NaN;NaN;NaN;NaN
TEL2007745_78;MFD_SETNO78;44.27635;-63.325483;304936;51;19-jul-07;02:40:14;32.4119;1.4329;5.05814;0.0656734476190476;NaN;NaN;NaN;NaN;NaN
TEL2007745_78;MFD_SETNO78;44.27635;-63.325483;304937;40;19-jul-07;02:40:14;32.3397;1.5592;5.19838;NaN;NaN;NaN;NaN;NaN;NaN
TEL2007745_78;MFD_SETNO78;44.27635;-63.325483;304938;29;19-jul-07;02:40:14;32.174;2.2659;5.49515;0.450249396825397;NaN;NaN;NaN;32.24;6.806
TEL2007745_78;MFD_SETNO78;44.27635;-63.325483;304939;20;19-jul-07;02:40:14;31.8946;4.4857;6.06931;0.908633;NaN;NaN;NaN;NaN;NaN
TEL2007745_78;MFD_SETNO78;44.27635;-63.325483;304940;9;19-jul-07;02:40:14;31.1142;14.7331;4.72896;0.318279746031746;NaN;NaN;NaN;NaN;NaN
TEL2007745_78;MFD_SETNO78;44.27635;-63.325483;304941;4;19-jul-07;02:40:14;30.9245;14.8679;4.74153;0.256176380952381;NaN;NaN;NaN;NaN;NaN
TEL2007745_78;MFD_SETNO78;44.27635;-63.325483;304942;2;19-jul-07;02:40:14;30.8956;15.3632;4.70027;0.275583682539683;NaN;NaN;NaN;30.92;5.957
TEL2007745_79;MFD_SETNO79;43.960833;-62.676317;304943;197;19-jul-07;08:11:58;34.6961;8.0125;2.82589;0.0123137714285714;14.576;1.3135;17.2305;34.675;3.6855
TEL2007745_79;MFD_SETNO79;43.960833;-62.676317;304944;50;19-jul-07;08:11:58;32.923;3.5767;5.16089;0.481041;3.0565;0.7205;4.418;NaN;NaN
TEL2007745_79;MFD_SETNO79;43.960833;-62.676317;304945;25;19-jul-07;08:11:58;32.1513;5.216;5.83352;1.015531;0.944;0.3955;0.1725;NaN;NaN
TEL2007745_79;MFD_SETNO79;43.960833;-62.676317;304946;4;19-jul-07;08:11:58;31.4801;16.0055;4.45753;0.271702222222222;0.4505;0.25;0.052;NaN;5.761
TEL2007745_8;MFD_SETNO8;43.126983;-64.352433;304681;103;09-jul-07;01:15:54;33.509;5.328;4.40815;0.085392126984127;5.7365;0.842;7.712;33.489;5.896
TEL2007745_8;MFD_SETNO8;43.126983;-64.352433;304682;51;09-jul-07;01:15:54;31.9334;1.6722;5.41776;0.232887619047619;4.4265;0.7595;3.375;NaN;NaN
TEL2007745_8;MFD_SETNO8;43.126983;-64.352433;304683;26;09-jul-07;01:15:54;31.5339;5.3182;5.48516;0.9888065;1.4045;0.367;0.0645;NaN;NaN
TEL2007745_8;MFD_SETNO8;43.126983;-64.352433;304684;6;09-jul-07;01:15:54;30.9563;11.7435;4.9287;0.57457675;0.911;0.305;0.0305;NaN;6.365
TEL2007745_80;MFD_SETNO80;43.884133;-62.721633;304947;208;19-jul-07;10:04:14;34.6999;7.7574;2.64822;0.00957737777777777;16.2705;1.3745;18.0375;34.682;3.463
TEL2007745_80;MFD_SETNO80;43.884133;-62.721633;304948;49;19-jul-07;10:04:14;32.7925;2.9537;5.09959;0.291109523809524;4.834;0.89;7.2635;NaN;NaN
TEL2007745_80;MFD_SETNO80;43.884133;-62.721633;304949;24;19-jul-07;10:04:14;32.1048;6.6767;5.71374;0.908633;0.702;0.351;0.1275;NaN;NaN
TEL2007745_80;MFD_SETNO80;43.884133;-62.721633;304950;4;19-jul-07;10:04:14;31.1999;16.1029;4.43177;0.333805587301587;0.4975;0.254;0.0945;NaN;5.853
TEL2007745_82;MFD_SETNO82;43.489467;-62.66445;304951;98;19-jul-07;15:03:39;34.0561;6.8998;3.95486;0.0273639365079365;8.0185;0.9365;10.4445;34.042;5.073
TEL2007745_82;MFD_SETNO82;43.489467;-62.66445;304952;50;19-jul-07;15:03:39;32.8667;3.1873;5.12515;0.380383111111111;3.214;0.7685;4.7355;NaN;NaN
TEL2007745_82;MFD_SETNO82;43.489467;-62.66445;304953;24;19-jul-07;15:03:39;32.168;9.7146;5.42921;0.8819085;0.533;0.2855;0.06;NaN;NaN
TEL2007745_82;MFD_SETNO82;43.489467;-62.66445;304954;4;19-jul-07;15:03:39;31.1023;16.0037;4.46072;0.329924126984127;0.4775;0.2575;0.1245;31.125;5.748
TEL2007745_84;MFD_SETNO84;43.153117;-63.063267;304955;131;19-jul-07;18:55:52;34.7555;8.7187;3.59089;0.0136819682539683;8.5125;1.001;13.103;34.739;4.59
TEL2007745_84;MFD_SETNO84;43.153117;-63.063267;304956;48;19-jul-07;18:55:52;33.1863;6.0431;5.66722;0.641388;1.49;0.536;1.5595;NaN;NaN
TEL2007745_84;MFD_SETNO84;43.153117;-63.063267;304957;23;19-jul-07;18:55:52;32.544;11.7154;4.98457;0.748286;0.463;0.309;0.056;NaN;NaN
TEL2007745_84;MFD_SETNO84;43.153117;-63.063267;304958;4;19-jul-07;18:55:52;31.5452;16.8983;4.32595;0.209598857142857;0.4305;0.2285;0.0325;31.578;5.508
TEL2007745_85;MFD_SETNO85;43.0147;-62.737083;304959;107;19-jul-07;23:14:18;33.8739;5.8692;4.25897;0.0273639365079365;8.721;0.935;10.0725;33.858;5.4405
TEL2007745_85;MFD_SETNO85;43.0147;-62.737083;304960;50;19-jul-07;23:14:18;33.1097;3.826;4.86786;0.225124698412698;4.0285;0.87;7.4065;NaN;NaN
TEL2007745_85;MFD_SETNO85;43.0147;-62.737083;304961;25;19-jul-07;23:14:18;32.4413;4.4954;5.84549;1.4163985;1.364;0.459;0.183;NaN;NaN
TEL2007745_85;MFD_SETNO85;43.0147;-62.737083;304962;5;19-jul-07;23:14:18;31.2521;15.8891;4.52562;0.294990984126984;0.4175;0.2425;0.039;31.24;5.681
TEL2007745_86;MFD_SETNO86;42.87745;-62.3833;304963;530;20-jul-07;03:31:49;34.8868;4.8484;4.11304;0.0246275428571429;12.2195;1.2095;17.039;34.865;5.3165
TEL2007745_86;MFD_SETNO86;42.87745;-62.3833;304964;49;20-jul-07;03:31:49;33.6111;5.6469;5.0257;0.345449968253968;2.484;0.6375;4.8525;NaN;NaN
TEL2007745_86;MFD_SETNO86;42.87745;-62.3833;304965;25;20-jul-07;03:31:49;32.5983;6.2525;5.53702;1.40303625;1.215;0.5315;0.9095;NaN;NaN
TEL2007745_86;MFD_SETNO86;42.87745;-62.3833;304966;5;20-jul-07;03:31:49;31.7083;15.9201;4.42103;0.36485726984127;0.426;0.2375;0.0395;NaN;5.6795
TEL2007745_87;MFD_SETNO87;42.9112;-61.882117;304967;564;20-jul-07;08:42:32;34.9269;4.9912;4.06546;0.0191547555555556;11.3935;1.1615;16.1085;34.91;5.2675
TEL2007745_87;MFD_SETNO87;42.9112;-61.882117;304968;50;20-jul-07;08:42:32;33.2721;4.4791;5.53589;0.427592;2.6085;0.658;3.599;NaN;NaN
TEL2007745_87;MFD_SETNO87;42.9112;-61.882117;304969;24;20-jul-07;08:42:32;32.877;13.0817;4.81684;0.419197714285714;0.461;0.241;0.0515;NaN;NaN
TEL2007745_87;MFD_SETNO87;42.9112;-61.882117;304970;5;20-jul-07;08:42:32;32.2459;14.5526;4.59063;0.322161206349206;0.3975;0.2645;0.051;NaN;5.8885
TEL2007745_88;MFD_SETNO88;42.988233;-61.86705;304971;189;20-jul-07;12:18:15;34.9355;9.0666;3.26305;0.0218911492063492;9.6735;1.089;15.407;34.915;4.2625
TEL2007745_88;MFD_SETNO88;42.988233;-61.86705;304972;49;20-jul-07;12:18:15;33.374;4.6873;5.30187;0.62802575;1.87;0.563;2.3365;NaN;NaN
TEL2007745_88;MFD_SETNO88;42.988233;-61.86705;304973;25;20-jul-07;12:18:15;33.3734;10.5894;5.18264;0.587939;0.88;0.2415;0.035;NaN;NaN
TEL2007745_88;MFD_SETNO88;42.988233;-61.86705;304974;5;20-jul-07;12:18:15;32.1765;14.7036;4.5686;0.395908952380952;0.88;0.25;0.0385;NaN;5.834
TEL2007745_9;MFD_SETNO9;42.933933;-64.43075;304685;125;09-jul-07;04:07:30;34.4838;8.2584;3.76894;0.0328367238095238;7.677;0.9265;11.223;34.466;4.952
TEL2007745_9;MFD_SETNO9;42.933933;-64.43075;304686;50;09-jul-07;04:07:30;32.2783;2.1218;5.41977;0.49440325;2.9465;0.722;3.0945;NaN;NaN
TEL2007745_9;MFD_SETNO9;42.933933;-64.43075;304687;25;09-jul-07;04:07:30;31.8622;8.0013;5.37312;0.73492375;1.29;0.4165;0.3;NaN;NaN
TEL2007745_9;MFD_SETNO9;42.933933;-64.43075;304688;5;09-jul-07;04:07:30;30.8932;12.4262;4.7855;0.481041;0.8135;0.2705;0.1195;NaN;6.169
TEL2007745_90;MFD_SETNO90;43.070083;-62.063183;304975;103;20-jul-07;15:27:07;34.064;6.4608;4.3486;0.0504589841269841;8.5695;0.842;9.296;34.039;5.566
TEL2007745_90;MFD_SETNO90;43.070083;-62.063183;304976;51;20-jul-07;15:27:07;32.8513;3.1998;5.39397;0.357094349206349;2.78;0.668;2.584;NaN;NaN
TEL2007745_90;MFD_SETNO90;43.070083;-62.063183;304977;25;20-jul-07;15:27:07;32.4204;10.6552;5.0942;0.62802575;1.1965;0.283;0.027;NaN;NaN
TEL2007745_90;MFD_SETNO90;43.070083;-62.063183;304978;5;20-jul-07;15:27:07;32.1211;14.7736;4.56323;0.337687047619048;0.9015;0.231;0.012;NaN;5.8545
TEL2007745_92;MFD_SETNO92;43.3132;-62.142383;304979;101;20-jul-07;19:20:09;33.6033;4.681;4.44246;0.0301003301587302;11.2745;0.894;9.442;33.587;5.7085
TEL2007745_92;MFD_SETNO92;43.3132;-62.142383;304980;51;20-jul-07;19:20:09;33.0622;3.1372;5.33369;0.333805587301587;3.1975;0.697;3.484;NaN;NaN
TEL2007745_92;MFD_SETNO92;43.3132;-62.142383;304981;24;20-jul-07;19:20:09;32.7703;5.9177;5.69336;0.92199525;1.0465;0.321;0.1255;NaN;NaN
TEL2007745_92;MFD_SETNO92;43.3132;-62.142383;304982;6;20-jul-07;19:20:09;31.5227;16.3115;4.41324;0.341568507936508;0.876;0.2075;0.015;NaN;5.6665
TEL2007745_93;MFD_SETNO93;43.4998;-62.353683;304983;83;20-jul-07;22:33:20;33.5668;5.144;4.30734;0.0383095111111111;7.06;0.8785;9.1795;33.547;5.48833333333333
TEL2007745_93;MFD_SETNO93;43.4998;-62.353683;304984;50;20-jul-07;22:33:20;32.8858;3.015;4.78825;0.329924126984127;5.0905;0.8895;7.7625;NaN;NaN
TEL2007745_93;MFD_SETNO93;43.4998;-62.353683;304985;26;20-jul-07;22:33:20;32.3502;8.0741;5.63387;0.6681125;1.037;0.252;0.062;NaN;NaN
TEL2007745_93;MFD_SETNO93;43.4998;-62.353683;304986;5;20-jul-07;22:33:20;31.4967;15.8277;4.49943;0.260057841269841;0.8355;0.1975;0.047;NaN;5.737
TEL2007745_94;MFD_SETNO94;43.750933;-62.11655;304987;105;21-jul-07;01:28:15;34.199;7.2666;3.52977;0.0259957396825397;12.009;1.073;12.866;34.179;4.524
TEL2007745_94;MFD_SETNO94;43.750933;-62.11655;304988;52;21-jul-07;01:28:15;32.8407;3.2735;5.44927;NaN;NaN;NaN;NaN;NaN;NaN
TEL2007745_94;MFD_SETNO94;43.750933;-62.11655;304989;26;21-jul-07;01:28:15;32.7014;10.1314;5.30028;0.8284595;0.974;0.2805;0.0635;NaN;NaN
TEL2007745_94;MFD_SETNO94;43.750933;-62.11655;304990;4;21-jul-07;01:28:15;31.5423;15.9885;4.46369;0.310516825396825;0.733;0.1805;0.038;NaN;5.78566666666667
TEL2007745_95;MFD_SETNO95;43.582333;-61.87635;304991;77;21-jul-07;04:00:57;33.0578;3.2404;4.85543;0.0930373841269841;8.386;0.811;4.2155;33.045;6.3275
TEL2007745_95;MFD_SETNO95;43.582333;-61.87635;304992;48;21-jul-07;04:00:57;32.7554;3.2056;5.43137;0.65475025;4.5965;0.707;2.267;NaN;NaN
TEL2007745_95;MFD_SETNO95;43.582333;-61.87635;304993;26;21-jul-07;04:00:57;32.5863;8.5314;5.40127;0.748286;0.8635;0.276;0.021;NaN;NaN
TEL2007745_95;MFD_SETNO95;43.582333;-61.87635;304994;4;21-jul-07;04:00:57;31.41;16.1544;4.41411;0.244532;0.77;0.2185;0.0155;NaN;5.723
TEL2007745_97;MFD_SETNO97;43.34895;-61.691;304995;80;21-jul-07;07:52:39;33.4674;4.4537;4.8021;0.190191555555556;8.3135;0.7905;5.905;33.369;6.2245
TEL2007745_97;MFD_SETNO97;43.34895;-61.691;304996;48;21-jul-07;07:52:39;33.0603;3.8303;5.29661;0.65475025;5.644;0.721;3.548;NaN;NaN
TEL2007745_97;MFD_SETNO97;43.34895;-61.691;304997;24;21-jul-07;07:52:39;32.4068;10.7111;5.2549;1.015531;0.7925;0.269;0.031;NaN;NaN
TEL2007745_97;MFD_SETNO97;43.34895;-61.691;304998;5;21-jul-07;07:52:39;31.8935;15.7029;4.41643;0.349331428571429;0.799;0.25;0.028;NaN;5.653
TEL2007745_98;MFD_SETNO98;43.226983;-61.3193;307001;219;21-jul-07;11:19:50;34.9119;7.6812;3.09786;0.0164183619047619;12.701;1.2875;18.701;34.902;3.994
TEL2007745_98;MFD_SETNO98;43.226983;-61.3193;307002;50;21-jul-07;11:19:50;33.0802;3.7067;5.73784;1.336225;1.185;0.4995;1.4605;NaN;NaN
TEL2007745_98;MFD_SETNO98;43.226983;-61.3193;307003;24;21-jul-07;11:19:50;32.3109;2.1183;6.29151;1.16251575;0.4175;0.4455;0.133;NaN;NaN
TEL2007745_98;MFD_SETNO98;43.226983;-61.3193;307004;5;21-jul-07;11:19:50;32.404;14.6256;4.56424;0.217361777777778;0.65;0.2405;0.0465;NaN;5.8055
TEL2007745_99;MFD_SETNO99;43.385183;-60.617933;307005;172;21-jul-07;15:41:04;34.8958;9.0596;3.37034;0.0177865587301587;9.297;1.0175;14.0865;34.865;4.3885
TEL2007745_99;MFD_SETNO99;43.385183;-60.617933;307006;50;21-jul-07;15:41:04;33.7195;6.4455;4.97263;0.205717396825397;2.7965;0.5785;4.411;NaN;NaN
TEL2007745_99;MFD_SETNO99;43.385183;-60.617933;307007;26;21-jul-07;15:41:04;33.5707;11.9541;5.0776;0.8819085;0.765;0.2375;0.0525;NaN;NaN
TEL2007745_99;MFD_SETNO99;43.385183;-60.617933;307008;7;21-jul-07;15:41:04;32.2186;14.5318;4.56085;0.329924126984127;0.88;0.254;0.036;NaN;5.8605
