CTD;CTD;CTD;CTD;CTD;CTD;CTD;CTD;CTD;CTD;CTD;labo;labo;labo;labo;labo;labo
Fichier;Station;Latitude;Longitude;Echantillon;zbouteille;Date;Heure;PSAL;TEMP_XX;DOXY;CHL_01;Si_01;PO4_01;NOx_01;PSAL_BS;OXY_03
(nom);(nom/no);(degres);(degres);(no_unique);(dbar);(jj-mmm-yyyy);(GMT);(psu);(celsius);(ml/l);(mg/m**3);(mmol/m**3);(mmol/m**3);(mmol/m**3);(PSU);(ml/l)
TEL2005633_0;MFD_SETNO0;44.271667;63.322333;274425;162;13-jul-05;18:03:57;33.743;6.191;3.6089;0.0287058709677419;12.908;1.329;12.575;33.756;4.855
TEL2005633_0;MFD_SETNO0;44.271667;63.322333;274426;100;13-jul-05;18:03:57;32.463;2.91;4.7337;0.17054664516129;7.6295;1.159;7.9875;NaN;NaN
TEL2005633_0;MFD_SETNO0;44.271667;63.322333;274427;75;13-jul-05;18:03:57;32.162;1.838;4.9318;0.0878061935483871;6.318;1.029;6.5955;NaN;NaN
TEL2005633_0;MFD_SETNO0;44.271667;63.322333;274428;50;13-jul-05;18:03:57;31.855;2.422;5.3063;0.354425806451613;4.5335;0.959;4.045;31.967;7.0095
TEL2005633_0;MFD_SETNO0;44.271667;63.322333;274429;40;13-jul-05;18:03:57;31.658;1.873;5.4603;NaN;NaN;NaN;NaN;NaN;NaN
TEL2005633_0;MFD_SETNO0;44.271667;63.322333;274430;30;13-jul-05;18:03:57;31.623;3.558;5.5951;0.496196129032258;1.603;0.846;1.0235;NaN;NaN
TEL2005633_0;MFD_SETNO0;44.271667;63.322333;274431;20;13-jul-05;18:03:57;31.36;4.841;5.7218;0.301261935483871;0.9175;0.5415;0.4475;NaN;NaN
TEL2005633_0;MFD_SETNO0;44.271667;63.322333;274432;10;13-jul-05;18:03:57;31.946;11.155;4.1521;0.318983225806452;0.653;0.471;0.44;NaN;NaN
TEL2005633_0;MFD_SETNO0;44.271667;63.322333;274433;5;13-jul-05;18:03:57;31.579;12.31;4.5136;0.24822135483871;0.8555;0.4165;0.4555;NaN;NaN
TEL2005633_0;MFD_SETNO0;44.271667;63.322333;274434;1;13-jul-05;18:03:57;28.788;13.9;4.9775;0.216138322580645;0.964;0.4105;0.439;30.611;6.2405
TEL2005633_10;MFD_SETNO10;45.601;60.089833;274463;150;15-jul-05;02:48:08;33.023;2.425;4.28;0.0303944516129032;12.02;1.1965;11.163;33.044;5.882
TEL2005633_10;MFD_SETNO10;45.601;60.089833;274464;50;15-jul-05;02:48:08;31.588;2.729;5.409;0.128332129032258;4.304;0.7585;3.2745;NaN;NaN
TEL2005633_10;MFD_SETNO10;45.601;60.089833;274465;25;15-jul-05;02:48:08;30.659;7.122;5.1102;0.324890322580645;2.634;0.542;1.1545;NaN;NaN
TEL2005633_10;MFD_SETNO10;45.601;60.089833;274466;5;15-jul-05;02:48:08;30.245;13.316;3.9746;0.354425806451613;1.5185;0.348;0.11;NaN;6.574
TEL2005633_100;MFD_SETNO100;43.451167;60.173833;274811;231;24-jul-05;18:05:33;35.006;8.424;2.8499;0.0141083870967742;12.3075;1.311;20.2095;35.026;3.767
TEL2005633_100;MFD_SETNO100;43.451167;60.173833;274812;50;24-jul-05;18:05:33;34.007;8.814;4.404;0.277633548387097;3.155;0.5555;4.594;NaN;NaN
TEL2005633_100;MFD_SETNO100;43.451167;60.173833;274813;25;24-jul-05;18:05:33;36.479;10.92;3.6379;0.73248;1.672;0.257;0.0885;NaN;NaN
TEL2005633_100;MFD_SETNO100;43.451167;60.173833;274814;5;24-jul-05;18:05:33;31.999;17.9;3.6035;0.217826903225807;0.4165;0.2075;0.046;NaN;5.832
TEL2005633_101;MFD_SETNO101;43.627333;60.481333;274815;63;24-jul-05;21:06:34;33.093;5.513;4.6197;0.190809612903226;6.65;0.7765;4.538;33.104;6.146
TEL2005633_101;MFD_SETNO101;43.627333;60.481333;274816;50;24-jul-05;21:06:34;32.801;5.102;4.8627;0.307169032258064;5.4155;0.808;3.4555;NaN;NaN
TEL2005633_101;MFD_SETNO101;43.627333;60.481333;274817;25;24-jul-05;21:06:34;33.518;7.473;4.8699;1.08376258064516;0.6335;0.4175;0.1945;NaN;NaN
TEL2005633_101;MFD_SETNO101;43.627333;60.481333;274818;5;24-jul-05;21:06:34;31.51;16.505;3.9798;0.301261935483871;0.979;0.331;0.054;NaN;6.061
TEL2005633_102;MFD_SETNO102;43.753667;60.6435;274819;52;24-jul-05;22:49:29;32.5;6.133;4.9956;1.16586580645161;3.708;0.6605;1.396;32.511;6.6045
TEL2005633_102;MFD_SETNO102;43.753667;60.6435;274820;50;24-jul-05;22:49:29;32.493;6.114;4.9936;1.26438967741936;3.6545;0.6545;1.407;NaN;NaN
TEL2005633_102;MFD_SETNO102;43.753667;60.6435;274821;25;24-jul-05;22:49:29;33.99;8.775;4.0163;0.0371948387096774;0.989;0.623;0.348;NaN;NaN
TEL2005633_102;MFD_SETNO102;43.753667;60.6435;274822;5;24-jul-05;22:49:29;31.801;16.936;3.826;0.484381935483871;0.1935;0.2985;0.0175;NaN;6.3235
TEL2005633_103;MFD_SETNO103;43.609;60.817667;274823;64;25-jul-05;00:52:44;33.036;5.312;4.6817;0.200841290322581;6;0.796;3.958;33.05;6.199
TEL2005633_103;MFD_SETNO103;43.609;60.817667;274824;50;25-jul-05;00:52:44;33.026;5.248;4.7263;0.212655483870968;5.616;0.737;3.7765;NaN;NaN
TEL2005633_103;MFD_SETNO103;43.609;60.817667;274825;25;25-jul-05;00:52:44;34.4;6.401;4.4853;2.28246967741936;1.517;0.528;1.019;NaN;NaN
TEL2005633_103;MFD_SETNO103;43.609;60.817667;274826;5;25-jul-05;00:52:44;32.349;15.121;3.9264;0.626152258064516;0.2035;0.244;5e-04;NaN;6.663
TEL2005633_104;MFD_SETNO104;43.558833;61.399667;274827;58;25-jul-05;04:11:39;33.157;6.498;4.7211;0.602523870967742;4.5445;0.654;2.927;33.171;6.27
TEL2005633_104;MFD_SETNO104;43.558833;61.399667;274828;50;25-jul-05;04:11:39;33.154;6.479;4.6898;0.637966451612903;4.523;0.663;2.937;NaN;NaN
TEL2005633_104;MFD_SETNO104;43.558833;61.399667;274829;25;25-jul-05;04:11:39;36.609;7.33;4.04;3.68979032258065;1.085;0.495;0.608;NaN;NaN
TEL2005633_104;MFD_SETNO104;43.558833;61.399667;274830;5;25-jul-05;04:11:39;32.093;16.907;3.7831;0.330797419354839;0.133;0.22;0;NaN;5.922
TEL2005633_105;MFD_SETNO105;43.3075;61.198667;274831;120;25-jul-05;07:17:18;34.729;9.564;3.8072;0.0557231612903226;6.7695;0.845;9.447;34.744;5.0235
TEL2005633_105;MFD_SETNO105;43.3075;61.198667;274832;50;25-jul-05;07:17:18;34.246;8.653;4.1975;0.092871935483871;5.39;0.74;7.2435;NaN;NaN
TEL2005633_105;MFD_SETNO105;43.3075;61.198667;274833;25;25-jul-05;07:17:18;35.959;11.858;3.6532;1.19870709677419;2.216;0.3645;0.59;NaN;NaN
TEL2005633_105;MFD_SETNO105;43.3075;61.198667;274834;5;25-jul-05;07:17:18;32.737;17.827;3.7575;0.259912258064516;0.762;0.194;0.011;NaN;5.891
TEL2005633_106;MFD_SETNO106;43.262167;61.112333;274835;297;25-jul-05;09:25:59;34.915;6.497;3.2152;0.0185743870967742;13.9735;1.35;19.6425;34.94;4.221
TEL2005633_106;MFD_SETNO106;43.262167;61.112333;274836;200;25-jul-05;09:25:59;35.011;8.583;2.9176;0.0253287096774194;13.266;1.3485;19.834;NaN;NaN
TEL2005633_106;MFD_SETNO106;43.262167;61.112333;274837;100;25-jul-05;09:25:59;35.293;11.518;3.6613;0.0168858064516129;5.89;0.8405;11.266;NaN;NaN
TEL2005633_106;MFD_SETNO106;43.262167;61.112333;274838;50;25-jul-05;09:25:59;34.242;8.672;4.1826;0.0658546451612903;4.602;0.773;7.651;NaN;NaN
TEL2005633_106;MFD_SETNO106;43.262167;61.112333;274839;25;25-jul-05;09:25:59;37.5;9.672;3.7374;NaN;NaN;NaN;NaN;NaN;NaN
TEL2005633_106;MFD_SETNO106;43.262167;61.112333;274840;5;25-jul-05;09:25:59;32.661;18.594;3.7233;0.218562580645161;0.629;0.199;0.0305;NaN;5.54
TEL2005633_106;MFD_SETNO106;43.262167;61.112333;274841;1;25-jul-05;09:25:59;30.26;18.574;4.1971;0.236283870967742;0.569;0.1945;0.006;NaN;3.8885
TEL2005633_107;MFD_SETNO107;43.187333;61.370833;274842;250;25-jul-05;11:57:42;35.008;7.929;2.8732;0.0115432258064516;13.408;1.3525;20.461;35.03;NaN
TEL2005633_107;MFD_SETNO107;43.187333;61.370833;274843;200;25-jul-05;11:57:42;35.039;8.67;2.8939;0.0173148387096774;12.452;1.3475;19.4725;NaN;NaN
TEL2005633_107;MFD_SETNO107;43.187333;61.370833;274844;100;25-jul-05;11:57:42;35.069;10.323;3.5369;0.0218038709677419;7.2585;0.9385;12.4345;NaN;NaN
TEL2005633_107;MFD_SETNO107;43.187333;61.370833;274845;50;25-jul-05;11:57:42;34.281;8.51;4.1859;0.0844290322580645;4.098;0.697;7.068;NaN;NaN
TEL2005633_107;MFD_SETNO107;43.187333;61.370833;274846;25;25-jul-05;11:57:42;35.876;10.439;3.6998;1.41217548387097;2.254;0.4205;1.1175;NaN;NaN
TEL2005633_107;MFD_SETNO107;43.187333;61.370833;274847;5;25-jul-05;11:57:42;32.731;18.696;3.4523;0.218562580645161;0.7175;0.177;0.001;NaN;5.7705
TEL2005633_107;MFD_SETNO107;43.187333;61.370833;274848;1;25-jul-05;11:57:42;32.025;18.868;4.5893;0.224469677419355;0.8595;0.194;0.0055;NaN;NaN
TEL2005633_108;MFD_SETNO108;43.356;61.7665;274849;86;25-jul-05;14:53:59;34.392;9.202;3.969;0.0624774838709678;7.2305;0.775;7.5435;34.409;5.19
TEL2005633_108;MFD_SETNO108;43.356;61.7665;274850;50;25-jul-05;14:53:59;33.645;8.829;4.8631;0.360332903225806;3.5375;0.5575;3.2935;NaN;NaN
TEL2005633_108;MFD_SETNO108;43.356;61.7665;274851;25;25-jul-05;14:53:59;33.249;12.916;4.3705;1.90479483870968;1.0605;0.304;0.0305;NaN;NaN
TEL2005633_108;MFD_SETNO108;43.356;61.7665;274852;5;25-jul-05;14:53:59;32.277;17.47;3.8745;0.248098064516129;0.316;0.226;0.0575;NaN;5.726
TEL2005633_109;MFD_SETNO109;43.434667;61.948333;274853;90;25-jul-05;16:48:02;33.841;7.444;4.0662;0.0489688387096774;8.74;0.773;6.34;33.863;5.3775
TEL2005633_109;MFD_SETNO109;43.434667;61.948333;274854;50;25-jul-05;16:48:02;33.039;5.788;4.6671;0.254005161290323;4.7135;0.723;3.1775;NaN;NaN
TEL2005633_109;MFD_SETNO109;43.434667;61.948333;274855;25;25-jul-05;16:48:02;36.547;4.903;4.3557;5.36696774193548;0.8395;0.525;0.164;NaN;NaN
TEL2005633_109;MFD_SETNO109;43.434667;61.948333;274856;5;25-jul-05;16:48:02;33.009;16.928;3.6814;0.383961290322581;0.4445;0.2405;0;NaN;5.5435
TEL2005633_11;MFD_SETNO11;45.654333;59.924;274467;156;15-jul-05;04:34:24;33.166;2.724;4.1813;0.0303944516129032;10.151;1.09;10.1215;NaN;5.7185
TEL2005633_11;MFD_SETNO11;45.654333;59.924;274468;50;15-jul-05;04:34:24;31.548;3.058;5.3839;0.150283677419355;4.3755;0.741;3.1775;NaN;NaN
TEL2005633_11;MFD_SETNO11;45.654333;59.924;274469;25;15-jul-05;04:34:24;31.225;4.089;5.2603;0.360332903225806;3.1915;0.599;1.804;NaN;NaN
TEL2005633_11;MFD_SETNO11;45.654333;59.924;274470;5;15-jul-05;04:34:24;30.258;12.35;3.9238;0.401682580645161;1.5015;0.3185;0.09;NaN;3.743
TEL2005633_110;MFD_SETNO110;43.3015;61.925;274857;93;25-jul-05;18:22:43;34.198;7.986;3.8759;0.0388373548387097;10.0425;0.877;9.0115;34.223;5.124
TEL2005633_110;MFD_SETNO110;43.3015;61.925;274858;50;25-jul-05;18:22:43;33.325;7.653;5.2199;0.459778064516129;4.9445;0.6805;3.5555;NaN;NaN
TEL2005633_110;MFD_SETNO110;43.3015;61.925;274859;25;25-jul-05;18:22:43;34.116;13.768;3.4984;0.26581935483871;0.7265;0.2305;5e-04;NaN;NaN
TEL2005633_110;MFD_SETNO110;43.3015;61.925;274860;5;25-jul-05;18:22:43;32.245;17.591;3.6851;0.248098064516129;0.306;0.2505;0;NaN;5.741
TEL2005633_111;MFD_SETNO111;42.961167;61.670667;274861;520;25-jul-05;21:57:56;34.909;4.744;4.0901;0.00769548387096774;11.8105;1.186;16.284;34.928;5.4795
TEL2005633_111;MFD_SETNO111;42.961167;61.670667;274862;50;25-jul-05;21:57:56;34.104;9.014;4.3797;0.318983225806452;3.472;0.564;3.716;NaN;NaN
TEL2005633_111;MFD_SETNO111;42.961167;61.670667;274863;25;25-jul-05;21:57:56;35.016;10.202;3.7837;0.968818064516129;1.685;0.311;0.017;NaN;NaN
TEL2005633_111;MFD_SETNO111;42.961167;61.670667;274864;5;25-jul-05;21:57:56;32.521;18.345;3.7868;0.254005161290323;0.218;0.193;0;NaN;5.87
TEL2005633_112;MFD_SETNO112;42.99;61.858833;274865;194;26-jul-05;00:05:49;35.072;9.437;3.0716;0.0236401290322581;9.5495;1.225;16.398;35.1;4.081
TEL2005633_112;MFD_SETNO112;42.99;61.858833;274866;50;26-jul-05;00:05:49;34.601;9.525;3.9783;0.0574117419354839;6.471;0.8435;8.9555;NaN;NaN
TEL2005633_112;MFD_SETNO112;42.99;61.858833;274867;25;26-jul-05;00:05:49;35.564;8.184;5.6053;0.623984516129032;4.061;0.6655;3.7365;NaN;NaN
TEL2005633_112;MFD_SETNO112;42.99;61.858833;274868;5;26-jul-05;00:05:49;32.409;17.803;3.7392;0.259912258064516;0.8615;0.3135;0.038;NaN;5.821
TEL2005633_113;MFD_SETNO113;42.948667;61.9585;274869;300;26-jul-05;02:57:50;35.047;8.962;2.8945;0.0134670967741935;10.9505;1.3155;18.34;35.054;3.846
TEL2005633_113;MFD_SETNO113;42.948667;61.9585;274870;250;26-jul-05;02:57:50;35.048;8.94;2.8833;0.00833677419354839;11.725;1.3795;20.275;NaN;NaN
TEL2005633_113;MFD_SETNO113;42.948667;61.9585;274871;200;26-jul-05;02:57:50;35.062;9.064;2.9118;0.0166735483870968;10.981;1.2905;19.174;NaN;NaN
TEL2005633_113;MFD_SETNO113;42.948667;61.9585;274872;100;26-jul-05;02:57:50;34.634;9.505;3.9002;0.0337716129032258;6.4805;0.826;9.9885;NaN;NaN
TEL2005633_113;MFD_SETNO113;42.948667;61.9585;274873;50;26-jul-05;02:57:50;33.88;8.788;4.6048;0.419403870967742;4.239;0.674;4.7195;NaN;NaN
TEL2005633_113;MFD_SETNO113;42.948667;61.9585;274874;25;26-jul-05;02:57:50;33.109;12.5;4.9171;1.03450064516129;1.9915;0.365;0.0145;NaN;NaN
TEL2005633_113;MFD_SETNO113;42.948667;61.9585;274875;5;26-jul-05;02:57:50;32.443;16.68;4.0196;0.254005161290323;0.5475;0.262;0.01;NaN;5.778
TEL2005633_113;MFD_SETNO113;42.948667;61.9585;274876;1;26-jul-05;02:57:50;29.908;16.615;4.5297;0.259912258064516;0.668;0.2825;0.005;NaN;NaN
TEL2005633_114;MFD_SETNO114;43.1555;62.2875;274877;98;26-jul-05;07:01:44;34.358;8.226;3.8533;0.0422145161290323;7.224;0.8265;8.933;34.373;5.097
TEL2005633_114;MFD_SETNO114;43.1555;62.2875;274878;50;26-jul-05;07:01:44;33.52;7.289;4.5618;0.443357419354839;4.9375;0.6885;4.285;NaN;NaN
TEL2005633_114;MFD_SETNO114;43.1555;62.2875;274879;25;26-jul-05;07:01:44;36.094;11.338;4.229;0.242190967741935;0.6675;0.3075;0.0065;NaN;NaN
TEL2005633_114;MFD_SETNO114;43.1555;62.2875;274880;5;26-jul-05;07:01:44;32.266;16.92;3.8523;0.561174193548387;1.3955;0.421;0.013;NaN;5.757
TEL2005633_115;MFD_SETNO115;43.335167;62.3665;274881;93;26-jul-05;09:18:14;33.856;6.705;3.9732;0.0337716129032258;8.554;0.873;8.7475;33.872;5.235
TEL2005633_115;MFD_SETNO115;43.335167;62.3665;274882;50;26-jul-05;09:18:14;33.295;6.641;4.6184;0.426936774193548;5.246;0.731;4.2035;NaN;NaN
TEL2005633_115;MFD_SETNO115;43.335167;62.3665;274883;25;26-jul-05;09:18:14;33.115;11.592;3.7809;0.771770322580645;1.5055;0.3495;0.144;NaN;NaN
TEL2005633_115;MFD_SETNO115;43.335167;62.3665;274884;5;26-jul-05;09:18:14;31.993;16.81;3.7353;0.254005161290323;0.8205;0.282;0.01;NaN;5.7195
TEL2005633_116;MFD_SETNO116;43.427167;62.431167;274885;83;26-jul-05;10:59:58;33.381;5.633;4.2523;0.0861176129032258;7.2735;0.9175;8.6005;33.404;5.601
TEL2005633_116;MFD_SETNO116;43.427167;62.431167;274886;50;26-jul-05;10:59:58;32.778;4.817;4.8747;0.49261935483871;3.1035;0.644;4.1985;NaN;NaN
TEL2005633_116;MFD_SETNO116;43.427167;62.431167;274887;25;26-jul-05;10:59:58;36.518;7.189;4.1509;0.541881290322581;1.3905;0.4055;0.0365;NaN;NaN
TEL2005633_116;MFD_SETNO116;43.427167;62.431167;274888;5;26-jul-05;10:59:58;31.741;16.808;4.1296;0.242190967741935;1.0605;0.3035;0.002;NaN;5.7205
TEL2005633_117;MFD_SETNO117;43.4355;62.529833;274889;91;26-jul-05;13:12:01;33.564;6.076;4.1141;0.0388373548387097;8.0125;1.1275;8.829;33.575;5.453
TEL2005633_117;MFD_SETNO117;43.4355;62.529833;274890;50;26-jul-05;13:12:01;33.039;6.232;4.7675;NaN;3.492;0.821;3.4865;NaN;NaN
TEL2005633_117;MFD_SETNO117;43.4355;62.529833;274891;25;26-jul-05;13:12:01;35.355;6.88;4.2272;0.591143225806452;1.515;0.5465;0.219;NaN;NaN
TEL2005633_117;MFD_SETNO117;43.4355;62.529833;274892;5;26-jul-05;13:12:01;31.669;17.313;4.1315;0.673246451612903;0.639;0.308;0.192;NaN;5.7115
TEL2005633_118;MFD_SETNO118;43.733333;62.82;274893;222;26-jul-05;16:11:19;35.059;10.142;2.9429;0.00769548387096775;10.8915;1.4445;16.705;35.084;3.9025
TEL2005633_118;MFD_SETNO118;43.733333;62.82;274894;50;26-jul-05;16:11:19;32.67;4.445;4.9237;0.52546064516129;3.838;0.955;4.523;NaN;NaN
TEL2005633_118;MFD_SETNO118;43.733333;62.82;274895;25;26-jul-05;16:11:19;36.394;7.007;4.1299;0.591143225806452;1.0185;0.4895;0.209;NaN;NaN
TEL2005633_118;MFD_SETNO118;43.733333;62.82;274896;5;26-jul-05;16:11:19;31.565;16.876;4.0174;0.271726451612903;0.838;0.3395;0.1815;NaN;5.7565
TEL2005633_119;MFD_SETNO119;43.901833;62.779;274897;237;26-jul-05;18:16:12;34.997;9.672;2.7669;0.0185974193548387;11.367;1.411;15.789;35.01;3.7095
TEL2005633_119;MFD_SETNO119;43.901833;62.779;274898;50;26-jul-05;18:16:12;32.703;4.779;5.0037;1.03450064516129;2.732;0.8095;2.7725;NaN;NaN
TEL2005633_119;MFD_SETNO119;43.901833;62.779;274899;25;26-jul-05;18:16:12;37.138;7.552;4.062;0.49261935483871;1.0135;0.456;0.1945;NaN;NaN
TEL2005633_119;MFD_SETNO119;43.901833;62.779;274900;5;26-jul-05;18:16:12;31.697;17.393;3.7286;0.212655483870968;0.85;0.339;0.1805;NaN;5.6935
TEL2005633_12;MFD_SETNO12;45.773167;59.766333;274471;96;15-jul-05;06:35:52;32.534;1.804;5.026;0.0371487741935484;4.651;0.794;5.338;32.532;6.915
TEL2005633_12;MFD_SETNO12;45.773167;59.766333;274472;50;15-jul-05;06:35:52;31.904;3.178;5.5868;0.383961290322581;1.2305;0.5585;1.0415;NaN;NaN
TEL2005633_12;MFD_SETNO12;45.773167;59.766333;274473;25;15-jul-05;06:35:52;31.317;4.793;5.17;0.348518709677419;3.056;0.6345;1.8445;NaN;NaN
TEL2005633_12;MFD_SETNO12;45.773167;59.766333;274474;5;15-jul-05;06:35:52;30.061;13.179;4.1806;0.330797419354839;1.1765;0.2735;0.097;NaN;6.388
TEL2005633_120;MFD_SETNO120;43.880833;62.567667;274901;166;26-jul-05;21:11:20;34.821;9.344;3.0318;0.00769548387096774;11.671;1.45;16.43;34.845;4.0695
TEL2005633_120;MFD_SETNO120;43.880833;62.567667;274902;50;26-jul-05;21:11:20;32.706;3.683;4.7552;0.271726451612903;5.139;1.0865;7.114;NaN;NaN
TEL2005633_120;MFD_SETNO120;43.880833;62.567667;274903;25;26-jul-05;21:11:20;37.497;7.482;3.9525;0.28354064516129;5.05;1.0755;7.1345;NaN;NaN
TEL2005633_120;MFD_SETNO120;43.880833;62.567667;274904;5;26-jul-05;21:11:20;31.686;17.455;3.7202;0.18312;0.649;0.322;0.197;NaN;5.642
TEL2005633_122;MFD_SETNO122;44.272667;63.3255;274905;182;27-jul-05;05:29:49;34.272;7.696;3.0819;0.00897806451612903;15.045;1.4465;15.522;34.269;4.1445
TEL2005633_122;MFD_SETNO122;44.272667;63.3255;274906;100;27-jul-05;05:29:49;33.178;4.547;4.1173;0.0250103225806452;8.4335;1.099;8.777;NaN;NaN
TEL2005633_122;MFD_SETNO122;44.272667;63.3255;274907;75;27-jul-05;05:29:49;32.683;3.045;4.5025;0.0378361290322581;8.37;1.1005;8.0325;NaN;NaN
TEL2005633_122;MFD_SETNO122;44.272667;63.3255;274908;50;27-jul-05;05:29:49;32.243;2.372;4.9986;0.271726451612903;6.6125;1.0845;6.9255;NaN;NaN
TEL2005633_122;MFD_SETNO122;44.272667;63.3255;274909;40;27-jul-05;05:29:49;32.09;2.608;5.5707;0.531638709677419;3.51;0.835;3.174;32.088;7.007
TEL2005633_122;MFD_SETNO122;44.272667;63.3255;274910;30;27-jul-05;05:29:49;33.57;6.671;4.3218;0.935976774193549;1.499;0.618;0.7725;NaN;NaN
TEL2005633_122;MFD_SETNO122;44.272667;63.3255;274911;20;27-jul-05;05:29:49;32.791;8.233;4.4549;0.771770322580645;0.2415;0.4285;0.474;NaN;NaN
TEL2005633_122;MFD_SETNO122;44.272667;63.3255;274912;10;27-jul-05;05:29:49;31.153;11.422;4.3923;0.318983225806452;0.652;0.3545;0.471;NaN;NaN
TEL2005633_122;MFD_SETNO122;44.272667;63.3255;274913;5;27-jul-05;05:29:49;31.186;11.426;4.6772;0.336704516129032;0.846;0.4005;0.4685;NaN;NaN
TEL2005633_122;MFD_SETNO122;44.272667;63.3255;274914;1;27-jul-05;05:29:49;28.211;11.466;5.469;0.301261935483871;0.6585;0.293;0.442;30.953;6.905
TEL2005633_13;MFD_SETNO13;45.657333;59.455167;274475;207;15-jul-05;09:49:08;33.585;3.74;3.6638;0.0185743870967742;16.099;1.362;15.18;33.568;3.464
TEL2005633_13;MFD_SETNO13;45.657333;59.455167;274476;50;15-jul-05;09:49:08;32.156;2.532;5.5054;0.407589677419355;2.053;0.6745;2.381;NaN;NaN
TEL2005633_13;MFD_SETNO13;45.657333;59.455167;274477;25;15-jul-05;09:49:08;32.249;6.247;5.0435;1.07509161290323;0.382;0.351;0.101;NaN;NaN
TEL2005633_13;MFD_SETNO13;45.657333;59.455167;274478;5;15-jul-05;09:49:08;30.488;13.513;4.106;0.443032258064516;0.948;0.2515;0.0935;NaN;6.336
TEL2005633_14;MFD_SETNO14;45.8015;59.452833;274479;107;15-jul-05;12:03:37;32.83;2.058;4.7643;0.0439030967741935;7.8695;0.9945;7.9635;32.837;6.564
TEL2005633_14;MFD_SETNO14;45.8015;59.452833;274480;50;15-jul-05;12:03:37;31.819;1.984;5.3926;0.231335548387097;4.7255;0.777;3.6605;NaN;NaN
TEL2005633_14;MFD_SETNO14;45.8015;59.452833;274481;25;15-jul-05;12:03:37;32.111;3.756;5.2751;0.277633548387097;3.3005;0.642;2.083;NaN;NaN
TEL2005633_14;MFD_SETNO14;45.8015;59.452833;274482;5;15-jul-05;12:03:37;30.479;13.409;4.0584;0.419403870967742;1.188;0.3015;0.105;NaN;6.3335
TEL2005633_15;MFD_SETNO15;45.889;59.425;274483;58;15-jul-05;13:18:27;31.851;2.603;5.172;0.108069161290323;4.857;0.7415;3.722;31.857;7.197
TEL2005633_15;MFD_SETNO15;45.889;59.425;274484;50;15-jul-05;13:18:27;31.633;2.826;5.3564;0.177212903225806;4.8135;0.756;3.491;NaN;NaN
TEL2005633_15;MFD_SETNO15;45.889;59.425;274485;25;15-jul-05;13:18:27;33.521;5.065;4.2566;0.330797419354839;2.6745;0.543;1.2385;NaN;NaN
TEL2005633_15;MFD_SETNO15;45.889;59.425;274486;5;15-jul-05;13:18:27;30.172;13.835;3.935;0.484381935483871;1.168;0.2705;0.1055;NaN;6.3975
TEL2005633_16;MFD_SETNO16;46.227333;59.404333;274487;71;15-jul-05;16:50:27;32.5;1.896;5.1036;0.0844290322580645;5.158;0.859;5.6225;32.516;7.6485
TEL2005633_16;MFD_SETNO16;46.227333;59.404333;274488;50;15-jul-05;16:50:27;32.186;1.81;5.4866;0.478474838709677;2.968;0.7285;3.711;NaN;NaN
TEL2005633_16;MFD_SETNO16;46.227333;59.404333;274489;25;15-jul-05;16:50:27;32.249;2.727;5.5821;0.71475870967742;2.703;0.587;1.6355;NaN;NaN
TEL2005633_16;MFD_SETNO16;46.227333;59.404333;274490;5;15-jul-05;16:50:27;30.811;13.563;3.7514;0.490289032258065;0.883;0.301;0.126;NaN;6.847
TEL2005633_17;MFD_SETNO17;46.344;59.497;274491;108;15-jul-05;18:47:51;32.764;1.986;4.6343;0.0337716129032258;10.228;1.0715;9.6535;32.776;6.8885
TEL2005633_17;MFD_SETNO17;46.344;59.497;274492;50;15-jul-05;18:47:51;32.318;2.094;5.3311;0.140152193548387;3.215;0.7375;3.498;NaN;NaN
TEL2005633_17;MFD_SETNO17;46.344;59.497;274493;25;15-jul-05;18:47:51;32.69;3.501;5.3473;0.389868387096774;0.569;0.415;0.168;NaN;NaN
TEL2005633_17;MFD_SETNO17;46.344;59.497;274494;5;15-jul-05;18:47:51;30.847;13.963;4.0705;0.484381935483871;0.935;0.277;0.1095;NaN;6.8095
TEL2005633_18;MFD_SETNO18;46.3215;59.727333;274495;71;15-jul-05;20:55:23;32.399;1.925;5.1551;0.101314838709677;4.2445;0.7405;3.961;32.369;7.772
TEL2005633_18;MFD_SETNO18;46.3215;59.727333;274496;50;15-jul-05;20:55:23;32.083;2.316;5.3652;0.155349419354839;4.2475;0.7615;3.8655;NaN;NaN
TEL2005633_18;MFD_SETNO18;46.3215;59.727333;274497;25;15-jul-05;20:55:23;32.063;3.498;5.3994;0.543452903225806;1.9465;0.5365;0.948;NaN;NaN
TEL2005633_18;MFD_SETNO18;46.3215;59.727333;274498;5;15-jul-05;20:55:23;29.892;14.902;3.3471;0.679316129032258;0.9275;0.229;0.117;NaN;6.8895
TEL2005633_19;MFD_SETNO19;46.519667;59.780333;274499;58;15-jul-05;23:01:47;31.673;1.867;5.3735;0.0709203870967742;4.871;0.78;3.803;31.76;8.0225
TEL2005633_19;MFD_SETNO19;46.519667;59.780333;274500;50;15-jul-05;23:01:47;31.651;1.825;5.4576;0.0776747096774194;4.174;0.7215;3.329;NaN;NaN
TEL2005633_19;MFD_SETNO19;46.519667;59.780333;274501;25;15-jul-05;23:01:47;30.856;5.827;5.2269;0.354425806451613;2.356;0.5455;1.0845;NaN;NaN
TEL2005633_19;MFD_SETNO19;46.519667;59.780333;274502;5;15-jul-05;23:01:47;29.269;15.683;4.0599;0.744294193548387;0.806;0.166;0.1175;NaN;6.642
TEL2005633_2;MFD_SETNO2;44.518167;62.777833;274436;50;13-jul-05;23:45:36;31.693;1.872;5.3719;0.271726451612903;4.5435;0.834;4.052;NaN;NaN
TEL2005633_2;MFD_SETNO2;44.518167;62.777833;274437;25;13-jul-05;23:45:36;31.184;3.723;4.6048;0.378054193548387;2.281;0.5125;0.4665;NaN;NaN
TEL2005633_2;MFD_SETNO2;44.518167;62.777833;274438;5;13-jul-05;23:45:36;31.005;13.901;4.354;0.313076129032258;0.915;0.2925;0.105;NaN;7.6795
TEL2005633_20;MFD_SETNO20;46.5655;59.6465;274503;83;16-jul-05;01:05:39;32.398;1.867;5.1475;0.138463612903226;4.223;0.7715;4.368;32.36;7.7655
TEL2005633_20;MFD_SETNO20;46.5655;59.6465;274504;50;16-jul-05;01:05:39;32.06;3.328;5.725;0.395775483870968;1.1465;0.5515;0.814;NaN;NaN
TEL2005633_20;MFD_SETNO20;46.5655;59.6465;274505;25;16-jul-05;01:05:39;31.392;7.398;5.4138;1.57638193548387;1.064;0.425;0.1755;NaN;NaN
TEL2005633_20;MFD_SETNO20;46.5655;59.6465;274506;5;16-jul-05;01:05:39;29.483;15.083;4.1356;0.771770322580645;0.7755;0.206;0.1255;NaN;6.719
TEL2005633_21;MFD_SETNO21;46.761167;59.936167;274507;125;16-jul-05;04:13:30;33.308;2.881;3.6034;0.028705870967742;18.556;1.3315;14.261;33.272;4.971
TEL2005633_21;MFD_SETNO21;46.761167;59.936167;274508;50;16-jul-05;04:13:30;31.35;1.861;5.6104;0.218562580645161;4.6685;0.77;2.8845;NaN;NaN
TEL2005633_21;MFD_SETNO21;46.761167;59.936167;274509;25;16-jul-05;04:13:30;30.657;8.752;4.7995;0.63205935483871;1.434;0.4315;0.379;NaN;NaN
TEL2005633_21;MFD_SETNO21;46.761167;59.936167;274510;5;16-jul-05;04:13:30;29.814;14.062;3.8559;0.496196129032258;1.186;0.2295;0.13;NaN;6.564
TEL2005633_22;MFD_SETNO22;46.744667;60.000333;274511;127;16-jul-05;05:21:08;33.258;2.77;3.6517;0.0388373548387097;17.251;1.2605;13.5005;33.263;5.051
TEL2005633_22;MFD_SETNO22;46.744667;60.000333;274512;50;16-jul-05;05:21:08;31.269;1.477;5.5661;0.295354838709677;3.782;0.712;3.0805;NaN;NaN
TEL2005633_22;MFD_SETNO22;46.744667;60.000333;274513;25;16-jul-05;05:21:08;31.851;10.307;3.7064;0.543452903225806;1.4555;0.3825;0.288;NaN;NaN
TEL2005633_22;MFD_SETNO22;46.744667;60.000333;274514;5;16-jul-05;05:21:08;29.751;13.931;3.7407;0.490289032258065;1.368;0.232;0.1375;NaN;6.3525
TEL2005633_23;MFD_SETNO23;46.544167;60.192167;274515;104;16-jul-05;08:34:33;32.856;2.088;4.1031;0.040525935483871;14.342;1.1155;9.8595;32.709;5.841
TEL2005633_23;MFD_SETNO23;46.544167;60.192167;274516;50;16-jul-05;08:34:33;31.249;3.507;5.4859;0.157038;3.4485;0.696;2.6135;NaN;NaN
TEL2005633_23;MFD_SETNO23;46.544167;60.192167;274517;25;16-jul-05;08:34:33;30.289;10.134;4.641;0.437125161290323;1.5975;0.4175;0.3755;NaN;NaN
TEL2005633_23;MFD_SETNO23;46.544167;60.192167;274518;5;16-jul-05;08:34:33;29.679;15.554;3.8498;0.460753548387097;1.1875;0.2345;0.1425;NaN;6.261
TEL2005633_24;MFD_SETNO24;46.465833;60.315667;274519;80;16-jul-05;10:30:32;32.03;1.857;5.1552;0.0574117419354839;6.5625;0.827;4.7975;32.021;7.106
TEL2005633_24;MFD_SETNO24;46.465833;60.315667;274520;50;16-jul-05;10:30:32;31.188;1.9;5.5853;0.163792322580645;5.1475;0.8275;3.665;NaN;NaN
TEL2005633_24;MFD_SETNO24;46.465833;60.315667;274521;25;16-jul-05;10:30:32;32.145;8.625;3.713;0.714758709677419;1.386;0.4135;0.397;NaN;NaN
TEL2005633_24;MFD_SETNO24;46.465833;60.315667;274522;5;16-jul-05;10:30:32;29.664;15.517;3.7436;0.490289032258065;0.9595;0.2105;0.146;NaN;6.1335
TEL2005633_25;MFD_SETNO25;46.565167;60.329667;274523;107;16-jul-05;12:06:39;32.756;2.102;4.4775;0.052346;10.505;1.013;8.143;32.57;6.2925
TEL2005633_25;MFD_SETNO25;46.565167;60.329667;274524;50;16-jul-05;12:06:39;31.091;2.281;5.5132;0.230376774193548;3.3935;0.686;2.602;NaN;NaN
TEL2005633_25;MFD_SETNO25;46.565167;60.329667;274525;25;16-jul-05;12:06:39;31.944;9.684;3.6548;0.64978064516129;1.611;0.41;0.329;NaN;NaN
TEL2005633_25;MFD_SETNO25;46.565167;60.329667;274526;5;16-jul-05;12:06:39;29.929;14.919;3.8927;0.478474838709677;1.2995;0.25;0.1555;NaN;6.193
TEL2005633_26;MFD_SETNO26;46.924;60.134167;274527;137;16-jul-05;15:54:12;33.493;3.258;3.6443;0.0624774838709678;16.614;1.3555;15.593;33.516;4.998
TEL2005633_26;MFD_SETNO26;46.924;60.134167;274528;50;16-jul-05;15:54:12;31.835;1.185;5.3186;0.202629677419355;6.7905;0.874;4.9595;NaN;NaN
TEL2005633_26;MFD_SETNO26;46.924;60.134167;274529;25;16-jul-05;15:54:12;30.927;11.765;4.8107;0.614338064516129;1.491;0.4155;0.5075;NaN;NaN
TEL2005633_26;MFD_SETNO26;46.924;60.134167;274530;5;16-jul-05;15:54:12;29.37;15.404;3.6573;0.856529032258065;0.845;0.2635;0.163;NaN;6.1285
TEL2005633_27;MFD_SETNO27;47.008167;60.167;274531;139;16-jul-05;17:46:09;33.415;3.076;3.796;0.0283644516129032;13.3965;1.167;13.162;33.425;5.912
TEL2005633_27;MFD_SETNO27;47.008167;60.167;274532;50;16-jul-05;17:46:09;31.96;2.467;5.6174;0.36624;2.015;0.659;2.295;NaN;NaN
TEL2005633_27;MFD_SETNO27;47.008167;60.167;274533;25;16-jul-05;17:46:09;33.813;10.195;3.3486;0.626152258064516;1.097;0.432;0.207;NaN;NaN
TEL2005633_27;MFD_SETNO27;47.008167;60.167;274534;5;16-jul-05;17:46:09;29.271;16.24;3.5932;0.64978064516129;0.787;0.1785;0.1635;NaN;5.3535
TEL2005633_28;MFD_SETNO28;47.196833;60.064;274535;273;16-jul-05;20:06:41;34.596;5.519;2.7562;0.00513032258064517;20.9935;1.5365;21.6105;34.618;3.793
TEL2005633_28;MFD_SETNO28;47.196833;60.064;274536;50;16-jul-05;20:06:41;32.346;2.031;5.3657;0.502103225806452;2.7455;0.755;3.507;NaN;NaN
TEL2005633_28;MFD_SETNO28;47.196833;60.064;274537;25;16-jul-05;20:06:41;35.099;2.612;4.1065;0.614338064516129;1.3235;0.5275;1.0195;NaN;NaN
TEL2005633_28;MFD_SETNO28;47.196833;60.064;274538;5;16-jul-05;20:06:41;31.251;13.849;4.0343;0.383961290322581;0.7165;0.342;0.176;NaN;6.666
TEL2005633_29;MFD_SETNO29;47.015;60.0405;274539;203;16-jul-05;22:17:44;34.179;4.792;2.9944;0.0147496774193548;19.9115;1.4935;19.491;34.191;4.127
TEL2005633_29;MFD_SETNO29;47.015;60.0405;274540;50;16-jul-05;22:17:44;32.192;2.624;5.6063;0.342611612903226;1.755;0.6835;2.214;NaN;NaN
TEL2005633_29;MFD_SETNO29;47.015;60.0405;274541;25;16-jul-05;22:17:44;31.837;6.796;5.4435;0.643873548387097;0.846;0.489;0.445;NaN;NaN
TEL2005633_29;MFD_SETNO29;47.015;60.0405;274542;5;16-jul-05;22:17:44;30.352;15.096;3.6347;0.389868387096774;0.3605;0.269;0.1765;NaN;6.008
TEL2005633_3;MFD_SETNO3;44.740667;62.0725;274439;118;14-jul-05;03:44:58;32.447;2.186;4.5755;0.0422145161290323;8.5995;1.0785;8.6115;32.467;6.2935
TEL2005633_3;MFD_SETNO3;44.740667;62.0725;274440;50;14-jul-05;03:44:58;31.839;1.399;5.3993;0.324890322580645;4.2675;0.8965;4.651;NaN;NaN
TEL2005633_3;MFD_SETNO3;44.740667;62.0725;274441;25;14-jul-05;03:44:58;33.806;4.93;4.4974;0.401682580645161;0.8225;0.3925;0.1245;NaN;NaN
TEL2005633_3;MFD_SETNO3;44.740667;62.0725;274442;5;14-jul-05;03:44:58;30.497;15.031;4.1655;0.224581225806452;0.8485;0.268;0.077;NaN;6.3125
TEL2005633_30;MFD_SETNO30;46.5805;59.289167;274543;320;17-jul-05;03:00:00;34.789;5.448;2.6583;0.00897806451612903;24.257;1.6195;20.8815;34.802;3.651
TEL2005633_30;MFD_SETNO30;46.5805;59.289167;274544;50;17-jul-05;03:00:00;32.056;1.671;5.3775;0.0793632903225806;3.2525;0.8355;4.201;NaN;NaN
TEL2005633_30;MFD_SETNO30;46.5805;59.289167;274545;25;17-jul-05;03:00:00;35.441;2.1;4.6186;0.360332903225806;4.1385;0.815;3.023;NaN;NaN
TEL2005633_30;MFD_SETNO30;46.5805;59.289167;274546;5;17-jul-05;03:00:00;30.206;13.954;4.193;0.389868387096774;1.1135;0.302;0.2025;NaN;6.1215
TEL2005633_31;MFD_SETNO31;46.136167;58.994;274547;108;17-jul-05;07:22:26;32.993;2.374;4.2593;0.0303944516129032;11.7235;1.119;9.83;33.009;5.836
TEL2005633_31;MFD_SETNO31;46.136167;58.994;274548;50;17-jul-05;07:22:26;32.106;1.651;5.1463;0.168858064516129;6.927;0.8915;5.439;NaN;NaN
TEL2005633_31;MFD_SETNO31;46.136167;58.994;274549;25;17-jul-05;07:22:26;34.644;3.397;4.2909;0.413496774193548;4.8775;0.803;3.148;NaN;NaN
TEL2005633_31;MFD_SETNO31;46.136167;58.994;274550;5;17-jul-05;07:22:26;30.947;13.618;3.9576;0.348518709677419;1.516;0.3445;0.101;NaN;6.3575
TEL2005633_32;MFD_SETNO32;46.038833;58.518833;274551;282;17-jul-05;10:27:45;34.723;5.709;2.5811;0.00961935483870967;24.684;1.7055;21.576;34.728;3.5585
TEL2005633_32;MFD_SETNO32;46.038833;58.518833;274552;50;17-jul-05;10:27:45;32.206;2.302;5.4552;0.502103225806452;2.881;0.7695;3.0385;NaN;NaN
TEL2005633_32;MFD_SETNO32;46.038833;58.518833;274553;25;17-jul-05;10:27:45;35.655;5.416;3.9967;0.726572903225806;0.8285;0.3675;0.0845;NaN;NaN
TEL2005633_32;MFD_SETNO32;46.038833;58.518833;274554;5;17-jul-05;10:27:45;30.42;13.425;4.0254;0.395775483870968;1.374;0.294;0.0685;NaN;6.198
TEL2005633_33;MFD_SETNO33;45.942833;58.232333;274555;332;17-jul-05;13:04:42;34.757;5.624;2.9304;0.0153909677419355;18.2325;1.391;17.516;34.777;3.976
TEL2005633_33;MFD_SETNO33;45.942833;58.232333;274556;50;17-jul-05;13:04:42;32.197;2.323;5.4036;0.330797419354839;2.8665;0.7835;2.974;NaN;NaN
TEL2005633_33;MFD_SETNO33;45.942833;58.232333;274557;25;17-jul-05;13:04:42;33.655;1.971;4.373;0.667501935483871;4.2075;0.767;2.4665;NaN;NaN
TEL2005633_33;MFD_SETNO33;45.942833;58.232333;274558;5;17-jul-05;13:04:42;30.342;13.091;3.8931;0.407589677419355;1.6435;0.3235;0.076;NaN;6.2715
TEL2005633_34;MFD_SETNO34;45.804167;58.589667;274559;284;17-jul-05;15:50:41;34.027;4.95;3.1755;0.0115432258064516;18.9585;1.485;17.3665;34.045;4.302
TEL2005633_34;MFD_SETNO34;45.804167;58.589667;274560;50;17-jul-05;15:50:41;32.265;2.652;5.5105;0.413496774193548;2.095;0.7235;1.9485;NaN;NaN
TEL2005633_34;MFD_SETNO34;45.804167;58.589667;274561;25;17-jul-05;15:50:41;31.833;4.685;5.4542;0.985238709677419;2.964;0.5955;0.4635;NaN;NaN
TEL2005633_34;MFD_SETNO34;45.804167;58.589667;274562;5;17-jul-05;15:50:41;30.666;14.426;3.7533;0.383961290322581;1.2285;0.3445;0.0705;NaN;6.3385
TEL2005633_35;MFD_SETNO35;45.743;58.701833;274563;258;17-jul-05;17:46:09;33.983;4.819;3.2131;0.010901935483871;18.71;1.461;16.996;33.99;4.357
TEL2005633_35;MFD_SETNO35;45.743;58.701833;274564;50;17-jul-05;17:46:09;32.197;2.051;5.3782;0.26581935483871;4.8;0.842;4.6305;NaN;NaN
TEL2005633_35;MFD_SETNO35;45.743;58.701833;274565;25;17-jul-05;17:46:09;31.709;8.699;5.0512;0.679316129032258;0.936;0.381;0.0985;NaN;NaN
TEL2005633_35;MFD_SETNO35;45.743;58.701833;274566;5;17-jul-05;17:46:09;31.054;14.091;3.7656;0.277633548387097;1.18;0.344;0.078;NaN;6.079
TEL2005633_36;MFD_SETNO36;45.454833;58.260833;274567;251;17-jul-05;21:42:00;33.055;2.475;4.1473;0.0320830322580645;12.3905;1.21;12.1515;33.067;5.6385
TEL2005633_36;MFD_SETNO36;45.454833;58.260833;274568;50;17-jul-05;21:42:00;32.22;1.679;5.2706;0.168858064516129;5.541;0.9055;5.2455;NaN;NaN
TEL2005633_36;MFD_SETNO36;45.454833;58.260833;274569;25;17-jul-05;21:42:00;31.939;2.533;5.5565;2.39741419354839;0.777;0.556;0.315;NaN;NaN
TEL2005633_36;MFD_SETNO36;45.454833;58.260833;274570;5;17-jul-05;21:42:00;31.375;12.748;3.948;0.342611612903226;1.196;0.3585;0.0765;NaN;6.225
TEL2005633_37;MFD_SETNO37;45.450833;58.155167;274571;77;17-jul-05;23:24:33;32.744;2.078;4.4902;0.0557231612903226;8.128;0.989;8.28;32.751;6.197
TEL2005633_37;MFD_SETNO37;45.450833;58.155167;274572;50;17-jul-05;23:24:33;32.293;2.483;5.5368;0.555267096774194;2.231;0.7245;2.2535;NaN;NaN
TEL2005633_37;MFD_SETNO37;45.450833;58.155167;274573;25;17-jul-05;23:24:33;32.342;5.727;5.1681;0.838807741935484;0.788;0.443;0.091;NaN;NaN
TEL2005633_37;MFD_SETNO37;45.450833;58.155167;274574;5;17-jul-05;23:24:33;31.156;14.551;3.8814;0.259912258064516;0.8205;0.31;0.0835;NaN;6.0955
TEL2005633_38;MFD_SETNO38;45.493667;57.805;274575;338;18-jul-05;02:06:09;34.81;5.302;2.9327;0.00641290322580645;22.448;1.4715;19.295;34.85;4.015
TEL2005633_38;MFD_SETNO38;45.493667;57.805;274576;50;18-jul-05;02:06:09;32.498;2.427;5.3914;0.531638709677419;2.431;0.7115;2.7795;NaN;NaN
TEL2005633_38;MFD_SETNO38;45.493667;57.805;274577;25;18-jul-05;02:06:09;32.309;6.283;5.3978;1.28081032258065;0.986;0.4575;0.113;NaN;NaN
TEL2005633_38;MFD_SETNO38;45.493667;57.805;274578;5;18-jul-05;02:06:09;31.076;14.58;3.7156;0.254005161290323;1.003;0.3375;0.096;NaN;6.0055
TEL2005633_39;MFD_SETNO39;45.1885;58.2905;274579;166;18-jul-05;07:01:33;33.477;3.415;3.6147;0.0253287096774194;16.56;1.3855;15.6025;33.484;4.9805
TEL2005633_39;MFD_SETNO39;45.1885;58.2905;274580;50;18-jul-05;07:01:33;32.12;2.859;5.4988;0.348518709677419;2.698;0.7125;2.5585;NaN;NaN
TEL2005633_39;MFD_SETNO39;45.1885;58.2905;274581;25;18-jul-05;07:01:33;33.39;6.444;4.1249;1.1822864516129;1.2335;0.466;0.162;NaN;NaN
TEL2005633_39;MFD_SETNO39;45.1885;58.2905;274582;5;18-jul-05;07:01:33;30.552;14.74;3.7167;0.318983225806451;1.0455;0.383;0.104;NaN;3.4725
TEL2005633_4;MFD_SETNO4;44.6315;61.638;274443;154;14-jul-05;07:20:20;34.417;8.058;2.6072;0.0270172903225806;19.966;1.5095;17.55;34.428;3.593
TEL2005633_4;MFD_SETNO4;44.6315;61.638;274444;50;14-jul-05;07:20:20;32.091;4.403;5.2483;0.856529032258065;1.817;0.632;0.936;NaN;NaN
TEL2005633_4;MFD_SETNO4;44.6315;61.638;274445;25;14-jul-05;07:20:20;32.126;7.947;5.2532;0.93269264516129;0.219;0.413;0.1125;NaN;NaN
TEL2005633_4;MFD_SETNO4;44.6315;61.638;274446;5;14-jul-05;07:20:20;31.385;15.439;4.0398;0.289447741935484;0.3485;0.2875;0.1035;NaN;6.112
TEL2005633_40;MFD_SETNO40;45.114667;58.079333;274583;63;18-jul-05;09:19:49;32.282;1.866;4.823;0.141770322580645;5.5045;1.001;5.873;32.243;6.6835
TEL2005633_40;MFD_SETNO40;45.114667;58.079333;274584;50;18-jul-05;09:19:49;32.165;1.909;4.9652;0.165398709677419;4.8905;0.9835;5.308;NaN;NaN
TEL2005633_40;MFD_SETNO40;45.114667;58.079333;274585;25;18-jul-05;09:19:49;34.069;5.648;4.2237;1.14944516129032;1.2115;0.557;0.7675;NaN;NaN
TEL2005633_40;MFD_SETNO40;45.114667;58.079333;274586;5;18-jul-05;09:19:49;30.492;14.948;3.6505;0.378054193548387;0.7175;0.339;0.121;NaN;6.427
TEL2005633_42;MFD_SETNO42;45.0235;58.166167;274587;133;18-jul-05;12:02:50;33.106;2.811;4.147;0.040525935483871;10.1885;1.018;9.4675;32.988;5.7945
TEL2005633_42;MFD_SETNO42;45.0235;58.166167;274588;50;18-jul-05;12:02:50;32.097;1.7;5.2087;0.173923806451613;2.5155;0.9265;4.4005;NaN;NaN
TEL2005633_42;MFD_SETNO42;45.0235;58.166167;274589;25;18-jul-05;12:02:50;35.014;5.109;3.9356;0.919556129032258;0.681;0.518;0.164;NaN;NaN
TEL2005633_42;MFD_SETNO42;45.0235;58.166167;274590;5;18-jul-05;12:02:50;30.649;15.477;3.8954;0.289447741935484;0.866;0.379;0.1245;NaN;6.015
TEL2005633_43;MFD_SETNO43;44.954833;58.243833;274591;116;18-jul-05;14:03:26;32.683;2.028;4.3502;0.0422145161290323;11.032;1.2005;10.8055;32.657;6.084
TEL2005633_43;MFD_SETNO43;44.954833;58.243833;274592;50;18-jul-05;14:03:26;32.093;1.8;5.1948;0.173923806451613;4.512;0.9765;5.9795;NaN;NaN
TEL2005633_43;MFD_SETNO43;44.954833;58.243833;274593;25;18-jul-05;14:03:26;35.169;5.251;4.0364;0.697037419354839;0.4365;0.452;0.2005;NaN;NaN
TEL2005633_43;MFD_SETNO43;44.954833;58.243833;274594;5;18-jul-05;14:03:26;30.771;15.674;3.7281;0.231335548387097;0.545;0.3715;0.1225;NaN;5.967
TEL2005633_44;MFD_SETNO44;44.972667;57.6935;274595;49;18-jul-05;17:16:57;32.088;2.89;4.746;0.0979376774193549;4.055;0.8615;3.015;32.073;6.5825
TEL2005633_44;MFD_SETNO44;44.972667;57.6935;274596;25;18-jul-05;17:16:57;33.64;6.422;4.2641;0.708851612903226;2.124;0.6465;0.38;NaN;NaN
TEL2005633_44;MFD_SETNO44;44.972667;57.6935;274597;5;18-jul-05;17:16:57;30.925;15.618;3.8641;0.543452903225806;0.524;0.3865;0.147;NaN;6.1925
TEL2005633_45;MFD_SETNO45;44.834667;57.636;274598;38;18-jul-05;19:08:22;31.77;4.648;5.0987;0.722508387096774;2.891;0.7455;1.0015;31.849;6.9725
TEL2005633_45;MFD_SETNO45;44.834667;57.636;274599;25;18-jul-05;19:08:22;31.714;5.845;5.3065;1.41217548387097;1.5395;0.5735;0.382;NaN;NaN
TEL2005633_45;MFD_SETNO45;44.834667;57.636;274600;5;18-jul-05;19:08:22;31.25;14.525;3.7601;0.46666064516129;0.3605;0.386;0.1485;NaN;6.3435
TEL2005633_46;MFD_SETNO46;44.6325;57.814167;274601;36;18-jul-05;21:38:11;31.639;6.019;5.3434;1.33007225806452;1.5205;0.6045;0.439;31.658;7.211
TEL2005633_46;MFD_SETNO46;44.6325;57.814167;274602;25;18-jul-05;21:38:11;31.813;6.07;5.2057;0.853873548387097;1.0695;0.4995;0.3705;NaN;NaN
TEL2005633_46;MFD_SETNO46;44.6325;57.814167;274603;5;18-jul-05;21:38:11;32.532;13.148;4.1521;0.555267096774194;0.4385;0.3925;0.1635;NaN;6.153
TEL2005633_47;MFD_SETNO47;44.596833;57.605833;274604;60;18-jul-05;23:26:01;32.192;2.647;5.408;0.425310967741935;1.9695;0.7245;1.7705;32.203;NaN
TEL2005633_47;MFD_SETNO47;44.596833;57.605833;274605;50;18-jul-05;23:26:01;32.192;2.658;5.392;0.419403870967742;1.8485;0.714;1.6985;NaN;NaN
TEL2005633_47;MFD_SETNO47;44.596833;57.605833;274606;25;18-jul-05;23:26:01;32.737;3.09;5.3279;1.01808;0.981;0.648;0.7835;NaN;NaN
TEL2005633_47;MFD_SETNO47;44.596833;57.605833;274607;5;18-jul-05;23:26:01;31.096;15.246;4.0256;0.496196129032258;0.292;0.36;0.172;NaN;NaN
TEL2005633_48;MFD_SETNO48;44.713333;57.262333;274608;306;19-jul-05;02:23:35;34.777;5.706;2.8718;0.0115432258064516;18.5235;1.459;19.2225;34.789;3.9035
TEL2005633_48;MFD_SETNO48;44.713333;57.262333;274609;200;19-jul-05;02:23:35;34.803;8.388;3.2405;0.0179561290322581;11.7525;1.321;17.756;NaN;NaN
TEL2005633_48;MFD_SETNO48;44.713333;57.262333;274610;100;19-jul-05;02:23:35;32.68;0.085;5.2448;0.123266387096774;4.8655;1.0775;5.538;NaN;NaN
TEL2005633_48;MFD_SETNO48;44.713333;57.262333;274611;50;19-jul-05;02:23:35;32.355;1.957;5.2743;0.472567741935484;4.2675;0.8845;4.926;NaN;NaN
TEL2005633_48;MFD_SETNO48;44.713333;57.262333;274612;25;19-jul-05;02:23:35;32.22;3.984;5.6282;0.935976774193549;0.512;0.4995;0.2345;NaN;NaN
TEL2005633_48;MFD_SETNO48;44.713333;57.262333;274613;5;19-jul-05;02:23:35;31.054;15.258;4.0392;0.431218064516129;0.3285;0.3685;0.1845;NaN;NaN
TEL2005633_48;MFD_SETNO48;44.713333;57.262333;274614;1;19-jul-05;02:23:35;28.833;15.276;4.3349;0.419403870967742;0.3;0.357;0.1865;NaN;6.057
TEL2005633_49;MFD_SETNO49;44.367333;57.579167;274615;136;19-jul-05;05:53:17;34.289;6.661;3.7668;0.0185743870967742;9.526;1.141;13.4025;34.305;5.0705
TEL2005633_49;MFD_SETNO49;44.367333;57.579167;274616;50;19-jul-05;05:53:17;32.329;1.875;5.2428;0.484381935483871;4.68;0.9525;6;NaN;NaN
TEL2005633_49;MFD_SETNO49;44.367333;57.579167;274617;25;19-jul-05;05:53:17;35.34;3.878;4.3299;1.82269161290323;0.6285;0.5535;0.337;NaN;NaN
TEL2005633_49;MFD_SETNO49;44.367333;57.579167;274618;5;19-jul-05;05:53:17;31.354;14.895;3.9875;0.413496774193548;0.245;0.3235;0.1995;NaN;6.097
TEL2005633_5;MFD_SETNO5;45.062167;61.068;274447;144;14-jul-05;11:53:12;32.455;1.525;4.5641;0.0269341935483871;10.029;1.069;9.055;32.465;6.257
TEL2005633_5;MFD_SETNO5;45.062167;61.068;274448;50;14-jul-05;11:53:12;31.667;1.952;5.5334;0.218562580645161;2.837;0.7435;2.8485;NaN;NaN
TEL2005633_5;MFD_SETNO5;45.062167;61.068;274449;25;14-jul-05;11:53:12;31.054;7.25;5.1756;0.378054193548387;1.186;0.506;0.345;NaN;NaN
TEL2005633_5;MFD_SETNO5;45.062167;61.068;274450;5;14-jul-05;11:53:12;30.555;13.907;4.1963;0.28354064516129;0.8285;0.264;0.084;NaN;6.298
TEL2005633_50;MFD_SETNO50;44.274333;57.764833;274619;488;19-jul-05;08:07:49;34.899;4.519;4.2502;0.00577161290322581;10.8545;1.187;17.061;34.919;5.7175
TEL2005633_50;MFD_SETNO50;44.274333;57.764833;274620;400;19-jul-05;08:07:49;34.915;5.096;3.8705;0.00641290322580646;12.5725;1.3245;19.0175;NaN;NaN
TEL2005633_50;MFD_SETNO50;44.274333;57.764833;274621;200;19-jul-05;08:07:49;35.382;11.175;2.634;0.00961935483870968;10.7125;1.3395;20.788;NaN;NaN
TEL2005633_50;MFD_SETNO50;44.274333;57.764833;274622;100;19-jul-05;08:07:49;35.12;12.307;3.6606;0.0759861290322581;3.736;0.732;8.262;NaN;NaN
TEL2005633_50;MFD_SETNO50;44.274333;57.764833;274623;50;19-jul-05;08:07:49;34.425;12.28;4.3839;0.985238709677419;1.811;0.408;0.7775;NaN;NaN
TEL2005633_50;MFD_SETNO50;44.274333;57.764833;274624;25;19-jul-05;08:07:49;35.617;17.112;2.97;0.555267096774194;1.6435;0.1735;0.231;NaN;NaN
TEL2005633_50;MFD_SETNO50;44.274333;57.764833;274625;5;19-jul-05;08:07:49;31.763;16.62;3.5802;0.46666064516129;0.4225;0.279;0.2135;NaN;5.9005
TEL2005633_50;MFD_SETNO50;44.274333;57.764833;274626;1;19-jul-05;08:07:49;29.083;16.503;4.5754;0.378054193548387;0.3545;0.255;0.216;NaN;NaN
TEL2005633_51;MFD_SETNO51;44.379;57.861667;274627;99;19-jul-05;10:19:34;32.783;1.306;4.9831;0.101314838709677;5.376;0.9385;6.1075;32.786;6.8885
TEL2005633_51;MFD_SETNO51;44.379;57.861667;274628;50;19-jul-05;10:19:34;32.461;1.792;5.4292;0.324890322580645;2.2075;0.7065;2.9655;NaN;NaN
TEL2005633_51;MFD_SETNO51;44.379;57.861667;274629;25;19-jul-05;10:19:34;33.637;6.97;4.1835;1.08376258064516;0.518;0.3825;0.3875;NaN;NaN
TEL2005633_51;MFD_SETNO51;44.379;57.861667;274630;5;19-jul-05;10:19:34;31.331;15.209;4.0239;0.697037419354839;0.3265;0.331;0.2285;NaN;6.4595
TEL2005633_52;MFD_SETNO52;44.412667;57.916167;274631;80;19-jul-05;11:46:51;32.563;2.113;5.1368;0.194186774193548;4.0655;0.842;4.1835;32.543;6.9895
TEL2005633_52;MFD_SETNO52;44.412667;57.916167;274632;50;19-jul-05;11:46:51;32.444;2.638;5.3256;0.271726451612903;3.5225;0.7305;2.9225;NaN;NaN
TEL2005633_52;MFD_SETNO52;44.412667;57.916167;274633;25;19-jul-05;11:46:51;35.237;5.089;4.4626;0.791550967741935;0.8745;0.455;0.381;NaN;NaN
TEL2005633_52;MFD_SETNO52;44.412667;57.916167;274634;5;19-jul-05;11:46:51;31.164;15.321;4.2204;0.590709677419355;0.5565;0.249;0.1245;NaN;6.122
TEL2005633_53;MFD_SETNO53;44.077;58.411;274635;481;19-jul-05;16:22:18;34.902;4.963;3.9393;0.00513032258064516;11.221;1.251;17.054;34.921;5.312
TEL2005633_53;MFD_SETNO53;44.077;58.411;274636;400;19-jul-05;16:22:18;34.998;6.16;3.4225;0.00448903225806452;13.412;1.415;20.8385;NaN;NaN
TEL2005633_53;MFD_SETNO53;44.077;58.411;274637;200;19-jul-05;16:22:18;35.067;9.312;2.8489;0.00641290322580645;11.0085;1.3485;19.6685;NaN;NaN
TEL2005633_53;MFD_SETNO53;44.077;58.411;274638;100;19-jul-05;16:22:18;34.586;8.945;3.9839;0.0224451612903226;5.0205;0.7945;9.3205;NaN;NaN
TEL2005633_53;MFD_SETNO53;44.077;58.411;274639;50;19-jul-05;16:22:18;33.714;8.587;4.5717;0.28354064516129;3.56;0.7105;4.991;NaN;NaN
TEL2005633_53;MFD_SETNO53;44.077;58.411;274640;25;19-jul-05;16:22:18;36.467;10.492;3.2159;0.750201290322581;1.449;0.2745;0.126;NaN;NaN
TEL2005633_53;MFD_SETNO53;44.077;58.411;274641;5;19-jul-05;16:22:18;32.709;18.445;3.6236;0.354425806451613;1.166;0.1845;0.1325;NaN;5.646
TEL2005633_53;MFD_SETNO53;44.077;58.411;274642;1;19-jul-05;16:22:18;32.113;18.461;4.2617;0.336704516129032;1.1935;0.2125;0.1155;NaN;NaN
TEL2005633_54;MFD_SETNO54;44.181667;58.454833;274643;136;19-jul-05;19:27:54;35.011;9.636;3.4298;0.0134670967741935;8.4675;1.109;14.9865;35.04;4.5975
TEL2005633_54;MFD_SETNO54;44.181667;58.454833;274644;50;19-jul-05;19:27:54;34.381;10.748;4.2502;0.194934193548387;3.018;0.5325;4.477;NaN;NaN
TEL2005633_54;MFD_SETNO54;44.181667;58.454833;274645;25;19-jul-05;19:27:54;37.645;12.445;3.5296;0.886714838709677;1.854;0.3215;0.32;NaN;NaN
TEL2005633_54;MFD_SETNO54;44.181667;58.454833;274646;5;19-jul-05;19:27:54;31.633;17.129;3.7524;0.401682580645161;1.3695;0.224;0.1185;NaN;5.912
TEL2005633_55;MFD_SETNO55;44.212667;58.387833;274647;201;19-jul-05;21:21:37;35.035;8.749;3.0052;0.00961935483870967;11.53;1.3505;19.6465;35.046;4.0405
TEL2005633_55;MFD_SETNO55;44.212667;58.387833;274648;50;19-jul-05;21:21:37;34.281;10.407;4.2343;0.155349419354839;2.8455;0.5495;4.356;NaN;NaN
TEL2005633_55;MFD_SETNO55;44.212667;58.387833;274649;25;19-jul-05;21:21:37;36.414;14.501;3.4208;0.985238709677419;1.827;0.3225;0.333;NaN;NaN
TEL2005633_55;MFD_SETNO55;44.212667;58.387833;274650;5;19-jul-05;21:21:37;31.413;15.958;3.8828;0.419403870967742;0.8195;0.2845;0.1245;NaN;5.948
TEL2005633_56;MFD_SETNO56;44.302333;58.489167;274651;55;19-jul-05;23:48:16;32.71;2.118;5.0868;0.254005161290323;4.6945;0.9045;5.567;32.73;6.882
TEL2005633_56;MFD_SETNO56;44.302333;58.489167;274652;50;19-jul-05;23:48:16;32.714;2.109;5.0759;0.259912258064516;4.5735;0.8565;5.4145;NaN;NaN
TEL2005633_56;MFD_SETNO56;44.302333;58.489167;274653;25;19-jul-05;23:48:16;36.849;2.961;4.3827;0.856529032258065;1.2365;0.53;0.93;NaN;NaN
TEL2005633_56;MFD_SETNO56;44.302333;58.489167;274654;5;19-jul-05;23:48:16;31.3;15.867;4.001;0.313076129032258;0.63;0.271;0.1275;NaN;6.068
TEL2005633_57;MFD_SETNO57;44.354333;58.292167;274655;61;20-jul-05;02:01:55;32.687;1.566;5.0366;0.151972258064516;5.043;0.9465;5.739;32.714;6.9035
TEL2005633_57;MFD_SETNO57;44.354333;58.292167;274656;50;20-jul-05;02:01:55;32.516;2.319;5.2231;0.230376774193548;3.5865;0.705;3.9705;NaN;NaN
TEL2005633_57;MFD_SETNO57;44.354333;58.292167;274657;25;20-jul-05;02:01:55;36.135;2.875;4.682;0.378054193548387;3.2835;0.755;3.137;NaN;NaN
TEL2005633_57;MFD_SETNO57;44.354333;58.292167;274658;5;20-jul-05;02:01:55;31.298;15.738;3.7545;0.64978064516129;0.568;0.297;0.1435;NaN;6.3855
TEL2005633_58;MFD_SETNO58;44.419667;58.283667;274659;62;20-jul-05;03:40:59;32.478;2.496;5.2369;0.295354838709677;3.357;0.7415;3.184;32.501;7.1505
TEL2005633_58;MFD_SETNO58;44.419667;58.283667;274660;50;20-jul-05;03:40:59;32.441;2.569;5.2508;0.318983225806452;3.3105;0.7345;3.189;NaN;NaN
TEL2005633_58;MFD_SETNO58;44.419667;58.283667;274661;25;20-jul-05;03:40:59;34.911;5.742;4.3379;1.08376258064516;0.6945;0.427;0.2795;NaN;NaN
TEL2005633_58;MFD_SETNO58;44.419667;58.283667;274662;5;20-jul-05;03:40:59;31.365;15.244;4.1357;0.706087741935484;0.564;0.331;0.1415;NaN;6.4895
TEL2005633_59;MFD_SETNO59;44.538833;58.356667;274663;62;20-jul-05;05:20:59;32.361;2.694;5.2939;0.318983225806452;3.13;0.674;2.5805;32.366;7.1635
TEL2005633_59;MFD_SETNO59;44.538833;58.356667;274664;50;20-jul-05;05:20:59;32.346;2.72;5.3099;0.324890322580645;3.3795;0.7135;2.769;NaN;NaN
TEL2005633_59;MFD_SETNO59;44.538833;58.356667;274665;25;20-jul-05;05:20:59;34.513;6.957;4.0216;0.897878709677419;1.2725;0.507;0.8695;NaN;NaN
TEL2005633_59;MFD_SETNO59;44.538833;58.356667;274666;5;20-jul-05;05:20:59;31.175;16.35;3.8958;0.472567741935484;0.501;0.31;0.1535;NaN;6.196
TEL2005633_6;MFD_SETNO6;45.305333;60.360167;274451;173;14-jul-05;16:53:18;32.998;2.167;4.0955;0.0219515483870968;14.019;1.241;11.8005;33.046;6.038
TEL2005633_6;MFD_SETNO6;45.305333;60.360167;274452;50;14-jul-05;16:53:18;31.654;2.217;5.5515;0.259912258064516;2.1755;0.726;2.3305;NaN;NaN
TEL2005633_6;MFD_SETNO6;45.305333;60.360167;274453;25;14-jul-05;16:53:18;31.107;6.37;5.6121;0.572988387096774;0.7105;0.4315;0.1365;NaN;NaN
TEL2005633_6;MFD_SETNO6;45.305333;60.360167;274454;5;14-jul-05;16:53:18;30.175;14.175;4.2811;0.301261935483871;1.468;0.32;0.0845;NaN;6.9335
TEL2005633_60;MFD_SETNO60;44.622833;58.469333;274667;59;20-jul-05;07:19:22;32.055;2.841;5.0733;0.431218064516129;4.1845;0.8335;2.8635;32.072;6.937
TEL2005633_60;MFD_SETNO60;44.622833;58.469333;274668;50;20-jul-05;07:19:22;32.067;2.836;5.0673;0.372147096774194;4.0845;0.8175;2.853;NaN;NaN
TEL2005633_60;MFD_SETNO60;44.622833;58.469333;274669;25;20-jul-05;07:19:22;36.788;5.47;4.0858;0.738387096774194;1.149;0.4675;0.3925;NaN;NaN
TEL2005633_60;MFD_SETNO60;44.622833;58.469333;274670;5;20-jul-05;07:19:22;30.804;16.299;3.9143;0.354425806451613;0.7685;0.3165;0.156;NaN;5.9565
TEL2005633_61;MFD_SETNO61;44.778333;58.468167;274671;84;20-jul-05;09:13:51;32.439;1.753;4.57;0.0861176129032258;7.038;0.937;8.1435;32.452;6.36
TEL2005633_61;MFD_SETNO61;44.778333;58.468167;274672;50;20-jul-05;09:13:51;32.037;2.069;5.314;0.389868387096774;2.764;0.8265;4.081;NaN;NaN
TEL2005633_61;MFD_SETNO61;44.778333;58.468167;274673;25;20-jul-05;09:13:51;35.951;4.665;4.123;0.809272258064516;0.5495;0.41;0.2635;NaN;NaN
TEL2005633_61;MFD_SETNO61;44.778333;58.468167;274674;5;20-jul-05;09:13:51;30.687;15.736;3.978;0.378054193548387;0.941;0.304;0.1625;NaN;6.023
TEL2005633_62;MFD_SETNO62;44.770167;58.733667;274675;205;20-jul-05;11:23:50;32.899;2.354;4.2115;0.0354601935483871;11.845;1.144;11.0965;32.917;5.7865
TEL2005633_62;MFD_SETNO62;44.770167;58.733667;274676;50;20-jul-05;11:23:50;31.981;1.757;5.3435;0.19587535483871;3.4165;0.876;4.7145;NaN;NaN
TEL2005633_62;MFD_SETNO62;44.770167;58.733667;274677;25;20-jul-05;11:23:50;34.697;6.04;4.0302;1.21512774193548;0.522;0.4365;0.247;NaN;NaN
TEL2005633_62;MFD_SETNO62;44.770167;58.733667;274678;5;20-jul-05;11:23:50;30.391;15.86;3.8542;0.354425806451613;0.9525;0.2945;0.1755;NaN;6.03
TEL2005633_63;MFD_SETNO63;44.707333;58.810667;274679;85;20-jul-05;13:39:17;32.435;1.768;4.6219;0.0607889032258064;8.0665;1.049;8.93;32.459;6.4005
TEL2005633_63;MFD_SETNO63;44.707333;58.810667;274680;50;20-jul-05;13:39:17;31.968;1.879;5.4493;0.211072580645161;4.8055;0.8925;5.935;NaN;NaN
TEL2005633_63;MFD_SETNO63;44.707333;58.810667;274681;25;20-jul-05;13:39:17;32.483;5.599;5.1021;0.837452903225807;0.5875;0.422;0.3775;NaN;NaN
TEL2005633_63;MFD_SETNO63;44.707333;58.810667;274682;5;20-jul-05;13:39:17;30.563;15.847;3.9292;0.443032258064516;0.936;0.3215;0.1815;NaN;6.177
TEL2005633_65;MFD_SETNO65;45.191833;59.082333;274683;132;20-jul-05;19:11:12;32.746;1.988;4.154;0.0709203870967742;15.8735;1.258;11.019;32.775;5.743
TEL2005633_65;MFD_SETNO65;45.191833;59.082333;274684;50;20-jul-05;19:11:12;31.883;3.316;5.5919;0.230376774193548;2.111;0.606;1.6355;NaN;NaN
TEL2005633_65;MFD_SETNO65;45.191833;59.082333;274685;25;20-jul-05;19:11:12;35.131;6.935;4.2037;0.324890322580645;1.7715;0.517;0.693;NaN;6.1175
TEL2005633_65;MFD_SETNO65;45.191833;59.082333;274686;5;20-jul-05;19:11:12;30.375;14.834;3.9701;0.46666064516129;1.4005;0.3195;0.1995;NaN;NaN
TEL2005633_66;MFD_SETNO66;44.984;59.175667;274687;79;20-jul-05;22:36:12;32.154;1.462;4.8821;0.0996262580645162;7.6795;0.9785;7.0375;32.197;3.3565
TEL2005633_66;MFD_SETNO66;44.984;59.175667;274688;50;20-jul-05;22:36:12;32.019;1.429;5.2406;0.185743870967742;5.3685;0.869;5.1105;NaN;NaN
TEL2005633_66;MFD_SETNO66;44.984;59.175667;274689;25;20-jul-05;22:36:12;31.897;3.402;5.5813;0.771770322580645;1.9425;0.5615;1.0555;NaN;NaN
TEL2005633_66;MFD_SETNO66;44.984;59.175667;274690;5;20-jul-05;22:36:12;30.33;15.885;3.7447;0.248098064516129;0.9765;0.275;0.2265;NaN;6.071
TEL2005633_67;MFD_SETNO67;44.835333;59.365833;274691;213;21-jul-05;01:34:03;32.52;1.886;4.4885;0.0256516129032258;10.4965;1.1535;10.3495;32.543;6.09
TEL2005633_67;MFD_SETNO67;44.835333;59.365833;274692;50;21-jul-05;01:34:03;32.133;1.499;4.9509;0.0692318064516129;7.19;1.0075;6.983;NaN;NaN
TEL2005633_67;MFD_SETNO67;44.835333;59.365833;274693;25;21-jul-05;01:34:03;31.658;4.748;5.5639;0.443032258064516;0.976;0.485;0.4025;NaN;NaN
TEL2005633_67;MFD_SETNO67;44.835333;59.365833;274694;5;21-jul-05;01:34:03;30.555;15.78;3.8153;0.354425806451613;0.8805;0.294;0.2245;NaN;5.9385
TEL2005633_68;MFD_SETNO68;44.902167;60.2595;274695;186;21-jul-05;20:07:45;32.719;2.274;4.3544;0.0153909677419355;10.2515;0.9375;9.7615;32.722;5.966
TEL2005633_68;MFD_SETNO68;44.902167;60.2595;274696;50;21-jul-05;20:07:45;32.268;2.141;4.9233;0.259912258064516;5.8415;0.9955;6.8225;NaN;NaN
TEL2005633_68;MFD_SETNO68;44.902167;60.2595;274697;25;21-jul-05;20:07:45;34.51;8.002;4.0181;0.767922580645161;0.967;0.3055;0.181;NaN;NaN
TEL2005633_68;MFD_SETNO68;44.902167;60.2595;274698;5;21-jul-05;20:07:45;30.768;15.876;3.962;0.258352838709677;0.8665;0.2545;0;NaN;6.1325
TEL2005633_69;MFD_SETNO69;44.713;60.7775;274699;99;21-jul-05;14:47:11;32.386;1.721;4.4849;0.0371487741935484;10.3425;1.163;9.838;32.398;6.1815
TEL2005633_69;MFD_SETNO69;44.713;60.7775;274700;50;21-jul-05;14:47:11;32.032;2.804;4.9734;0.150283677419355;5.3915;0.7015;4.6165;NaN;NaN
TEL2005633_69;MFD_SETNO69;44.713;60.7775;274701;25;21-jul-05;14:47:11;31.512;5.631;5.3235;0.372147096774194;1.648;0.4355;0.7095;NaN;NaN
TEL2005633_69;MFD_SETNO69;44.713;60.7775;274702;5;21-jul-05;14:47:11;30.978;15.352;3.875;0.342611612903226;0.998;0.294;0;NaN;6.7825
TEL2005633_70;MFD_SETNO70;44.556;60.749167;274703;59;21-jul-05;13:09:28;32.041;2.916;4.9693;0.248098064516129;4.7315;0.745;4.1835;32.042;6.7335
TEL2005633_70;MFD_SETNO70;44.556;60.749167;274704;50;21-jul-05;13:09:28;32.002;2.991;5.0091;0.277633548387097;5.5395;0.8425;4.872;NaN;NaN
TEL2005633_70;MFD_SETNO70;44.556;60.749167;274705;25;21-jul-05;13:09:28;31.861;4.922;5.3424;0.419403870967742;2.1425;0.4825;1.5785;NaN;NaN
TEL2005633_70;MFD_SETNO70;44.556;60.749167;274706;5;21-jul-05;13:09:28;30.92;15.506;4.039;0.167169483870968;0.77;0.234;0;NaN;5.908
TEL2005633_71;MFD_SETNO71;44.475333;60.6875;274707;55;21-jul-05;12:13:43;32.073;2.934;5.0679;0.336704516129032;4.3435;0.7715;4.294;32.082;6.893
TEL2005633_71;MFD_SETNO71;44.475333;60.6875;274708;50;21-jul-05;12:13:43;32.057;2.951;5.0812;0.330797419354839;4.1455;0.705;4.04;NaN;NaN
TEL2005633_71;MFD_SETNO71;44.475333;60.6875;274709;25;21-jul-05;12:13:43;36.599;3.783;4.3772;0.46666064516129;3.1335;0.621;3.0125;NaN;NaN
TEL2005633_71;MFD_SETNO71;44.475333;60.6875;274710;5;21-jul-05;12:13:43;30.93;15.529;4.0843;0.211072580645161;0.8295;0.2245;0.0275;NaN;6.0615
TEL2005633_72;MFD_SETNO72;44.312667;60.880333;274711;128;21-jul-05;10:30:27;33.244;3.808;4.0947;0.165398709677419;10.457;1.02;9.1075;33.225;5.5725
TEL2005633_72;MFD_SETNO72;44.312667;60.880333;274712;50;21-jul-05;10:30:27;32.423;5.728;4.9953;0.360332903225806;4.4085;0.817;4.4535;NaN;NaN
TEL2005633_72;MFD_SETNO72;44.312667;60.880333;274713;25;21-jul-05;10:30:27;33.317;8.04;4.0291;0.903135483870968;0.3875;0.3775;0;NaN;NaN
TEL2005633_72;MFD_SETNO72;44.312667;60.880333;274714;5;21-jul-05;10:30:27;31.745;14.731;3.9407;0.336704516129032;0.359;0.259;0;NaN;6.295
TEL2005633_73;MFD_SETNO73;44.390167;60.583167;274715;52;21-jul-05;08:56:10;32.267;2.763;4.9198;0.378054193548387;NaN;NaN;NaN;32.203;6.7355
TEL2005633_73;MFD_SETNO73;44.390167;60.583167;274716;50;21-jul-05;08:56:10;32.219;2.713;5.0324;0.324890322580645;NaN;NaN;NaN;NaN;NaN
TEL2005633_73;MFD_SETNO73;44.390167;60.583167;274717;25;21-jul-05;08:56:10;32.857;3.985;5.2984;0.785643870967742;NaN;NaN;NaN;NaN;NaN
TEL2005633_73;MFD_SETNO73;44.390167;60.583167;274718;5;21-jul-05;08:56:10;30.747;15.836;3.78;0.202629677419355;NaN;NaN;NaN;NaN;6.0275
TEL2005633_74;MFD_SETNO74;44.558167;60.317333;274719;65;21-jul-05;07:06:10;31.864;2.611;5.1923;0.383961290322581;NaN;NaN;NaN;31.874;7.041
TEL2005633_74;MFD_SETNO74;44.558167;60.317333;274720;50;21-jul-05;07:06:10;31.816;2.688;5.4632;0.401682580645161;NaN;NaN;NaN;NaN;NaN
TEL2005633_74;MFD_SETNO74;44.558167;60.317333;274721;25;21-jul-05;07:06:10;33.648;8.081;4.1081;0.378054193548387;NaN;NaN;NaN;NaN;NaN
TEL2005633_74;MFD_SETNO74;44.558167;60.317333;274722;5;21-jul-05;07:06:10;30.519;15.898;3.8135;0.259912258064516;NaN;NaN;NaN;NaN;5.9715
TEL2005633_75;MFD_SETNO75;44.429;60.384667;274723;46;22-jul-05;10:44:06;31.484;5.127;5.4751;0.838807741935484;1.6055;0.5045;0.94;31.331;7.1535
TEL2005633_75;MFD_SETNO75;44.429;60.384667;274724;25;22-jul-05;10:44:06;31.909;5.11;5.2167;0.54936;1.3945;0.45;0.8055;NaN;NaN
TEL2005633_75;MFD_SETNO75;44.429;60.384667;274725;5;22-jul-05;10:44:06;30.979;16.4;3.8191;0.324890322580645;1.509;0.3005;0.0725;NaN;6.267
TEL2005633_76;MFD_SETNO76;44.345167;60.3285;274726;55;22-jul-05;12:07:17;32.295;2.092;4.7329;0.348518709677419;5.7245;0.87;5.9905;32.085;6.561
TEL2005633_76;MFD_SETNO76;44.345167;60.3285;274727;50;22-jul-05;12:07:17;32.217;2.278;4.8867;0.383961290322581;4.265;0.7125;4.4295;NaN;NaN
TEL2005633_76;MFD_SETNO76;44.345167;60.3285;274728;25;22-jul-05;12:07:17;36.548;4.6;4.2355;0.702944516129032;2.5175;0.6355;1.9765;NaN;NaN
TEL2005633_76;MFD_SETNO76;44.345167;60.3285;274729;5;22-jul-05;12:07:17;30.541;16.768;3.7573;0.295354838709677;1.0335;0.2335;0;NaN;5.773
TEL2005633_77;MFD_SETNO77;44.266833;60.388833;274730;157;22-jul-05;13:52:25;33.961;5.658;3.9209;0.0506574193548387;12.36;1.1595;12.7525;33.982;5.1805
TEL2005633_77;MFD_SETNO77;44.266833;60.388833;274731;50;22-jul-05;13:52:25;32.483;4.141;5.3021;1.00165935483871;2.24;0.4455;1.8675;NaN;NaN
TEL2005633_77;MFD_SETNO77;44.266833;60.388833;274732;25;22-jul-05;13:52:25;32.993;7.126;4.1788;1.14944516129032;0.9005;0.319;0.063;NaN;NaN
TEL2005633_77;MFD_SETNO77;44.266833;60.388833;274733;5;22-jul-05;13:52:25;31.413;13.912;4.1226;0.301261935483871;0.9375;0.2545;0;NaN;5.816
TEL2005633_78;MFD_SETNO78;44.125667;60.5255;274734;62;22-jul-05;16:06:15;32.942;4.042;4.5404;0.383961290322581;7.206;0.9;6.975;32.955;6.0245
TEL2005633_78;MFD_SETNO78;44.125667;60.5255;274735;50;22-jul-05;16:06:15;32.953;4.095;4.5967;0.324890322580645;7.4915;0.8675;7.2455;NaN;NaN
TEL2005633_78;MFD_SETNO78;44.125667;60.5255;274736;25;22-jul-05;16:06:15;35.16;5.891;4.2014;1.24796903225806;2.636;0.584;1.1905;NaN;NaN
TEL2005633_78;MFD_SETNO78;44.125667;60.5255;274737;5;22-jul-05;16:06:15;30.99;16.717;3.776;0.383961290322581;0.7345;0.27;0.012;NaN;6.149
TEL2005633_79;MFD_SETNO79;44.068;60.439333;274738;42;22-jul-05;17:32:46;32.574;4.562;4.8144;0.951042580645161;4.7985;0.7265;4.1895;32.585;6.3995
TEL2005633_79;MFD_SETNO79;44.068;60.439333;274739;25;22-jul-05;17:32:46;33.971;5.921;4.3027;0.985238709677419;3.82;0.615;2.8215;NaN;NaN
TEL2005633_79;MFD_SETNO79;44.068;60.439333;274740;5;22-jul-05;17:32:46;31.346;15.916;3.8201;0.502103225806452;1.198;0.329;0.179;NaN;6.1195
TEL2005633_8;MFD_SETNO8;45.3095;59.77;274455;127;14-jul-05;21:39:11;32.884;1.986;4.0789;0.0371487741935484;14.7675;1.309;11.9265;NaN;6.048
TEL2005633_8;MFD_SETNO8;45.3095;59.77;274457;25;14-jul-05;21:39:11;31.358;5.15;5.2623;0.508010322580645;1.2315;0.4915;0.241;NaN;NaN
TEL2005633_8;MFD_SETNO8;45.3095;59.77;274458;5;14-jul-05;21:39:11;30.701;14.632;4.08;0.141770322580645;1.334;0.342;0.215;NaN;6.862
TEL2005633_80;MFD_SETNO80;44.094667;59.893;274741;66;22-jul-05;20:35:40;32.902;3.607;4.384;0.138463612903226;10.1315;1.1115;9.147;32.926;5.7935
TEL2005633_80;MFD_SETNO80;44.094667;59.893;274742;50;22-jul-05;20:35:40;32.689;3.496;4.6941;0.200841290322581;6.9185;0.879;6.3365;NaN;NaN
TEL2005633_80;MFD_SETNO80;44.094667;59.893;274743;25;22-jul-05;20:35:40;33.593;8.742;4.1417;2.29889032258065;2.1505;0.5445;1.5115;NaN;NaN
TEL2005633_80;MFD_SETNO80;44.094667;59.893;274744;5;22-jul-05;20:35:40;31.416;18.28;3.4885;0.762015483870968;0.7495;0.3535;0.044;NaN;6.384
TEL2005633_81;MFD_SETNO81;44.193167;59.714167;274745;141;22-jul-05;23:19:27;34.308;6.257;3.7775;0.0320830322580645;12.3155;1.1075;12.5125;34.31;5.014
TEL2005633_81;MFD_SETNO81;44.193167;59.714167;274746;50;22-jul-05;23:19:27;33.076;5.683;4.8952;0.324890322580645;3.3365;0.558;2.4505;NaN;NaN
TEL2005633_81;MFD_SETNO81;44.193167;59.714167;274747;25;22-jul-05;23:19:27;34.661;8.859;3.7762;0.9156;1.19;0.2985;0.0345;NaN;NaN
TEL2005633_81;MFD_SETNO81;44.193167;59.714167;274748;5;22-jul-05;23:19:27;31.354;18.005;3.5;0.22289264516129;0.631;0.2955;0;NaN;6.0325
TEL2005633_82;MFD_SETNO82;44.162833;59.268667;274749;263;23-jul-05;02:18:57;34.63;6.48;3.941;0.0270172903225806;10.3935;1.1255;14.5395;34.652;5.2215
TEL2005633_82;MFD_SETNO82;44.162833;59.268667;274750;50;23-jul-05;02:18:57;32.551;4.116;4.9153;0.336704516129032;3.323;0.599;2.7005;NaN;NaN
TEL2005633_82;MFD_SETNO82;44.162833;59.268667;274751;25;23-jul-05;02:18:57;35.338;6.934;4.3404;1.74058838709677;0.741;0.406;0.1735;NaN;NaN
TEL2005633_82;MFD_SETNO82;44.162833;59.268667;274752;5;23-jul-05;02:18:57;31.441;17.594;3.5015;0.259912258064516;0.591;0.2975;0;NaN;5.809
TEL2005633_83;MFD_SETNO83;44.3095;59.030167;274753;168;23-jul-05;05:11:41;34.633;7.077;3.7708;0.0270172903225806;10.695;1.15;15.295;34.648;4.996
TEL2005633_83;MFD_SETNO83;44.3095;59.030167;274754;50;23-jul-05;05:11:41;33.028;4.493;5.0279;0.443032258064516;3.1045;0.5845;2.9845;NaN;NaN
TEL2005633_83;MFD_SETNO83;44.3095;59.030167;274755;25;23-jul-05;05:11:41;34.43;8.764;3.8376;0.63205935483871;2.076;0.418;1.331;NaN;NaN
TEL2005633_83;MFD_SETNO83;44.3095;59.030167;274756;5;23-jul-05;05:11:41;33.052;16.124;3.9515;0.236283870967742;0.9535;0.209;0.0305;NaN;5.9445
TEL2005633_84;MFD_SETNO84;44.348333;59.158667;274757;179;23-jul-05;07:19:06;34.594;7.016;3.7441;0.0337716129032258;11.435;1.124;14.074;34.631;4.9665
TEL2005633_84;MFD_SETNO84;44.348333;59.158667;274758;50;23-jul-05;07:19:06;33.04;5.13;4.9892;0.395775483870968;3.527;0.623;3.493;NaN;NaN
TEL2005633_84;MFD_SETNO84;44.348333;59.158667;274759;25;23-jul-05;07:19:06;36.167;5.621;4.0521;0.443032258064516;3.139;0.62;2.9975;NaN;NaN
TEL2005633_84;MFD_SETNO84;44.348333;59.158667;274760;5;23-jul-05;07:19:06;32.442;16.037;3.8632;0.318983225806452;1.0245;0.246;0.193;NaN;6.011
TEL2005633_85;MFD_SETNO85;44.388833;59.272167;274761;179;23-jul-05;09:14:38;34.612;7.157;3.8423;0.0270172903225806;9.9405;1.0395;13.0045;34.624;5.0695
TEL2005633_85;MFD_SETNO85;44.388833;59.272167;274762;50;23-jul-05;09:14:38;32.943;4.427;5.0961;0.301261935483871;4.095;0.6875;4.628;NaN;NaN
TEL2005633_85;MFD_SETNO85;44.388833;59.272167;274763;25;23-jul-05;09:14:38;35.414;7.746;3.9227;0.779736774193548;2.34;0.514;1.741;NaN;NaN
TEL2005633_85;MFD_SETNO85;44.388833;59.272167;274764;5;23-jul-05;09:14:38;31.465;16.107;3.9933;0.372147096774193;0.4385;0.2515;0.0035;NaN;5.8565
TEL2005633_86;MFD_SETNO86;44.447833;59.264167;274765;72;23-jul-05;10:56:56;33.425;5.015;4.5632;0.165398709677419;5.994;0.845;7.371;33.452;6.046
TEL2005633_86;MFD_SETNO86;44.447833;59.264167;274766;50;23-jul-05;10:56:56;33.078;4.24;4.8863;0.194934193548387;4.7755;0.7415;5.801;NaN;NaN
TEL2005633_86;MFD_SETNO86;44.447833;59.264167;274767;25;23-jul-05;10:56:56;35.233;4.561;4.2526;0.590709677419355;3.184;0.654;2.9805;NaN;NaN
TEL2005633_86;MFD_SETNO86;44.447833;59.264167;274768;5;23-jul-05;10:56:56;31.214;17.103;3.5792;0.431218064516129;0.461;0.2755;0.019;NaN;6.1715
TEL2005633_87;MFD_SETNO87;44.519833;58.995333;274769;53;23-jul-05;13:02:11;32.271;3.476;5.0365;0.413496774193548;4.5805;0.7595;3.6775;32.266;6.767
TEL2005633_87;MFD_SETNO87;44.519833;58.995333;274770;50;23-jul-05;13:02:11;32.268;3.473;5.053;0.372147096774194;3.9595;0.6785;3.2905;NaN;NaN
TEL2005633_87;MFD_SETNO87;44.519833;58.995333;274771;25;23-jul-05;13:02:11;35.074;3.69;4.2358;0.584802580645161;4.215;0.7125;3.2265;NaN;NaN
TEL2005633_87;MFD_SETNO87;44.519833;58.995333;274772;5;23-jul-05;13:02:11;31.126;16.978;3.6551;0.555267096774194;0.619;0.2985;0.089;NaN;6.471
TEL2005633_88;MFD_SETNO88;44.353833;58.812;274773;70;23-jul-05;15:01:50;32.946;4.647;4.9515;0.313076129032258;4.3045;0.7405;4.6805;32.927;6.5595
TEL2005633_88;MFD_SETNO88;44.353833;58.812;274774;50;23-jul-05;15:01:50;32.369;3.141;5.0766;0.324890322580645;4.497;0.7535;4.033;NaN;NaN
TEL2005633_88;MFD_SETNO88;44.353833;58.812;274775;25;23-jul-05;15:01:50;36.52;5.938;4.0753;0.773829677419355;1.358;0.4495;0.522;NaN;NaN
TEL2005633_88;MFD_SETNO88;44.353833;58.812;274776;5;23-jul-05;15:01:50;31.198;17.724;3.652;0.407589677419355;0.356;0.2495;0.0045;NaN;5.861
TEL2005633_89;MFD_SETNO89;44.1895;58.774;274777;65;23-jul-05;17:03:13;33.007;4.024;5.018;0.330797419354839;3.9975;0.7295;4.078;33.009;6.706
TEL2005633_89;MFD_SETNO89;44.1895;58.774;274778;50;23-jul-05;17:03:13;32.68;2.697;5.1748;0.401682580645161;3.8305;0.7465;4.1195;NaN;NaN
TEL2005633_89;MFD_SETNO89;44.1895;58.774;274779;25;23-jul-05;17:03:13;35.454;10.457;3.8423;0.9156;0.713;0.3755;0.26;NaN;NaN
TEL2005633_89;MFD_SETNO89;44.1895;58.774;274780;5;23-jul-05;17:03:13;31.252;16.797;3.7092;0.330797419354839;0.395;0.248;0.005;NaN;6.064
TEL2005633_9;MFD_SETNO9;45.47;59.9985;274459;193;15-jul-05;00:23:29;33.281;2.961;4.0301;0.0202629677419355;13.8325;1.297;13.3045;33.364;5.9885
TEL2005633_9;MFD_SETNO9;45.47;59.9985;274460;50;15-jul-05;00:23:29;31.66;2.574;5.3321;0.14352935483871;3.713;0.7205;2.8295;NaN;NaN
TEL2005633_9;MFD_SETNO9;45.47;59.9985;274461;25;15-jul-05;00:23:29;33.669;4.474;4.289;0.307169032258064;3.314;0.644;1.9015;NaN;NaN
TEL2005633_9;MFD_SETNO9;45.47;59.9985;274462;5;15-jul-05;00:23:29;30.191;13.774;4.2807;0.236283870967742;1.006;0.272;0.1025;NaN;6.8695
TEL2005633_90;MFD_SETNO90;44.1195;58.421333;274781;425;23-jul-05;18:58:42;34.921;5.176;3.8324;0.0128258064516129;12.9545;1.317;19.9785;34.94;5.0915
TEL2005633_90;MFD_SETNO90;44.1195;58.421333;274782;50;23-jul-05;18:58:42;33.877;9.368;4.4055;0.437125161290323;2.379;0.4725;2.239;NaN;NaN
TEL2005633_90;MFD_SETNO90;44.1195;58.421333;274783;25;23-jul-05;18:58:42;36.556;11.325;3.2661;0.567081290322581;1.207;0.2965;0.022;NaN;NaN
TEL2005633_90;MFD_SETNO90;44.1195;58.421333;274784;5;23-jul-05;18:58:42;32.123;19.282;3.3719;0.313076129032258;0.7365;0.216;0.016;NaN;5.5915
TEL2005633_91;MFD_SETNO91;44.0425;58.472667;274785;307;23-jul-05;20:52:57;34.97;7.214;2.9597;0.0243690322580645;13.952;1.438;22.4335;34.993;3.938
TEL2005633_91;MFD_SETNO91;44.0425;58.472667;274786;50;23-jul-05;20:52:57;33.906;8.679;4.3604;0.141840774193548;3.4845;0.62;5.371;NaN;NaN
TEL2005633_91;MFD_SETNO91;44.0425;58.472667;274787;25;23-jul-05;20:52:57;35.442;11.819;3.6577;0.525731612903226;1.534;0.304;0.072;NaN;NaN
TEL2005633_91;MFD_SETNO91;44.0425;58.472667;274788;5;23-jul-05;20:52:57;32.57;19.541;3.8531;0.243155612903226;1.095;0.248;0.03;NaN;5.7045
TEL2005633_92;MFD_SETNO92;43.960167;58.7065;274789;188;23-jul-05;23:28:47;35.01;8.546;2.815;0.0153909677419355;12.755;1.3895;21.5175;35.049;3.7355
TEL2005633_92;MFD_SETNO92;43.960167;58.7065;274790;50;23-jul-05;23:28:47;34.044;8.441;4.2565;0.413496774193548;3.2305;0.559;5.234;NaN;NaN
TEL2005633_92;MFD_SETNO92;43.960167;58.7065;274791;25;23-jul-05;23:28:47;36.679;8.776;3.6547;0.853873548387097;1.35;0.294;0.0375;NaN;NaN
TEL2005633_92;MFD_SETNO92;43.960167;58.7065;274792;5;23-jul-05;23:28:47;32.583;19.688;3.4047;0.330797419354839;0.911;0.206;0.024;NaN;5.594
TEL2005633_95;MFD_SETNO95;43.894;59.2805;274793;60;24-jul-05;03:02:20;33.034;4.435;4.4569;0.148595096774194;7.7615;0.8845;8.157;33.039;5.969
TEL2005633_95;MFD_SETNO95;43.894;59.2805;274794;50;24-jul-05;03:02:20;32.982;4.405;4.5369;0.177300967741936;7.368;0.892;7.5785;NaN;NaN
TEL2005633_95;MFD_SETNO95;43.894;59.2805;274795;25;24-jul-05;03:02:20;33.683;5.549;4.148;0.673246451612903;4.133;0.697;3.755;NaN;NaN
TEL2005633_95;MFD_SETNO95;43.894;59.2805;274796;5;24-jul-05;03:02:20;32.918;13.695;4.0593;1.92121548387097;0.502;0.4075;0.2775;NaN;6.7385
TEL2005633_96;MFD_SETNO96;43.938833;59.315333;274797;48;24-jul-05;03:47:59;32.393;5.959;4.9342;1.13302451612903;3.275;0.6505;3.0555;32.404;6.6335
TEL2005633_96;MFD_SETNO96;43.938833;59.315333;274798;25;24-jul-05;03:47:59;33.172;6.429;4.3859;1.33007225806452;2.97;0.647;2.7455;NaN;NaN
TEL2005633_96;MFD_SETNO96;43.938833;59.315333;274799;5;24-jul-05;03:47:59;32.294;12.233;4.3988;2.33173161290323;0.301;0.363;0.1415;NaN;6.854
TEL2005633_97;MFD_SETNO97;43.731833;59.284167;274800;118;24-jul-05;10:50:35;34.692;9.279;3.7905;0.0294993548387097;6.7735;0.8935;11.82;34.715;5.0245
TEL2005633_97;MFD_SETNO97;43.731833;59.284167;274801;50;24-jul-05;10:50:35;33.811;7.751;4.4605;0.103003419354839;4.767;0.7195;6.6245;NaN;NaN
TEL2005633_97;MFD_SETNO97;43.731833;59.284167;274802;25;24-jul-05;10:50:35;34.996;14.109;3.459;0.614338064516129;1.84;0.2755;0.436;NaN;NaN
TEL2005633_97;MFD_SETNO97;43.731833;59.284167;274803;5;24-jul-05;10:50:35;32.101;18.336;3.5625;0.28354064516129;0.989;0.228;0.044;NaN;5.699
TEL2005633_98;MFD_SETNO98;43.7805;59.571833;274804;65;24-jul-05;12:56:59;32.848;4.341;4.6644;0.330797419354839;5.8825;0.824;5.7225;32.756;6.2895
TEL2005633_98;MFD_SETNO98;43.7805;59.571833;274805;50;24-jul-05;12:56:59;32.592;4.489;4.8574;0.413496774193548;5.496;0.8205;5.3095;NaN;NaN
TEL2005633_98;MFD_SETNO98;43.7805;59.571833;274806;25;24-jul-05;12:56:59;34.455;6.511;4.3188;1.52712;1.382;0.441;0.7085;NaN;NaN
TEL2005633_98;MFD_SETNO98;43.7805;59.571833;274807;5;24-jul-05;12:56:59;31.819;15.334;4.0747;0.472567741935484;0.387;0.251;0.0355;NaN;6.4645
TEL2005633_99;MFD_SETNO99;43.798833;59.883167;274808;53;24-jul-05;14:59:51;32.538;4.658;4.8263;0.643873548387097;4.9115;0.7575;3.756;32.501;6.444
TEL2005633_99;MFD_SETNO99;43.798833;59.883167;274809;25;24-jul-05;14:59:51;33.291;8.394;4.3146;1.93763612903226;1.0525;0.4695;0.961;NaN;NaN
TEL2005633_99;MFD_SETNO99;43.798833;59.883167;274810;5;24-jul-05;14:59:51;31.755;13.645;4.1133;0.73248;0.152;0.2735;0.0415;NaN;6.471
