CTD;CTD;CTD;CTD;CTD;CTD;CTD;CTD;CTD;CTD;CTD;labo;labo;labo;labo;labo;labo
Fichier;Station;Latitude;Longitude;Echantillon;zbouteille;Date;Heure;PSAL;TEMP_XX;DOXY;CHL_01;Si_01;PO4_01;NOx_01;PSAL_BS;OXY_03
(nom);(nom/no);(degres);(degres);(no_unique);(dbar);(jj-mmm-yyyy);(GMT);(psu);(celsius);(ml/l);(mg/m**3);(mmol/m**3);(mmol/m**3);(mmol/m**3);(PSU);(ml/l)
TEL2004529_0;MFD_SETNO0;44.27075;63.325017;263450;171;05-jul-04;22:35:12;33.873;6.382;3.128;0.0311546511627907;14.4535;1.3145;15.091;33.902;4.184
TEL2004529_0;MFD_SETNO0;44.27075;63.325017;263451;100;05-jul-04;22:35:12;32.896;2.95;3.8571;0.0830790697674418;8.9385;1.068;9.292;NaN;NaN
TEL2004529_0;MFD_SETNO0;44.27075;63.325017;263452;75;05-jul-04;22:35:12;32.566;2.094;3.9463;0.268498062015504;4.8525;0.954;6.016;NaN;NaN
TEL2004529_0;MFD_SETNO0;44.27075;63.325017;263453;50;05-jul-04;22:35:12;32.315;2.255;3.8527;0.600459302325581;2.5585;0.7595;2.752;NaN;NaN
TEL2004529_0;MFD_SETNO0;44.27075;63.325017;263454;40;05-jul-04;22:35:12;32.268;3.852;3.8812;0.971741085271318;1.255;0.4945;0;32.221;7.3515
TEL2004529_0;MFD_SETNO0;44.27075;63.325017;263455;30;05-jul-04;22:35:12;31.996;5.13;3.9254;0.919683527131783;0.825;0.4565;0;NaN;NaN
TEL2004529_0;MFD_SETNO0;44.27075;63.325017;263456;20;05-jul-04;22:35:12;31.671;7.362;3.7305;0.607338178294573;0.533;0.3755;0;NaN;NaN
TEL2004529_0;MFD_SETNO0;44.27075;63.325017;263457;10;05-jul-04;22:35:12;31.711;12.018;3.8792;0.322197674418605;0.9495;0.364;0;NaN;NaN
TEL2004529_0;MFD_SETNO0;44.27075;63.325017;263458;5;05-jul-04;22:35:12;31.438;13.013;3.9455;0.283143410852713;0.4185;0.368;0;NaN;NaN
TEL2004529_0;MFD_SETNO0;44.27075;63.325017;263459;1;05-jul-04;22:35:12;31.352;13.49;3.8925;0.263616279069767;0.566;0.301;0;31.189;6.253
TEL2004529_1;MFD_SETNO1;44.179967;63.150933;263460;170;06-jul-04;02:13:29;34.888;9.445;2.6206;0.00927538759689923;18.6365;1.511;20.193;34.839;3.0305
TEL2004529_1;MFD_SETNO1;44.179967;63.150933;263461;50;06-jul-04;02:13:29;32.463;2.07;4.0489;0.694100775193798;2.637;0.84;4.512;NaN;NaN
TEL2004529_1;MFD_SETNO1;44.179967;63.150933;263462;25;06-jul-04;02:13:29;32.166;6.326;3.9245;0.815568410852713;0.446;0.3965;0;NaN;NaN
TEL2004529_1;MFD_SETNO1;44.179967;63.150933;263463;5;06-jul-04;02:13:29;31.371;14.055;4.055;0.258734496124031;0.4635;0.314;0;31.314;5.991
TEL2004529_10;MFD_SETNO10;43.302533;62.7803;263801;97;07-jul-04;02:22:46;33.045;2.332;4.3072;0.0657709302325582;5.986;0.93;8.383;33.05;6.374
TEL2004529_10;MFD_SETNO10;43.302533;62.7803;263802;50;07-jul-04;02:22:46;32.636;3.895;4.4653;1.59643178294574;0.889;0.569;1.0765;NaN;NaN
TEL2004529_10;MFD_SETNO10;43.302533;62.7803;263803;25;07-jul-04;02:22:46;32.203;9.64;4.2878;0.884978488372093;0.421;0.324;0.1065;NaN;NaN
TEL2004529_10;MFD_SETNO10;43.302533;62.7803;263804;5;07-jul-04;02:22:46;31.976;13.571;4.2662;0.263616279069767;0.3905;0.2955;0.105;32.043;6.6945
TEL2004529_11;MFD_SETNO11;43.124317;62.777283;263805;109;07-jul-04;04:28:31;33.052;2.224;4.3366;0.0501936046511628;7.084;0.944;8.4585;33.06;6.6495
TEL2004529_11;MFD_SETNO11;43.124317;62.777283;263806;50;07-jul-04;04:28:31;32.629;2.254;4.3036;0.711453294573643;1.125;0.709;2.887;NaN;NaN
TEL2004529_11;MFD_SETNO11;43.124317;62.777283;263807;25;07-jul-04;04:28:31;32.29;7.783;4.1811;1.09320872093023;0.4175;0.335;0.1275;NaN;NaN
TEL2004529_11;MFD_SETNO11;43.124317;62.777283;263808;5;07-jul-04;04:28:31;32.065;12.65;4.355;0.234325581395349;0.427;0.2885;0.1215;32.049;6.2805
TEL2004529_12;MFD_SETNO12;43.13575;62.904333;263809;119;07-jul-04;06:16:57;33.443;3.319;4.2801;0.0501936046511628;8.6455;0.9935;11.1535;33.456;6.1445
TEL2004529_12;MFD_SETNO12;43.13575;62.904333;263810;50;07-jul-04;06:16:57;32.595;3.251;4.5211;1.68319437984496;0.479;0.456;0.372;NaN;NaN
TEL2004529_12;MFD_SETNO12;43.13575;62.904333;263811;25;07-jul-04;06:16:57;32.166;7.821;4.3753;0.537928100775194;0.4565;0.293;0.132;NaN;NaN
TEL2004529_12;MFD_SETNO12;43.13575;62.904333;263812;5;07-jul-04;06:16:57;31.925;12.489;4.4337;0.292906976744186;0.561;0.2825;0.13;31.906;6.452
TEL2004529_13;MFD_SETNO13;43.004933;62.99175;263813;131;07-jul-04;08:52:32;33.408;3.058;4.4566;0.0732267441860465;8.1495;0.9845;11.044;33.416;6.2475
TEL2004529_13;MFD_SETNO13;43.004933;62.99175;263814;50;07-jul-04;08:52:32;32.561;1.472;4.4618;0.458887596899225;1.801;0.8295;4.5725;NaN;NaN
TEL2004529_13;MFD_SETNO13;43.004933;62.99175;263815;25;07-jul-04;08:52:32;32.37;4.379;4.4503;1.35349651162791;0.6525;0.4965;0.712;NaN;NaN
TEL2004529_13;MFD_SETNO13;43.004933;62.99175;263816;5;07-jul-04;08:52:32;31.922;12.032;4.8093;0.351488372093023;0.478;0.2755;0.1605;31.94;6.552
TEL2004529_14;MFD_SETNO14;42.9716;62.664883;263817;112;07-jul-04;11:18:38;33.042;1.995;4.4438;0.0432703488372093;7.0625;0.957;8.848;33.052;6.431
TEL2004529_14;MFD_SETNO14;42.9716;62.664883;263818;50;07-jul-04;11:18:38;32.566;2.464;4.4012;1.16261879844961;0.922;0.6755;2.278;NaN;NaN
TEL2004529_14;MFD_SETNO14;42.9716;62.664883;263819;25;07-jul-04;11:18:38;32.239;6.408;4.2347;0.954388565891473;0.516;0.329;0.19;NaN;NaN
TEL2004529_14;MFD_SETNO14;42.9716;62.664883;263820;5;07-jul-04;11:18:38;31.983;13.363;4.3866;0.439360465116279;0.7805;0.291;0.198;31.947;6.3295
TEL2004529_15;MFD_SETNO15;42.88085;63.065883;263821;139;07-jul-04;18:20:03;33.923;4.553;4.0207;0.0588476744186047;8.4705;1.016;12.812;33.916;6.017
TEL2004529_15;MFD_SETNO15;42.88085;63.065883;263822;50;07-jul-04;18:20:03;32.559;3.13;4.3524;0.278261627906977;2.867;0.883;5.0015;NaN;NaN
TEL2004529_15;MFD_SETNO15;42.88085;63.065883;263823;25;07-jul-04;18:20:03;32.078;9.909;4.0892;1.1973238372093;0.4565;0.3445;0.2255;NaN;NaN
TEL2004529_15;MFD_SETNO15;42.88085;63.065883;263824;5;07-jul-04;18:20:03;31.924;14.227;4.2288;0.607338178294574;0.4015;0.2725;0.1625;31.958;7.0445
TEL2004529_16;MFD_SETNO16;42.813117;63.120733;263825;215;07-jul-04;20:52:34;34.326;5.571;3.8595;0.0398087209302326;10.21;1.086;14.6245;34.224;5.4
TEL2004529_16;MFD_SETNO16;42.813117;63.120733;263826;50;07-jul-04;20:52:34;32.55;1.861;4.3588;1.82201453488372;1.2785;0.752;3.3555;NaN;NaN
TEL2004529_16;MFD_SETNO16;42.813117;63.120733;263827;25;07-jul-04;20:52:34;32.764;6.275;4.0681;1.76995697674419;0.5435;0.3755;0.244;NaN;NaN
TEL2004529_16;MFD_SETNO16;42.813117;63.120733;263828;5;07-jul-04;20:52:34;32.398;14.874;4.1298;0.642043217054264;0.5205;0.2805;0.2285;32.408;6.294
TEL2004529_17;MFD_SETNO17;42.879167;63.426867;263829;162;07-jul-04;23:16:32;34.289;6.29;3.9075;0.0294238372093023;10.301;1.0875;14.8535;34.289;5.2795
TEL2004529_17;MFD_SETNO17;42.879167;63.426867;263830;50;07-jul-04;23:16:32;32.733;3.038;4.5635;0.268498062015504;3.3915;0.861;5.5795;NaN;NaN
TEL2004529_17;MFD_SETNO17;42.879167;63.426867;263831;25;07-jul-04;23:16:32;32.452;4.598;4.3056;2.06494980620155;0.732;0.4805;0.7755;NaN;NaN
TEL2004529_17;MFD_SETNO17;42.879167;63.426867;263832;5;07-jul-04;23:16:32;31.917;13.251;4.4883;0.346606589147287;0.6855;0.263;0.193;31.907;6.533
TEL2004529_18;MFD_SETNO18;42.75795;63.507533;263833;586;08-jul-04;01:52:06;34.922;4.679;3.8702;0.00878720930232558;12.282;1.2425;19.5805;34.922;5.563
TEL2004529_18;MFD_SETNO18;42.75795;63.507533;263834;250;08-jul-04;01:52:06;35.111;8.444;2.6749;0.00878720930232558;14.047;1.41;24.278;35.11;3.703
TEL2004529_18;MFD_SETNO18;42.75795;63.507533;263835;100;08-jul-04;01:52:06;33.58;5.039;4.3572;0.0934639534883721;6.8225;0.9045;10.134;NaN;NaN
TEL2004529_18;MFD_SETNO18;42.75795;63.507533;263836;75;08-jul-04;01:52:06;32.933;2.839;4.5278;NaN;NaN;NaN;NaN;NaN;NaN
TEL2004529_18;MFD_SETNO18;42.75795;63.507533;263837;50;08-jul-04;01:52:06;32.778;3.325;4.5123;0.884978488372093;1.3375;0.4985;1.291;NaN;NaN
TEL2004529_18;MFD_SETNO18;42.75795;63.507533;263838;40;08-jul-04;01:52:06;32.691;4.758;4.5762;1.3882015503876;0.898;0.3945;0.306;NaN;NaN
TEL2004529_18;MFD_SETNO18;42.75795;63.507533;263839;30;08-jul-04;01:52:06;32.521;6.336;4.5377;1.12791375968992;0.834;0.322;0.099;NaN;NaN
TEL2004529_18;MFD_SETNO18;42.75795;63.507533;263840;20;08-jul-04;01:52:06;32.352;7.698;4.3185;0.815568410852713;1.1465;0.258;0.096;NaN;NaN
TEL2004529_18;MFD_SETNO18;42.75795;63.507533;263841;10;08-jul-04;01:52:06;32.02;12.179;4.3788;0.572633139534884;0.806;0.2445;0.0975;32.027;6.8415
TEL2004529_18;MFD_SETNO18;42.75795;63.507533;263842;1;08-jul-04;01:52:06;31.358;15.208;4.4738;NaN;NaN;NaN;NaN;NaN;NaN
TEL2004529_19;MFD_SETNO19;42.773283;63.973517;263843;256;08-jul-04;05:32:50;35.049;7.724;2.7408;0.0155773255813953;13.955;1.363;23.6385;35.05;3.906
TEL2004529_19;MFD_SETNO19;42.773283;63.973517;263844;50;08-jul-04;05:32:50;32.788;2.677;4.5196;0.322197674418605;2.8755;0.723;5.0235;NaN;NaN
TEL2004529_19;MFD_SETNO19;42.773283;63.973517;263845;25;08-jul-04;05:32:50;32.275;4.916;4.3479;0.585813953488372;0.979;0.338;0.1535;NaN;NaN
TEL2004529_19;MFD_SETNO19;42.773283;63.973517;263846;5;08-jul-04;05:32:50;30.962;14.758;4.4828;0.449124031007752;0.6695;0.207;0.1235;31.185;6.3855
TEL2004529_2;MFD_SETNO2;43.975667;63.051517;263464;223;06-jul-04;04:44:13;34.996;9.683;2.0213;NaN;21.285;1.6385;22.78;34.996;2.5195
TEL2004529_2;MFD_SETNO2;43.975667;63.051517;263465;50;06-jul-04;04:44:13;32.642;2.358;4.1432;0.444242248062016;1.7655;0.814;4.1075;NaN;NaN
TEL2004529_2;MFD_SETNO2;43.975667;63.051517;263466;25;06-jul-04;04:44:13;32.137;5.133;3.9661;0.576050387596899;0.515;0.4105;0;NaN;NaN
TEL2004529_2;MFD_SETNO2;43.975667;63.051517;263467;5;06-jul-04;04:44:13;31.245;13.6;3.9716;0.302670542635659;0.65;0.2825;0;31.239;6.101
TEL2004529_20;MFD_SETNO20;42.712967;63.996183;263847;585;08-jul-04;08:28:38;34.906;4.767;3.8622;0.00683449612403101;12.466;1.167;19.5935;34.932;5.4655
TEL2004529_20;MFD_SETNO20;42.712967;63.996183;263848;50;08-jul-04;08:28:38;34.035;11.031;4.667;0.711453294573643;1.272;0.257;0.4155;NaN;NaN
TEL2004529_20;MFD_SETNO20;42.712967;63.996183;263849;25;08-jul-04;08:28:38;31.951;8.788;4.2851;0.624690697674419;0.8165;0.254;0.1425;NaN;NaN
TEL2004529_20;MFD_SETNO20;42.712967;63.996183;263850;5;08-jul-04;08:28:38;31.375;15.212;4.2335;0.28802519379845;1.1525;0.2105;0.144;31.329;6.0745
TEL2004529_21;MFD_SETNO21;42.863633;63.90915;263851;123;08-jul-04;10:56:08;33.975;6.673;3.5559;0.0173081395348837;11.611;1.112;15.274;33.862;4.634
TEL2004529_21;MFD_SETNO21;42.863633;63.90915;263852;50;08-jul-04;10:56:08;32.445;1.825;4.4981;0.520575581395349;3.4265;0.726;4.6335;NaN;NaN
TEL2004529_21;MFD_SETNO21;42.863633;63.90915;263853;25;08-jul-04;10:56:08;32.221;2.128;4.1981;1.12791375968992;1.872;0.5725;1.8385;NaN;NaN
TEL2004529_21;MFD_SETNO21;42.863633;63.90915;263854;5;08-jul-04;10:56:08;30.985;14.138;4.4165;0.336843023255814;0.7465;0.217;0.1665;31.019;6.227
TEL2004529_22;MFD_SETNO22;43.126517;63.459183;263855;150;08-jul-04;14:17:57;34.863;9.245;3.2008;0.013846511627907;0;1.091;16.4375;34.861;5.428
TEL2004529_22;MFD_SETNO22;43.126517;63.459183;263856;50;08-jul-04;14:17:57;32.662;2.409;4.3444;0.209916666666667;0;0.828;7.5725;NaN;NaN
TEL2004529_22;MFD_SETNO22;43.126517;63.459183;263857;25;08-jul-04;14:17:57;32.335;5.744;4.188;0.590695736434108;0;0.416;0.199;NaN;NaN
TEL2004529_22;MFD_SETNO22;43.126517;63.459183;263858;5;08-jul-04;14:17:57;31.707;14.525;4.2275;0.283143410852713;0;0.235;0.091;31.736;7.853
TEL2004529_23;MFD_SETNO23;43.31585;63.786983;263859;164;08-jul-04;17:09:32;34.647;8.826;2.4317;0.0190389534883721;0;1.394;19.0075;34.603;3.1315
TEL2004529_23;MFD_SETNO23;43.31585;63.786983;263860;50;08-jul-04;17:09:32;32.469;1.817;4.4469;0.503223062015504;5.1265;0.875;5.5825;NaN;NaN
TEL2004529_23;MFD_SETNO23;43.31585;63.786983;263861;25;08-jul-04;17:09:32;32.237;3.963;4.3675;1.1973238372093;1.507;0.442;0.2325;NaN;NaN
TEL2004529_23;MFD_SETNO23;43.31585;63.786983;263862;5;08-jul-04;17:09:32;31.202;13.147;4.5627;0.607338178294574;0.8915;0.273;0.093;31.337;7.0895
TEL2004529_24;MFD_SETNO24;43.1066;64.07555;263863;89;08-jul-04;20:09:18;32.471;1.846;4.553;0.122044573643411;6.232;0.905;6.524;32.483;7.2095
TEL2004529_24;MFD_SETNO24;43.1066;64.07555;263864;50;08-jul-04;20:09:18;32.377;1.626;4.4002;0.151335271317829;6.121;0.909;6.4625;NaN;NaN
TEL2004529_24;MFD_SETNO24;43.1066;64.07555;263865;25;08-jul-04;20:09:18;32.198;4.17;4.3305;0.624868217054263;3.811;0.3645;0.342;NaN;NaN
TEL2004529_24;MFD_SETNO24;43.1066;64.07555;263866;5;08-jul-04;20:09:18;30.988;14.035;4.54;0.331961240310078;0.9975;0.2505;0.077;31.047;6.841
TEL2004529_25;MFD_SETNO25;43.237967;64.172383;263867;83;08-jul-04;22:24:27;32.88;2.976;4.2535;0.0571168604651163;8.12;1.0025;9.654;32.888;6.4825
TEL2004529_25;MFD_SETNO25;43.237967;64.172383;263868;50;08-jul-04;22:24:27;32.5;2.117;4.5678;0.503223062015504;3.504;0.7925;4.328;NaN;NaN
TEL2004529_25;MFD_SETNO25;43.237967;64.172383;263869;25;08-jul-04;22:24:27;32.141;5.489;4.4004;1.26673391472868;1.078;0.367;0.084;NaN;NaN
TEL2004529_25;MFD_SETNO25;43.237967;64.172383;263870;5;08-jul-04;22:24:27;30.983;14.362;4.4982;0.642043217054264;1.283;0.262;0.0545;31.275;6.994
TEL2004529_26;MFD_SETNO26;43.578917;63.658;263871;223;09-jul-04;02:07:59;34.928;9.554;1.6144;0.607338178294573;NaN;NaN;NaN;34.922;2.2975
TEL2004529_26;MFD_SETNO26;43.578917;63.658;263872;50;09-jul-04;02:07:59;32.498;2.213;4.4645;0.919683527131783;NaN;NaN;NaN;NaN;NaN
TEL2004529_26;MFD_SETNO26;43.578917;63.658;263873;25;09-jul-04;02:07:59;32.013;7.599;4.1334;0.297788759689922;NaN;NaN;NaN;NaN;NaN
TEL2004529_26;MFD_SETNO26;43.578917;63.658;263874;5;09-jul-04;02:07:59;30.975;15.147;4.274;NaN;NaN;NaN;NaN;31.153;6.5745
TEL2004529_27;MFD_SETNO27;44.091967;63.429517;263875;163;09-jul-04;22:11:03;34.389;8.037;2.8053;0.0207697674418605;16.706;1.296;17.9005;34.373;5.3645
TEL2004529_27;MFD_SETNO27;44.091967;63.429517;263876;50;09-jul-04;22:11:03;32.467;2.219;4.2437;0.624690697674419;2.262;0.655;2.251;NaN;NaN
TEL2004529_27;MFD_SETNO27;44.091967;63.429517;263877;25;09-jul-04;22:11:03;32.203;7.863;3.8419;0.884978488372093;1.023;0.317;0.0675;NaN;NaN
TEL2004529_27;MFD_SETNO27;44.091967;63.429517;263878;5;09-jul-04;22:11:03;31.414;15.382;3.8226;0.248970930232558;0.998;0.2435;0.047;31.462;6.691
TEL2004529_28;MFD_SETNO28;44.054567;63.9639;263879;120;10-jul-04;01:20:38;33.129;3.741;4.1056;0.0588476744186047;9.631;0.983;10.256;33.092;6.0065
TEL2004529_28;MFD_SETNO28;44.054567;63.9639;263880;50;10-jul-04;01:20:38;32.271;2.015;4.3124;0.485870542635659;4.326;0.749;3.9325;NaN;NaN
TEL2004529_28;MFD_SETNO28;44.054567;63.9639;263881;25;10-jul-04;01:20:38;31.723;5.552;4.2831;0.763510852713178;1.0325;0.32;0.093;NaN;NaN
TEL2004529_28;MFD_SETNO28;44.054567;63.9639;263882;5;10-jul-04;01:20:38;31.168;14.193;4.2919;0.555280620155039;1.0835;0.2575;0.0775;31.245;6.679
TEL2004529_29;MFD_SETNO29;43.464617;64.281367;263883;200;10-jul-04;06:04:54;34.794;9.226;1.9821;NaN;24.01;1.593;22.234;34.792;2.3355
TEL2004529_29;MFD_SETNO29;43.464617;64.281367;263884;50;10-jul-04;06:04:54;32.134;1.258;4.3186;0.122044573643411;5.1165;0.8555;5.552;NaN;NaN
TEL2004529_29;MFD_SETNO29;43.464617;64.281367;263885;25;10-jul-04;06:04:54;32.082;5.077;4.1807;1.07585620155039;1.3915;0.428;0.6445;NaN;NaN
TEL2004529_29;MFD_SETNO29;43.464617;64.281367;263886;5;10-jul-04;06:04:54;31.204;14.189;4.2466;0.659395736434109;1.297;0.261;0.0825;31.277;6.33
TEL2004529_3;MFD_SETNO3;43.7632;62.618583;263468;151;06-jul-04;09:16:52;34.534;8.129;3.2328;NaN;12.979;1.253;15.964;34.534;4.168
TEL2004529_3;MFD_SETNO3;43.7632;62.618583;263469;50;06-jul-04;09:16:52;32.728;3.378;4.1868;1.17997131782946;1.2485;0.636;1.9205;NaN;NaN
TEL2004529_3;MFD_SETNO3;43.7632;62.618583;263470;25;06-jul-04;09:16:52;32.547;7.1;3.993;0.867625968992248;0.4745;0.391;0;NaN;NaN
TEL2004529_3;MFD_SETNO3;43.7632;62.618583;263471;5;06-jul-04;09:16:52;31.48;14.626;4.0378;0.302670542635659;0.298;0.28;0;31.443;5.8985
TEL2004529_30;MFD_SETNO30;43.62645;64.490867;263887;156;10-jul-04;08:52:31;32.026;7.31;3.2543;NaN;17.057;1.2655;16.154;34.181;3.689
TEL2004529_30;MFD_SETNO30;43.62645;64.490867;263888;50;10-jul-04;08:52:31;31.946;0.741;4.7021;0.109041279069767;4.7295;0.879;5.2035;NaN;NaN
TEL2004529_30;MFD_SETNO30;43.62645;64.490867;263889;25;10-jul-04;08:52:31;31.607;1.775;4.53;0.902331007751938;3.43;0.688;2.9395;NaN;NaN
TEL2004529_30;MFD_SETNO30;43.62645;64.490867;263890;5;10-jul-04;08:52:31;30.876;13.611;5.0727;0.815568410852713;1.645;0.2965;0.228;31.088;6.7685
TEL2004529_31;MFD_SETNO31;43.406133;64.562833;263891;81;10-jul-04;11:06:35;32.204;1.418;4.8892;0.114233720930233;6.0955;0.8945;5.949;32.219;6.945
TEL2004529_31;MFD_SETNO31;43.406133;64.562833;263892;50;10-jul-04;11:06:35;32.122;1.417;4.7894;0.154042441860465;5.3345;0.8685;5.1805;NaN;NaN
TEL2004529_31;MFD_SETNO31;43.406133;64.562833;263893;25;10-jul-04;11:06:35;32.059;3.546;4.3595;0.919683527131783;1.3605;0.268;0.0595;NaN;NaN
TEL2004529_31;MFD_SETNO31;43.406133;64.562833;263894;5;10-jul-04;11:06:35;30.812;13.154;4.59;0.659395736434109;1.429;0.25;0;30.88;6.559
TEL2004529_32;MFD_SETNO32;43.331983;64.653717;263895;83;10-jul-04;12:36:00;32.318;1.563;4.564;0.0986563953488372;6.261;0.887;6.2455;32.328;6.867
TEL2004529_32;MFD_SETNO32;43.331983;64.653717;263896;50;10-jul-04;12:36:00;32.138;1.588;4.4034;0.209916666666667;5.1345;0.857;5.3045;NaN;NaN
TEL2004529_32;MFD_SETNO32;43.331983;64.653717;263897;25;10-jul-04;12:36:00;31.906;5.799;4.4574;1.1973238372093;1.2425;0.38;0.3415;NaN;NaN
TEL2004529_32;MFD_SETNO32;43.331983;64.653717;263898;5;10-jul-04;12:36:00;30.924;13.728;4.5075;0.380779069767442;0.849;0.2255;0;30.947;6.3595
TEL2004529_33;MFD_SETNO33;43.12605;64.710517;263899;127;10-jul-04;15:00:01;32.896;3.235;4.2616;0.0328854651162791;9.133;1.015;10.4605;32.907;5.958
TEL2004529_33;MFD_SETNO33;43.12605;64.710517;263900;50;10-jul-04;15:00:01;32.093;1.132;4.5074;0.322197674418605;4.5995;0.827;5.29;NaN;NaN
TEL2004529_33;MFD_SETNO33;43.12605;64.710517;263901;25;10-jul-04;15:00:01;31.786;4.083;4.5156;0.615104651162791;1.865;0.427;0.613;NaN;NaN
TEL2004529_33;MFD_SETNO33;43.12605;64.710517;263902;5;10-jul-04;15:00:01;30.918;13.642;4.5471;0.375897286821705;0.7155;0.2355;0;30.967;6.3975
TEL2004529_34;MFD_SETNO34;42.94775;64.2624;263903;112;10-jul-04;18:03:14;33.375;4.735;3.8613;0.112281007751938;11.2175;1.1055;11.979;33.387;5.475
TEL2004529_34;MFD_SETNO34;42.94775;64.2624;263904;50;10-jul-04;18:03:14;32.454;1.861;4.3615;0.248970930232558;4.953;0.8485;5.814;NaN;NaN
TEL2004529_34;MFD_SETNO34;42.94775;64.2624;263905;25;10-jul-04;18:03:14;32.033;6.177;4.5279;0.676748255813953;1.039;0.41;0.211;NaN;NaN
TEL2004529_34;MFD_SETNO34;42.94775;64.2624;263906;5;10-jul-04;18:03:14;30.993;14.066;4.5179;0.244089147286822;0.6725;0.2425;0;31.059;6.6355
TEL2004529_35;MFD_SETNO35;42.974217;64.739283;263907;84;10-jul-04;20:54:30;32.344;1.837;4.6381;0.126926356589147;5.477;0.875;6.554;32.364;7.0145
TEL2004529_35;MFD_SETNO35;42.974217;64.739283;263908;50;10-jul-04;20:54:30;32.346;1.783;4.3372;0.151335271317829;5.432;0.8765;6.5105;NaN;NaN
TEL2004529_35;MFD_SETNO35;42.974217;64.739283;263909;25;10-jul-04;20:54:30;32;3.358;4.3108;1.07585620155039;2.7515;0.6415;2.4085;NaN;NaN
TEL2004529_35;MFD_SETNO35;42.974217;64.739283;263910;5;10-jul-04;20:54:30;31.005;13.895;4.3874;0.302670542635659;0.7265;0.25;0.0095;31.063;6.6025
TEL2004529_36;MFD_SETNO36;42.9181;64.652233;263911;89;10-jul-04;22:12:26;32.308;1.35;4.6121;0.117162790697674;5.806;0.934;7.115;32.32;8.103
TEL2004529_36;MFD_SETNO36;42.9181;64.652233;263912;50;10-jul-04;22:12:26;32.31;1.381;4.3717;0.141571705426357;5.5185;0.8975;6.218;NaN;NaN
TEL2004529_36;MFD_SETNO36;42.9181;64.652233;263913;25;10-jul-04;22:12:26;31.876;4.285;4.4643;1.28408643410853;1.334;0.445;0;NaN;NaN
TEL2004529_36;MFD_SETNO36;42.9181;64.652233;263914;5;10-jul-04;22:12:26;30.943;13.997;4.5279;0.28802519379845;0.629;0.2585;0;30.997;7.51
TEL2004529_37;MFD_SETNO37;43.12635;65.297733;263915;107;11-jul-04;02:15:47;32.526;2.085;4.6163;0.0450011627906977;6.851;0.951;8.064;32.538;7.6785
TEL2004529_37;MFD_SETNO37;43.12635;65.297733;263916;50;11-jul-04;02:15:47;31.984;1.315;4.7131;0.183466279069767;4.292;0.849;5.044;NaN;NaN
TEL2004529_37;MFD_SETNO37;43.12635;65.297733;263917;25;11-jul-04;02:15:47;31.548;5.534;4.8434;0.659395736434109;2.1895;0.63;2.2015;NaN;NaN
TEL2004529_37;MFD_SETNO37;43.12635;65.297733;263918;5;11-jul-04;02:15:47;30.926;12.235;4.9392;0.322197674418605;0.81;0.2885;0;31.101;8.2315
TEL2004529_39;MFD_SETNO39;43.374583;65.220617;263919;118;11-jul-04;08:03:11;32.674;2.541;4.4695;0.0346162790697674;8.6935;1.004;9.151;32.686;7.372
TEL2004529_39;MFD_SETNO39;43.374583;65.220617;263920;100;11-jul-04;08:03:11;32.616;2.377;4.5761;0.0346162790697674;7.685;0.9745;8.2825;NaN;NaN
TEL2004529_39;MFD_SETNO39;43.374583;65.220617;263921;80;11-jul-04;08:03:11;32.309;1.479;4.7654;0.0865406976744186;5.641;0.921;6.4345;NaN;NaN
TEL2004529_39;MFD_SETNO39;43.374583;65.220617;263922;60;11-jul-04;08:03:11;32.107;1.375;4.7728;0.126349418604651;4.7655;0.8755;5.437;NaN;NaN
TEL2004529_39;MFD_SETNO39;43.374583;65.220617;263923;50;11-jul-04;08:03:11;32.046;1.48;4.759;0.283143410852713;4.732;0.8115;4.783;NaN;NaN
TEL2004529_39;MFD_SETNO39;43.374583;65.220617;263924;40;11-jul-04;08:03:11;31.935;2.225;4.7619;0.434478682170543;3.304;0.716;3.4825;NaN;NaN
TEL2004529_39;MFD_SETNO39;43.374583;65.220617;263925;30;11-jul-04;08:03:11;31.77;4.188;4.7981;0.624690697674419;2.7875;0.586;1.8505;NaN;NaN
TEL2004529_39;MFD_SETNO39;43.374583;65.220617;263926;20;11-jul-04;08:03:11;31.518;6.559;4.9081;0.642043217054264;1.2645;0.35;0.0965;NaN;NaN
TEL2004529_39;MFD_SETNO39;43.374583;65.220617;263927;10;11-jul-04;08:03:11;31.214;9.586;4.6998;0.400306201550388;0.7415;0.306;0;NaN;NaN
TEL2004529_39;MFD_SETNO39;43.374583;65.220617;263928;1;11-jul-04;08:03:11;30.377;13.07;4.6449;0.390542635658915;0.598;0.269;0.002;30.861;7.5415
TEL2004529_4;MFD_SETNO4;43.709567;62.430183;263472;102;06-jul-04;11:14:55;33.327;3.35;4.089;0.0709633720930233;6.672;1.064;9.5175;33.321;6.121
TEL2004529_4;MFD_SETNO4;43.709567;62.430183;263473;50;06-jul-04;11:14:55;32.72;2.971;4.2069;0.971741085271318;1.0365;0.6625;1.8935;NaN;NaN
TEL2004529_4;MFD_SETNO4;43.709567;62.430183;263474;25;06-jul-04;11:14:55;32.48;5.354;3.9316;1.02379864341085;0.514;0.395;0;NaN;NaN
TEL2004529_4;MFD_SETNO4;43.709567;62.430183;263475;5;06-jul-04;11:14:55;31.806;14.267;4.0476;0.234325581395349;0.451;0.304;0;31.821;5.887
TEL2004529_40;MFD_SETNO40;42.951567;65.6472;263929;141;11-jul-04;12:31:23;32.337;2.163;4.7948;0.112281007751938;6.0575;0.8935;6.5925;32.344;8.006
TEL2004529_40;MFD_SETNO40;42.951567;65.6472;263930;50;11-jul-04;12:31:23;32.226;2.12;4.6799;0.165980620155039;5.4145;0.8575;6.144;NaN;NaN
TEL2004529_40;MFD_SETNO40;42.951567;65.6472;263931;25;11-jul-04;12:31:23;31.901;6.467;5.0441;2.32523759689923;2.3445;0.4945;1.6555;NaN;NaN
TEL2004529_40;MFD_SETNO40;42.951567;65.6472;263932;5;11-jul-04;12:31:23;31.528;9.861;5.253;2.56817286821705;0.973;0.3985;0.4575;31.746;8.6735
TEL2004529_41;MFD_SETNO41;42.85055;65.343183;263933;127;11-jul-04;15:07:30;32.849;3.112;4.3624;0.0328854651162791;8.7845;1.0515;10.373;32.825;7.092
TEL2004529_41;MFD_SETNO41;42.85055;65.343183;263934;100;11-jul-04;15:07:30;32.488;1.986;4.725;0.0380779069767442;6.939;0.974;8.3445;NaN;NaN
TEL2004529_41;MFD_SETNO41;42.85055;65.343183;263935;80;11-jul-04;15:07:30;32.284;2.251;4.7148;0.103848837209302;4.797;0.8775;6.181;NaN;NaN
TEL2004529_41;MFD_SETNO41;42.85055;65.343183;263936;60;11-jul-04;15:07:30;32.233;2.667;4.7185;0.112502906976744;5.2945;0.8125;5.5175;NaN;NaN
TEL2004529_41;MFD_SETNO41;42.85055;65.343183;263937;50;11-jul-04;15:07:30;32.21;2.679;4.6584;0.140195930232558;5.3295;0.8175;5.6175;NaN;NaN
TEL2004529_41;MFD_SETNO41;42.85055;65.343183;263938;40;11-jul-04;15:07:30;32.098;2.828;4.6273;0.27337984496124;4.7215;0.773;4.9465;NaN;NaN
TEL2004529_41;MFD_SETNO41;42.85055;65.343183;263939;30;11-jul-04;15:07:30;31.913;4.175;4.6691;2.03024476744186;2.5775;0.5745;2.2945;NaN;NaN
TEL2004529_41;MFD_SETNO41;42.85055;65.343183;263940;20;11-jul-04;15:07:30;31.489;7.552;4.7586;1.47496414728682;1.221;0.3695;0.1165;NaN;NaN
TEL2004529_41;MFD_SETNO41;42.85055;65.343183;263941;10;11-jul-04;15:07:30;31.354;11.683;4.7678;0.798215891472868;0.7975;0.273;0.039;NaN;NaN
TEL2004529_41;MFD_SETNO41;42.85055;65.343183;263942;1;11-jul-04;15:07:30;31.114;12.288;4.587;0.659395736434109;0.909;0.361;0.0495;31.277;7.975
TEL2004529_42;MFD_SETNO42;42.678417;65.498183;263943;94;11-jul-04;18:00:27;32.33;3.64;4.9759;0.131808139534884;5.3585;0.7905;5.38;32.328;7.123
TEL2004529_42;MFD_SETNO42;42.678417;65.498183;263944;50;11-jul-04;18:00:27;32.185;3.114;5.0136;0.13668992248062;5.125;0.7865;4.967;NaN;NaN
TEL2004529_42;MFD_SETNO42;42.678417;65.498183;263945;25;11-jul-04;18:00:27;32.224;3.1;4.7958;0.141571705426357;5.278;0.797;5.1425;NaN;NaN
TEL2004529_42;MFD_SETNO42;42.678417;65.498183;263946;5;11-jul-04;18:00:27;31.649;10.125;5.241;0.732267441860465;1.821;0.4065;0.8745;31.719;7.5
TEL2004529_44;MFD_SETNO44;42.607917;65.731533;263947;89;11-jul-04;21:42:17;32.425;3.646;4.8073;0.161098837209302;4.438;0.713;5.017;32.441;7.4345
TEL2004529_44;MFD_SETNO44;42.607917;65.731533;263948;50;11-jul-04;21:42:17;32.43;3.634;4.706;0.180625968992248;5.0765;0.7785;5.584;NaN;NaN
TEL2004529_44;MFD_SETNO44;42.607917;65.731533;263949;25;11-jul-04;21:42:17;32.067;5.766;4.792;0.798215891472868;3.6545;0.6035;3.1685;NaN;NaN
TEL2004529_44;MFD_SETNO44;42.607917;65.731533;263950;5;11-jul-04;21:42:17;31.587;10.492;5.1559;0.832920930232558;1.7875;0.3795;0.474;31.717;7.904
TEL2004529_45;MFD_SETNO45;42.755467;65.833867;263951;98;11-jul-04;23:42:39;32.37;5.145;4.9304;0.317315891472868;4.726;0.7095;4.982;32.376;6.765
TEL2004529_45;MFD_SETNO45;42.755467;65.833867;263952;50;11-jul-04;23:42:39;32.398;5.504;4.9398;0.434478682170543;4.9245;0.736;5.2765;NaN;NaN
TEL2004529_45;MFD_SETNO45;42.755467;65.833867;263953;25;11-jul-04;23:42:39;32.294;6.467;5.2982;1.35349651162791;4.3085;0.687;4.754;NaN;NaN
TEL2004529_45;MFD_SETNO45;42.755467;65.833867;263954;5;11-jul-04;23:42:39;31.689;7.393;5.5635;1.85671957364341;1.0765;0.355;0.0855;31.726;7.4505
TEL2004529_48;MFD_SETNO48;42.7633;66.01235;263955;73;12-jul-04;04:36:01;32.457;6.066;4.9126;0.937036046511628;4.3935;0.699;5.1045;32.472;6.671
TEL2004529_48;MFD_SETNO48;42.7633;66.01235;263956;50;12-jul-04;04:36:01;32.454;6.092;4.9039;1.07585620155039;4.3425;0.6985;5.0485;NaN;NaN
TEL2004529_48;MFD_SETNO48;42.7633;66.01235;263957;25;12-jul-04;04:36:01;32.417;6.296;4.9161;NaN;NaN;NaN;NaN;NaN;NaN
TEL2004529_48;MFD_SETNO48;42.7633;66.01235;263958;5;12-jul-04;04:36:01;32.337;7.3;5.0594;2.34259011627907;3.321;0.5635;3.0045;32.301;7.0855
TEL2004529_49;MFD_SETNO49;42.808117;66.232417;263959;47;12-jul-04;06:55:41;32.543;5.834;4.8561;1.00644612403101;4.5685;0.703;5.352;32.558;6.666
TEL2004529_49;MFD_SETNO49;42.808117;66.232417;263960;32;12-jul-04;06:55:41;32.52;5.898;4.8503;1.14526627906977;4.5405;0.702;5.414;NaN;NaN
TEL2004529_49;MFD_SETNO49;42.808117;66.232417;263961;20;12-jul-04;06:55:41;32.364;6.433;4.9512;NaN;NaN;NaN;NaN;NaN;NaN
TEL2004529_49;MFD_SETNO49;42.808117;66.232417;263962;5;12-jul-04;06:55:41;32.266;6.841;4.9714;2.16906492248062;3.643;0.6195;3.741;32.315;6.907
TEL2004529_5;MFD_SETNO5;43.59335;62.2449;263476;90;06-jul-04;13:40:09;32.934;2.444;4.0997;0.0969255813953488;7.341;0.985;7.991;32.944;6.3195
TEL2004529_5;MFD_SETNO5;43.59335;62.2449;263477;50;06-jul-04;13:40:09;32.707;2.619;4.1245;1.05850368217054;2.6885;0.779;3.271;NaN;NaN
TEL2004529_5;MFD_SETNO5;43.59335;62.2449;263478;25;06-jul-04;13:40:09;32.171;7.476;3.8758;0.572633139534884;0.7135;0.328;0;NaN;NaN
TEL2004529_5;MFD_SETNO5;43.59335;62.2449;263479;5;06-jul-04;13:40:09;31.962;13.902;3.9558;0.180625968992248;0.642;0.3225;0;31.971;5.8725
TEL2004529_50;MFD_SETNO50;43.019483;66.786083;263963;142;12-jul-04;11:01:37;34.098;7.142;3.9625;0.0398087209302326;9.7175;1.0565;13.725;34.086;5.2895
TEL2004529_50;MFD_SETNO50;43.019483;66.786083;263964;50;12-jul-04;11:01:37;32.689;4.937;4.6299;0.200153100775194;5.4525;0.801;7.428;NaN;NaN
TEL2004529_50;MFD_SETNO50;43.019483;66.786083;263965;25;12-jul-04;11:01:37;31.885;8.209;4.6676;0.884978488372093;2.5205;0.517;2.1005;NaN;NaN
TEL2004529_50;MFD_SETNO50;43.019483;66.786083;263966;5;12-jul-04;11:01:37;31.695;11.812;4.843;0.902331007751938;1.9085;0.3455;0;31.686;6.8465
TEL2004529_51;MFD_SETNO51;43.17025;67.013167;263967;179;12-jul-04;14:29:27;34.375;7.517;3.7055;0.0311546511627907;12.516;1.179;16.3685;32.09;5.263
TEL2004529_51;MFD_SETNO51;43.17025;67.013167;263968;50;12-jul-04;14:29:27;32.528;4.084;4.7983;NaN;NaN;NaN;NaN;NaN;NaN
TEL2004529_51;MFD_SETNO51;43.17025;67.013167;263969;25;12-jul-04;14:29:27;32.11;6.476;5.0614;1.94348217054264;2.3275;0.3775;0.435;NaN;NaN
TEL2004529_51;MFD_SETNO51;43.17025;67.013167;263970;5;12-jul-04;14:29:27;32.093;9.559;5.185;2.13435988372093;2.8535;0.515;2.216;34.399;8.3065
TEL2004529_52;MFD_SETNO52;43.831483;66.287133;263971;43;12-jul-04;20:39:01;31.726;8.074;5.057;1.11056124031008;2.6685;0.5665;2.2195;31.733;7.358
TEL2004529_52;MFD_SETNO52;43.831483;66.287133;263972;25;12-jul-04;20:39:01;31.718;8.33;5.0459;1.24938139534884;2.57;0.5525;2.0895;NaN;NaN
TEL2004529_52;MFD_SETNO52;43.831483;66.287133;263973;5;12-jul-04;20:39:01;31.718;8.793;4.9422;1.40555406976744;2.2615;0.5325;1.8715;31.722;7.4595
TEL2004529_53;MFD_SETNO53;43.935717;66.463117;263974;77;12-jul-04;22:52:30;32.125;7.28;5.0404;0.867625968992248;3.937;0.651;3.94;32.134;6.665
TEL2004529_53;MFD_SETNO53;43.935717;66.463117;263975;50;12-jul-04;22:52:30;32.104;7.332;5.0524;0.884978488372093;3.956;0.6455;3.866;NaN;NaN
TEL2004529_53;MFD_SETNO53;43.935717;66.463117;263976;25;12-jul-04;22:52:30;32.033;7.533;5.0708;0.815568410852713;3.6465;0.616;3.426;NaN;NaN
TEL2004529_53;MFD_SETNO53;43.935717;66.463117;263977;5;12-jul-04;22:52:30;31.967;7.632;4.9013;0.884978488372093;3.665;0.6265;3.441;31.986;6.7915
TEL2004529_54;MFD_SETNO54;43.863317;66.649117;263978;94;13-jul-04;01:19:44;32.66;5.931;4.7428;0.642043217054264;6.237;0.8115;7.5355;32.674;6.252
TEL2004529_54;MFD_SETNO54;43.863317;66.649117;263979;50;13-jul-04;01:19:44;32.422;6.634;5.1589;0.763510852713178;5.987;0.9125;7.489;NaN;NaN
TEL2004529_54;MFD_SETNO54;43.863317;66.649117;263980;25;13-jul-04;01:19:44;32.275;7.561;5.5829;4.46931666666667;2.6735;0.5915;3.343;NaN;NaN
TEL2004529_54;MFD_SETNO54;43.863317;66.649117;263981;5;13-jul-04;01:19:44;32.13;8.422;5.5189;5.24884864341085;1.305;0.421;0.648;32.177;7.4755
TEL2004529_56;MFD_SETNO56;44.07025;66.530983;263982;111;13-jul-04;05:49:09;32.434;6.918;4.9602;1.28408643410853;4.685;0.719;5.4095;32.444;6.714
TEL2004529_56;MFD_SETNO56;44.07025;66.530983;263983;50;13-jul-04;05:49:09;32.091;7.88;5.2983;1.90877713178295;2.7925;0.6005;3.3365;NaN;NaN
TEL2004529_56;MFD_SETNO56;44.07025;66.530983;263984;25;13-jul-04;05:49:09;32.104;8.362;5.3623;2.63758294573643;2.078;0.539;1.8195;NaN;NaN
TEL2004529_56;MFD_SETNO56;44.07025;66.530983;263985;5;13-jul-04;05:49:09;32.094;8.363;5.2289;3.58584709302326;1.699;0.4905;1.2475;32.103;9.0105
TEL2004529_57;MFD_SETNO57;44.726667;66.362967;263986;141;13-jul-04;10:18:40;32.841;5.783;4.4977;0.180625968992248;8.104;0.9685;10.235;32.854;6.0995
TEL2004529_57;MFD_SETNO57;44.726667;66.362967;263987;50;13-jul-04;10:18:40;32.635;5.902;4.6155;0.180625968992248;6.775;0.8755;8.899;NaN;NaN
TEL2004529_57;MFD_SETNO57;44.726667;66.362967;263988;25;13-jul-04;10:18:40;32.317;6.798;4.9036;0.832920930232558;4.5345;0.7185;6.242;NaN;NaN
TEL2004529_57;MFD_SETNO57;44.726667;66.362967;263989;5;13-jul-04;10:18:40;32.04;8.797;5.4113;3.22206550387597;0.543;0.348;0.575;32.059;7.5165
TEL2004529_6;MFD_SETNO6;43.536117;62.500817;263480;77;06-jul-04;16:13:25;32.942;2.178;4.1744;0.078108527131783;6.064;0.962;7.2375;32.95;6.3215
TEL2004529_6;MFD_SETNO6;43.536117;62.500817;263481;60;06-jul-04;16:13:25;32.912;2.128;4.1008;0.0976356589147287;5.96;0.9625;7.1185;NaN;NaN
TEL2004529_6;MFD_SETNO6;43.536117;62.500817;263482;50;06-jul-04;16:13:25;32.629;1.927;4.0941;0.13668992248062;3.898;0.9025;5.637;NaN;NaN
TEL2004529_6;MFD_SETNO6;43.536117;62.500817;263483;40;06-jul-04;16:13:25;32.521;2.768;4.0427;0.429596899224806;1.021;0.7345;2.693;NaN;NaN
TEL2004529_6;MFD_SETNO6;43.536117;62.500817;263484;30;06-jul-04;16:13:25;32.488;7.652;4.0746;1.14526627906977;0.5875;0.633;1.493;NaN;NaN
TEL2004529_6;MFD_SETNO6;43.536117;62.500817;263485;20;06-jul-04;16:13:25;32.246;11.197;3.9655;1.12791375968992;0.3445;0.364;0;NaN;NaN
TEL2004529_6;MFD_SETNO6;43.536117;62.500817;263486;10;06-jul-04;16:13:25;32.085;13.803;4.114;0.454005813953488;0.283;0.316;0;NaN;NaN
TEL2004529_6;MFD_SETNO6;43.536117;62.500817;263487;1;06-jul-04;16:13:25;32.073;13.82;4.0113;0.244089147286822;0.295;0.2975;0;32.093;5.92
TEL2004529_60;MFD_SETNO60;44.687167;65.970117;263990;81;13-jul-04;15:19:15;32.329;6.815;4.8017;0.607338178294574;4.334;0.7225;5.7465;32.345;6.9835
TEL2004529_60;MFD_SETNO60;44.687167;65.970117;263991;50;13-jul-04;15:19:15;32.322;6.926;4.7804;0.624690697674419;4.5895;0.7335;6.0525;NaN;NaN
TEL2004529_60;MFD_SETNO60;44.687167;65.970117;263992;25;13-jul-04;15:19:15;32.318;7.087;4.7349;0.746158333333333;4.2585;0.712;5.765;NaN;NaN
TEL2004529_60;MFD_SETNO60;44.687167;65.970117;263993;5;13-jul-04;15:19:15;32.23;8.798;4.7896;0.832920930232558;2.821;0.58;3.4535;32.269;7.2465
TEL2004529_61;MFD_SETNO61;44.8613;65.8537;263994;96;13-jul-04;17:26:53;32.311;6.732;4.8557;0.989093604651163;4.1595;0.73;5.662;32.323;7.048
TEL2004529_61;MFD_SETNO61;44.8613;65.8537;263995;50;13-jul-04;17:26:53;32.285;6.88;4.8085;0.676748255813953;3.862;0.714;5.1505;NaN;NaN
TEL2004529_61;MFD_SETNO61;44.8613;65.8537;263996;25;13-jul-04;17:26:53;32.284;7.107;4.7087;0.624690697674419;3.712;0.6895;4.857;NaN;NaN
TEL2004529_61;MFD_SETNO61;44.8613;65.8537;263997;5;13-jul-04;17:26:53;31.832;12.303;5.3849;0.607338178294574;1.597;0.405;1.6915;32.053;7.422
TEL2004529_62;MFD_SETNO62;44.915383;65.449817;263701;75;13-jul-04;20:30:45;32.154;7.883;4.9677;0.433812984496124;3.0485;0.728;3.421;32.169;7.0635
TEL2004529_62;MFD_SETNO62;44.915383;65.449817;263702;50;13-jul-04;20:30:45;32.152;7.907;4.928;0.433812984496124;2.886;0.7075;3.2805;NaN;NaN
TEL2004529_62;MFD_SETNO62;44.915383;65.449817;263703;25;13-jul-04;20:30:45;32.147;8.012;4.8197;0.537928100775194;2.8965;0.682;3.159;NaN;NaN
TEL2004529_62;MFD_SETNO62;44.915383;65.449817;263704;5;13-jul-04;20:30:45;32.146;8.42;4.5651;0.520575581395349;3.4895;0.715;3.353;32.151;7.092
TEL2004529_63;MFD_SETNO63;44.988667;65.357817;263705;70;13-jul-04;22:32:57;32.131;7.79;5.0377;0.468518023255814;2.1235;0.657;2.852;32.149;7.2175
TEL2004529_63;MFD_SETNO63;44.988667;65.357817;263706;50;13-jul-04;22:32:57;32.133;7.79;4.9841;0.451165503875969;2.5505;0.7405;3.3495;NaN;NaN
TEL2004529_63;MFD_SETNO63;44.988667;65.357817;263707;25;13-jul-04;22:32:57;32.147;7.87;4.856;0.433812984496124;2.692;0.744;3.4055;NaN;NaN
TEL2004529_63;MFD_SETNO63;44.988667;65.357817;263708;5;13-jul-04;22:32:57;32.172;8.572;4.622;0.520575581395349;3.022;0.6955;3.185;32.155;7.137
TEL2004529_64;MFD_SETNO64;45.031;65.569017;263709;78;14-jul-04;00:26:03;32.185;7.452;5.0002;0.468518023255814;2.95;0.672;3.4925;32.202;7.1885
TEL2004529_64;MFD_SETNO64;45.031;65.569017;263710;50;14-jul-04;00:26:03;32.186;7.456;4.9616;0.361251937984496;2.9815;0.7;3.4815;NaN;NaN
TEL2004529_64;MFD_SETNO64;45.031;65.569017;263711;25;14-jul-04;00:26:03;32.19;7.478;4.8786;0.34172480620155;3.1935;0.717;3.731;NaN;NaN
TEL2004529_64;MFD_SETNO64;45.031;65.569017;263712;5;14-jul-04;00:26:03;32.169;8.443;4.7753;0.268498062015504;3.135;0.673;3.5055;32.204;7.233
TEL2004529_65;MFD_SETNO65;45.223867;65.2592;263713;55;14-jul-04;02:47:25;31.744;8.487;5.1828;2.96222151162791;1.6675;0.6115;2.9265;31.75;7.3585
TEL2004529_65;MFD_SETNO65;45.223867;65.2592;263714;25;14-jul-04;02:47:25;31.663;8.656;5.1397;1.97481434108527;1.4695;0.5715;2.987;NaN;NaN
TEL2004529_65;MFD_SETNO65;45.223867;65.2592;263715;5;14-jul-04;02:47:25;31.635;8.694;4.7927;0.850273449612403;1.4605;0.5545;3.1015;31.646;7.4865
TEL2004529_66;MFD_SETNO66;45.17155;65.550117;263716;70;14-jul-04;04:35:18;32.015;7.521;5.1993;0.642043217054263;1.843;0.6285;3.4445;32.035;7.2785
TEL2004529_66;MFD_SETNO66;45.17155;65.550117;263717;50;14-jul-04;04:35:18;31.991;7.549;5.2125;0.746158333333333;2.0125;0.6445;3.65;NaN;NaN
TEL2004529_66;MFD_SETNO66;45.17155;65.550117;263718;25;14-jul-04;04:35:18;31.958;7.619;5.1961;0.728805813953488;1.8325;0.661;3.532;NaN;NaN
TEL2004529_66;MFD_SETNO66;45.17155;65.550117;263719;5;14-jul-04;04:35:18;31.926;8.032;5.0589;0.537928100775194;1.8005;0.6115;3.4675;31.958;7.389
TEL2004529_67;MFD_SETNO67;45.076233;66.073633;263720;78;14-jul-04;07:31:11;32.23;6.689;4.9545;0.190389534883721;3.762;0.737;4.891;32.246;7.092
TEL2004529_67;MFD_SETNO67;45.076233;66.073633;263721;42;14-jul-04;07:31:11;32.239;6.789;4.8856;0.214798449612403;3.812;0.7225;4.822;NaN;NaN
TEL2004529_67;MFD_SETNO67;45.076233;66.073633;263722;25;14-jul-04;07:31:11;32.234;7.206;4.88;NaN;3.5245;0.6925;4.276;NaN;NaN
TEL2004529_67;MFD_SETNO67;45.076233;66.073633;263723;5;14-jul-04;07:31:11;31.549;9.851;5.1914;0.434478682170543;1.826;0.5535;3.37;31.707;7.4755
TEL2004529_68;MFD_SETNO68;45.0124;66.605617;263724;50;14-jul-04;10:26:39;31.893;6.766;5.0114;1.17997131782946;5;0.7505;5.283;31.86;7.2075
TEL2004529_68;MFD_SETNO68;45.0124;66.605617;263725;25;14-jul-04;10:26:39;31.662;7.576;5.2137;1.61378430232558;3.634;0.655;4.4265;NaN;NaN
TEL2004529_68;MFD_SETNO68;45.0124;66.605617;263726;5;14-jul-04;10:26:39;31.356;8.968;5.3962;3.17009670542636;1.877;0.4525;2.268;31.409;7.7575
TEL2004529_69;MFD_SETNO69;44.864367;66.795733;263727;147;14-jul-04;12:45:06;32.385;5.971;4.7973;0.21968023255814;6.335;0.8375;8.097;32.386;6.899
TEL2004529_69;MFD_SETNO69;44.864367;66.795733;263728;50;14-jul-04;12:45:06;31.872;6.877;5.0122;0.522350775193798;4.2035;0.715;5.4255;NaN;NaN
TEL2004529_69;MFD_SETNO69;44.864367;66.795733;263729;25;14-jul-04;12:45:06;31.74;7.253;5.0222;1.09320872093023;3.3645;0.6295;4.326;NaN;NaN
TEL2004529_69;MFD_SETNO69;44.864367;66.795733;263730;5;14-jul-04;12:45:06;31.304;8.954;5.1885;2.01289224806202;2.231;0.5145;3.0155;31.352;7.654
TEL2004529_7;MFD_SETNO7;43.419017;62.08175;263488;97;06-jul-04;19:26:58;32.875;2.108;4.2755;0.0501936046511628;7.301;0.992;7.1425;32.885;6.5855
TEL2004529_7;MFD_SETNO7;43.419017;62.08175;263489;50;06-jul-04;19:26:58;32.504;2.934;4.3534;0.884978488372093;0.592;0.6095;1.188;NaN;NaN
TEL2004529_7;MFD_SETNO7;43.419017;62.08175;263490;25;06-jul-04;19:26:58;32.193;7.141;4.1604;0.711453294573643;0.6425;0.3665;0;NaN;NaN
TEL2004529_7;MFD_SETNO7;43.419017;62.08175;263491;5;06-jul-04;19:26:58;32.009;13.549;4.1407;0.195271317829457;0.5705;0.337;0;32.021;6.1955
TEL2004529_70;MFD_SETNO70;44.15935;66.955117;263731;162;14-jul-04;18:11:02;33.377;5.635;4.1967;0.0536996124031008;10.643;1.081;13.021;33.391;6.062
TEL2004529_70;MFD_SETNO70;44.15935;66.955117;263732;50;14-jul-04;18:11:02;32.533;6.09;4.7017;0.42471511627907;4.8905;0.733;6.097;NaN;NaN
TEL2004529_70;MFD_SETNO70;44.15935;66.955117;263733;25;14-jul-04;18:11:02;32.422;7.634;4.7691;1.28408643410853;2.784;0.6025;3.327;NaN;NaN
TEL2004529_70;MFD_SETNO70;44.15935;66.955117;263734;5;14-jul-04;18:11:02;32.2;11.113;4.9608;1.16261879844961;1.5765;0.3595;0.575;32.223;7.216
TEL2004529_71;MFD_SETNO71;43.409;67.501567;263735;196;15-jul-04;00:56:29;34.191;7.128;3.6573;0.0259622093023256;13.0635;1.1865;15.333;34.202;5.563
TEL2004529_71;MFD_SETNO71;43.409;67.501567;263736;50;15-jul-04;00:56:29;32.527;6.455;4.6576;0.520575581395349;4.2875;0.6995;5.619;NaN;NaN
TEL2004529_71;MFD_SETNO71;43.409;67.501567;263737;25;15-jul-04;00:56:29;32.245;9.813;4.8199;2.27318003875969;2.368;0.459;1.4405;NaN;NaN
TEL2004529_71;MFD_SETNO71;43.409;67.501567;263738;5;15-jul-04;00:56:29;32.098;11.994;4.8109;1.14526627906977;1.153;0.304;0;32.132;7.69
TEL2004529_72;MFD_SETNO72;42.761433;67.3127;263739;197;15-jul-04;05:57:37;34.808;8.487;3.304;NaN;11.9425;1.2165;17.5245;34.821;5.006
TEL2004529_72;MFD_SETNO72;42.761433;67.3127;263740;50;15-jul-04;05:57:37;32.543;5.948;4.6819;0.433812984496124;4.4815;0.7405;6.057;NaN;NaN
TEL2004529_72;MFD_SETNO72;42.761433;67.3127;263741;25;15-jul-04;05:57:37;32.155;10.399;4.9446;1.87407209302326;1.2875;0.355;0.0085;NaN;NaN
TEL2004529_72;MFD_SETNO72;42.761433;67.3127;263742;5;15-jul-04;05:57:37;31.996;12.851;4.7617;1.00644612403101;0.6335;0.286;0;32.035;7.449
TEL2004529_73;MFD_SETNO73;42.572983;67.391567;263743;269;15-jul-04;08:13:50;34.934;8.488;3.128;NaN;14.034;1.2825;18.9945;34.945;4.719
TEL2004529_73;MFD_SETNO73;42.572983;67.391567;263744;50;15-jul-04;08:13:50;32.774;5.063;4.5019;0.239207364341085;5.016;0.8185;7.344;NaN;NaN
TEL2004529_73;MFD_SETNO73;42.572983;67.391567;263745;25;15-jul-04;08:13:50;32.411;8.296;5.0288;1.49231666666667;3.0705;0.5075;1.094;NaN;NaN
TEL2004529_73;MFD_SETNO73;42.572983;67.391567;263746;5;15-jul-04;08:13:50;31.975;14.483;4.4244;0.711453294573643;1.9045;0.318;0;32.069;7.1595
TEL2004529_74;MFD_SETNO74;42.835117;67.053117;263747;212;15-jul-04;11:24:23;34.689;8.241;3.4374;NaN;11.672;1.2145;17.343;34.686;5.172
TEL2004529_74;MFD_SETNO74;42.835117;67.053117;263748;50;15-jul-04;11:24:23;32.801;4.475;4.6435;0.239207364341085;4.306;0.778;6.217;NaN;NaN
TEL2004529_74;MFD_SETNO74;42.835117;67.053117;263749;25;15-jul-04;11:24:23;32.252;7.324;4.8498;1.17997131782946;2.082;0.49;1.237;NaN;NaN
TEL2004529_74;MFD_SETNO74;42.835117;67.053117;263750;5;15-jul-04;11:24:23;31.648;10.832;5.0177;1.30143895348837;0.854;0.3645;0.0205;31.702;7.759
TEL2004529_75;MFD_SETNO75;42.348183;66.9578;263751;323;15-jul-04;15:43:32;34.895;8.274;3.2732;NaN;12.3495;1.26;18.556;34.903;4.4145
TEL2004529_75;MFD_SETNO75;42.348183;66.9578;263752;50;15-jul-04;15:43:32;32.869;4.647;4.5554;0.151335271317829;7.2535;0.9545;9.6675;NaN;NaN
TEL2004529_75;MFD_SETNO75;42.348183;66.9578;263753;25;15-jul-04;15:43:32;32.41;7.267;4.8116;0.937036046511628;3.6705;0.6765;4.2815;NaN;NaN
TEL2004529_75;MFD_SETNO75;42.348183;66.9578;263754;5;15-jul-04;15:43:32;31.932;15.705;4.8171;0.780863372093023;1.3275;0.3045;0.04;31.976;6.0895
TEL2004529_76;MFD_SETNO76;42.451683;66.849967;263755;338;15-jul-04;17:37:44;34.916;8.366;3.1995;NaN;13.191;1.2935;19.2845;34.927;5.014
TEL2004529_76;MFD_SETNO76;42.451683;66.849967;263756;50;15-jul-04;17:37:44;32.728;5.073;4.7139;0.244089147286822;4.475;0.811;6.87;NaN;NaN
TEL2004529_76;MFD_SETNO76;42.451683;66.849967;263757;25;15-jul-04;17:37:44;32.466;6.504;4.7453;1.56172674418605;2.136;0.413;0.107;NaN;NaN
TEL2004529_76;MFD_SETNO76;42.451683;66.849967;263758;5;15-jul-04;17:37:44;32.254;12.438;4.8559;0.676748255813953;1.5865;0.311;0.04;32.043;7.3375
TEL2004529_77;MFD_SETNO77;42.726;66.5457;263759;149;15-jul-04;21:15:42;34.132;7.662;4.2035;0.0830790697674419;7.637;0.9705;12.1285;34.154;5.433
TEL2004529_77;MFD_SETNO77;42.726;66.5457;263760;50;15-jul-04;21:15:42;32.438;4.385;4.8512;0.485870542635659;4.5185;0.773;5.2995;NaN;NaN
TEL2004529_77;MFD_SETNO77;42.726;66.5457;263761;25;15-jul-04;21:15:42;32.275;5.201;4.9096;2.06494980620155;2.9595;0.673;3.831;NaN;NaN
TEL2004529_77;MFD_SETNO77;42.726;66.5457;263762;5;15-jul-04;21:15:42;32.016;9.073;5.1636;0.798215891472868;1.0435;0.35;0.2465;31.806;6.5675
TEL2004529_79;MFD_SETNO79;42.4915;66.188433;263763;231;16-jul-04;01:31:03;34.928;8.086;3.3761;0.0311546511627907;11.434;1.228;18.6365;34.942;4.523
TEL2004529_79;MFD_SETNO79;42.4915;66.188433;263764;50;16-jul-04;01:31:03;32.802;4.622;4.5169;0.451165503875969;4.859;0.819;7.122;NaN;NaN
TEL2004529_79;MFD_SETNO79;42.4915;66.188433;263765;25;16-jul-04;01:31:03;32.173;8.145;4.6638;1.80466201550388;2.0185;0.4775;1.034;NaN;NaN
TEL2004529_79;MFD_SETNO79;42.4915;66.188433;263766;5;16-jul-04;01:31:03;31.832;12.529;4.7839;0.728805813953488;1.1925;0.323;0.1235;31.859;6.4275
TEL2004529_8;MFD_SETNO8;43.40365;62.212683;263492;96;06-jul-04;21:21:29;32.914;2.298;4.2502;0.0501936046511628;8.336;1.0255;7.905;32.922;6.337
TEL2004529_8;MFD_SETNO8;43.40365;62.212683;263493;50;06-jul-04;21:21:29;32.478;3.29;4.5037;1.00644612403101;0.5425;0.5175;0.0945;NaN;NaN
TEL2004529_8;MFD_SETNO8;43.40365;62.212683;263494;25;06-jul-04;21:21:29;32.154;8.566;4.1888;0.589985658914729;0.247;0.348;0;NaN;NaN
TEL2004529_8;MFD_SETNO8;43.40365;62.212683;263495;5;06-jul-04;21:21:29;32.015;13.604;4.2443;0.185507751937985;0.1665;0.3215;0;32.031;6.1675
TEL2004529_80;MFD_SETNO80;42.67685;66.106733;263767;64;16-jul-04;03:29:22;32.379;5.724;5.01;0.798215891472868;3.854;0.6915;4.479;32.393;8.9675
TEL2004529_80;MFD_SETNO80;42.67685;66.106733;263768;50;16-jul-04;03:29:22;32.378;5.722;4.9729;0.867625968992248;4.215;0.737;4.8865;NaN;NaN
TEL2004529_80;MFD_SETNO80;42.67685;66.106733;263769;25;16-jul-04;03:29:22;32.397;5.744;4.831;1.40555406976744;4.014;0.73;4.6045;NaN;NaN
TEL2004529_80;MFD_SETNO80;42.67685;66.106733;263770;5;16-jul-04;03:29:22;31.347;11.827;5.1831;0.728805813953488;1.0335;0.4075;0.198;31.402;8.4395
TEL2004529_81;MFD_SETNO81;42.4105;65.6343;263771;93;16-jul-04;07:12:42;32.325;2.661;4.9969;0.122044573643411;5.891;0.8865;6.096;32.337;6.7275
TEL2004529_81;MFD_SETNO81;42.4105;65.6343;263772;50;16-jul-04;07:12:42;32.275;2.628;4.8936;0.122044573643411;5.814;0.9585;5.998;NaN;NaN
TEL2004529_81;MFD_SETNO81;42.4105;65.6343;263773;25;16-jul-04;07:12:42;32.12;2.707;4.7025;0.517468992248062;4.1;0.775;3.9955;NaN;NaN
TEL2004529_81;MFD_SETNO81;42.4105;65.6343;263774;5;16-jul-04;07:12:42;31.582;10.858;4.9339;0.649277131782946;1.134;0.3285;0.307;31.395;6.654
TEL2004529_82;MFD_SETNO82;42.31585;65.6988;263775;112;16-jul-04;09:01:11;34.065;6.581;3.869;0.0640401162790698;9.234;1.1085;14.63;34.028;5.088
TEL2004529_82;MFD_SETNO82;42.31585;65.6988;263776;50;16-jul-04;09:01:11;32.331;1.887;4.6966;0.346606589147287;5.3565;0.88;6.3145;NaN;NaN
TEL2004529_82;MFD_SETNO82;42.31585;65.6988;263777;25;16-jul-04;09:01:11;31.914;5.669;4.6123;0.454005813953488;1.39;0.3815;0.483;NaN;NaN
TEL2004529_82;MFD_SETNO82;42.31585;65.6988;263778;5;16-jul-04;09:01:11;31.353;13.445;4.7053;0.278261627906977;1.0445;0.282;0.1425;31.381;9.2685
TEL2004529_83;MFD_SETNO83;42.398;65.410633;263779;107;16-jul-04;11:25:27;33.221;4.114;4.4377;0.0553860465116279;8.0755;1.029;10.967;33.235;5.728
TEL2004529_83;MFD_SETNO83;42.398;65.410633;263780;90;16-jul-04;11:25:27;32.413;1.871;4.7884;0.109041279069767;5.71;0.8745;6.6195;NaN;NaN
TEL2004529_83;MFD_SETNO83;42.398;65.410633;263781;80;16-jul-04;11:25:27;32.385;2.116;4.8052;0.15923488372093;6.382;0.927;6.8625;NaN;NaN
TEL2004529_83;MFD_SETNO83;42.398;65.410633;263782;60;16-jul-04;11:25:27;32.189;1.639;5.0138;NaN;NaN;NaN;NaN;NaN;NaN
TEL2004529_83;MFD_SETNO83;42.398;65.410633;263783;50;16-jul-04;11:25:27;31.938;0.685;4.6687;0.676748255813953;4.464;0.838;5.4965;NaN;NaN
TEL2004529_83;MFD_SETNO83;42.398;65.410633;263784;40;16-jul-04;11:25:27;31.814;4.42;4.7993;0.867625968992248;2.367;0.542;1.203;NaN;NaN
TEL2004529_83;MFD_SETNO83;42.398;65.410633;263785;30;16-jul-04;11:25:27;31.577;8.309;4.6798;2.16906492248062;1.3315;0.4825;0.5565;NaN;NaN
TEL2004529_83;MFD_SETNO83;42.398;65.410633;263786;20;16-jul-04;11:25:27;31.311;12.264;4.839;1.31879147286822;1.072;0.371;0.1275;NaN;NaN
TEL2004529_83;MFD_SETNO83;42.398;65.410633;263787;10;16-jul-04;11:25:27;31.281;12.608;4.8026;0.711453294573643;0.9155;0.3355;0.1035;NaN;NaN
TEL2004529_83;MFD_SETNO83;42.398;65.410633;263788;1;16-jul-04;11:25:27;31.278;12.6;4.6094;0.763510852713178;0.9015;0.354;0.102;31.305;6.386
TEL2004529_84;MFD_SETNO84;42.384933;65.209883;263789;116;16-jul-04;13:36:28;34.489;7.972;3.5958;0.0311546511627907;9.4645;1.1255;15.8645;34.501;4.775
TEL2004529_84;MFD_SETNO84;42.384933;65.209883;263790;50;16-jul-04;13:36:28;33.293;7.354;5.2903;0.503223062015504;2.5305;0.566;3.11;NaN;NaN
TEL2004529_84;MFD_SETNO84;42.384933;65.209883;263791;25;16-jul-04;13:36:28;32.073;5.008;4.733;0.763510852713178;1.826;0.503;0.865;NaN;NaN
TEL2004529_84;MFD_SETNO84;42.384933;65.209883;263792;5;16-jul-04;13:36:28;31.077;14.749;4.71;0.283143410852713;0.658;0.2705;0.215;31.115;6.059
TEL2004529_85;MFD_SETNO85;42.552433;65.09835;263793;110;16-jul-04;15:39:09;32.843;3.052;4.5377;0.0484627906976744;7.823;1.008;9.823;32.864;6.0625
TEL2004529_85;MFD_SETNO85;42.552433;65.09835;263794;50;16-jul-04;15:39:09;32.347;1.696;4.83;0.312434108527132;5.7725;0.8765;6.1845;NaN;NaN
TEL2004529_85;MFD_SETNO85;42.552433;65.09835;263795;25;16-jul-04;15:39:09;32.1;1.622;4.5191;0.683449612403101;3.7175;0.7615;3.998;NaN;NaN
TEL2004529_85;MFD_SETNO85;42.552433;65.09835;263796;5;16-jul-04;15:39:09;31.139;14.066;4.8429;0.390542635658915;0.7635;0.2825;0.149;31.327;6.3605
TEL2004529_86;MFD_SETNO86;42.647067;64.788133;263797;118;16-jul-04;17:50:41;33.193;4.16;4.2471;0.0311546511627907;10.2505;1.078;11.91;33.216;5.452
TEL2004529_86;MFD_SETNO86;42.647067;64.788133;263798;50;16-jul-04;17:50:41;32.37;1.726;4.7233;0.117695348837209;5.8185;0.8895;7.3185;NaN;NaN
TEL2004529_86;MFD_SETNO86;42.647067;64.788133;263799;25;16-jul-04;17:50:41;31.958;2.871;4.7542;0.919683527131783;3.1145;0.7025;3.599;NaN;NaN
TEL2004529_86;MFD_SETNO86;42.647067;64.788133;263800;5;16-jul-04;17:50:41;31.104;13.764;4.7188;0.47841472868217;0.6295;0.282;0.0875;31.168;6.366
TEL2004529_87;MFD_SETNO87;42.736883;64.591783;257801;117;16-jul-04;19:39:47;33.345;4.621;3.8538;0.0346162790697674;11.2205;1.1185;12.849;33.361;5.2045
TEL2004529_87;MFD_SETNO87;42.736883;64.591783;257802;50;16-jul-04;19:39:47;32.428;2.057;4.7372;0.351488372093023;4.3965;0.8395;5.7275;NaN;NaN
TEL2004529_87;MFD_SETNO87;42.736883;64.591783;257803;25;16-jul-04;19:39:47;32.138;4.969;4.3914;0.507705426356589;1.2175;0.4235;0.4765;NaN;NaN
TEL2004529_87;MFD_SETNO87;42.736883;64.591783;257804;5;16-jul-04;19:39:47;30.972;15.134;4.4058;0.268498062015504;0.664;0.246;0.0975;30.996;6.013
TEL2004529_88;MFD_SETNO88;42.704767;64.306033;257805;143;16-jul-04;21:52:43;34.383;7.689;3.4456;0.0242313953488372;10.5315;1.1495;16.3175;34.414;4.4425
TEL2004529_88;MFD_SETNO88;42.704767;64.306033;257806;50;16-jul-04;21:52:43;32.429;1.922;4.7003;0.229443798449612;5.6495;0.902;7.673;NaN;NaN
TEL2004529_88;MFD_SETNO88;42.704767;64.306033;257807;25;16-jul-04;21:52:43;32.127;4.955;4.4705;0.737149224806201;3.122;0.4615;0.2875;NaN;NaN
TEL2004529_88;MFD_SETNO88;42.704767;64.306033;257808;5;16-jul-04;21:52:43;30.989;15.064;4.4254;0.884978488372093;0.4965;0.2475;0.082;31.103;6.2175
TEL2004529_89;MFD_SETNO89;42.6924;64.23585;257809;278;16-jul-04;23:31:59;35.055;7.709;2.6958;NaN;13.2645;1.3785;22.303;35.051;3.9975
TEL2004529_89;MFD_SETNO89;42.6924;64.23585;257810;50;16-jul-04;23:31:59;32.417;1.725;4.8465;0.327079457364341;3.7835;0.796;4.8235;NaN;NaN
TEL2004529_89;MFD_SETNO89;42.6924;64.23585;257811;25;16-jul-04;23:31:59;32.237;4.41;4.872;0.566286821705426;0.7625;0.3825;0.1145;NaN;NaN
TEL2004529_89;MFD_SETNO89;42.6924;64.23585;257812;5;16-jul-04;23:31:59;31.063;14.47;5.0377;0.380779069767442;0.43;0.238;0.0985;31.178;6.8435
TEL2004529_9;MFD_SETNO9;43.381867;62.4081;263496;84;06-jul-04;23:50:24;32.839;2.821;4.2598;0.27337984496124;6.3095;0.955;7.473;32.847;6.429
TEL2004529_9;MFD_SETNO9;43.381867;62.4081;263497;50;06-jul-04;23:50:24;32.599;2.62;4.3729;0.517468992248062;2.5055;0.784;4.235;NaN;NaN
TEL2004529_9;MFD_SETNO9;43.381867;62.4081;263498;25;06-jul-04;23:50:24;32.236;8.395;4.1445;0.47841472868217;0.055;0.3535;0.0155;NaN;NaN
TEL2004529_9;MFD_SETNO9;43.381867;62.4081;263499;5;06-jul-04;23:50:24;32.059;13.688;4.1747;0.20503488372093;0.42;0.322;0.0065;32.072;6.2265
