CTD;CTD;CTD;CTD;CTD;CTD;CTD;CTD;CTD;CTD;CTD;labo;labo;labo;labo;labo;labo
Fichier;Station;Latitude;Longitude;Echantillon;zbouteille;Date;Heure;PSAL;TEMP_XX;DOXY;CHL_01;Si_01;PO4_01;NOx_01;PSAL_BS;OXY_03
(nom);(nom/no);(degres);(degres);(no_unique);(dbar);(jj-mmm-yyyy);(GMT);(psu);(celsius);(ml/l);(mg/m**3);(mmol/m**3);(mmol/m**3);(mmol/m**3);(PSU);(ml/l)
TEL2004530_0;MFD_SETNO0;44.270117;63.3215;257813;149;18-jul-04;02:22:03;33.781;6.023;3.4102;0.0190389534883721;14.833;1.2525;15.2965;33.783;5.055
TEL2004530_0;MFD_SETNO0;44.270117;63.3215;257814;100;18-jul-04;02:22:03;32.815;2.708;4.5923;0.0726941860465116;9.047;1.012;9.925;NaN;NaN
TEL2004530_0;MFD_SETNO0;44.270117;63.3215;257815;75;18-jul-04;02:22:03;32.532;1.853;4.878;0.200774418604651;5.4025;0.818;6.091;NaN;NaN
TEL2004530_0;MFD_SETNO0;44.270117;63.3215;257816;50;18-jul-04;02:22:03;32.304;3.147;5.2876;1.71789941860465;1.3895;0.4625;0.034;NaN;NaN
TEL2004530_0;MFD_SETNO0;44.270117;63.3215;257817;40;18-jul-04;02:22:03;32.235;4.435;5.1753;1.71789941860465;0.7005;0.386;0.0405;32.204;9.154
TEL2004530_0;MFD_SETNO0;44.270117;63.3215;257818;30;18-jul-04;02:22:03;31.761;2.908;4.8469;1.30143895348837;0.694;0.409;0.271;NaN;NaN
TEL2004530_0;MFD_SETNO0;44.270117;63.3215;257819;20;18-jul-04;02:22:03;31.528;5.219;4.4228;0.649277131782946;0.7685;0.3545;0.054;NaN;NaN
TEL2004530_0;MFD_SETNO0;44.270117;63.3215;257820;10;18-jul-04;02:22:03;30.886;14.001;4.622;0.253852713178295;0.966;0.24;0.035;NaN;NaN
TEL2004530_0;MFD_SETNO0;44.270117;63.3215;257821;5;18-jul-04;02:22:03;30.88;14.086;4.6205;0.253852713178295;0.986;0.25;0.05;NaN;NaN
TEL2004530_0;MFD_SETNO0;44.270117;63.3215;257822;3;18-jul-04;02:22:03;30.88;14.081;4.6223;0.258734496124031;1.0065;0.2965;0.0435;30.886;7.344
TEL2004530_1;MFD_SETNO1;44.553133;62.290033;257823;153;18-jul-04;08:08:17;34.311;7.732;2.8644;0.0242313953488372;20.3435;1.353;17.0905;34.286;3.3185
TEL2004530_1;MFD_SETNO1;44.553133;62.290033;257824;50;18-jul-04;08:08:17;32.179;2.696;5.0966;0.644395348837209;2.698;0.6165;1.9955;NaN;NaN
TEL2004530_1;MFD_SETNO1;44.553133;62.290033;257825;25;18-jul-04;08:08:17;31.628;2.731;4.5478;0.541877906976744;1.172;0.4095;0.788;NaN;NaN
TEL2004530_1;MFD_SETNO1;44.553133;62.290033;257826;5;18-jul-04;08:08:17;31.34;15.374;4.3884;0.244089147286822;0.6345;0.254;0.0485;31.546;6.169
TEL2004530_10;MFD_SETNO10;44.150017;60.363517;257856;92;19-jul-04;08:09:32;32.642;1.752;4.5907;0.0900023255813954;8.375;0.9765;8.083;32.626;6.4525
TEL2004530_10;MFD_SETNO10;44.150017;60.363517;257857;50;19-jul-04;08:09:32;32.43;2.298;4.4821;0.331961240310078;5.718;0.845;5.6925;NaN;NaN
TEL2004530_10;MFD_SETNO10;44.150017;60.363517;257858;25;19-jul-04;08:09:32;32.129;6.412;4.3435;0.902331007751938;0.6515;0.346;0.0435;NaN;NaN
TEL2004530_10;MFD_SETNO10;44.150017;60.363517;257859;5;19-jul-04;08:09:32;31.7;13.183;4.5466;0.331961240310078;0.1855;0.2565;0.047;31.465;6.0735
TEL2004530_100;MFD_SETNO100;43.8818;59.2577;269000;62;28-jul-04;20:07:21;32.533;2.996;4.9391;0.156217054263566;4.9515;0.8085;4.588;32.563;6.6885
TEL2004530_100;MFD_SETNO100;43.8818;59.2577;269001;50;28-jul-04;20:07:21;32.536;3.043;4.7021;0.165980620155039;4.8485;0.7975;4.5205;NaN;NaN
TEL2004530_100;MFD_SETNO100;43.8818;59.2577;269002;25;28-jul-04;20:07:21;32.022;6.511;4.7351;1.68319437984496;NaN;NaN;NaN;NaN;NaN
TEL2004530_100;MFD_SETNO100;43.8818;59.2577;269003;5;28-jul-04;20:07:21;31.42;14.168;4.781;0.41006976744186;NaN;NaN;NaN;31.44;6.154
TEL2004530_101;MFD_SETNO101;43.6564;59.399017;269004;195;28-jul-04;22:44:21;34.628;6.384;3.5462;0.0225005813953488;10.812;1.176;17.428;34.643;4.599
TEL2004530_101;MFD_SETNO101;43.6564;59.399017;269005;50;28-jul-04;22:44:21;32.863;5.107;4.7628;0.737149224806201;1.2595;0.487;0.3705;NaN;NaN
TEL2004530_101;MFD_SETNO101;43.6564;59.399017;269006;25;28-jul-04;22:44:21;32.624;9.371;4.3763;0.585813953488372;0.541;0.2385;0;NaN;NaN
TEL2004530_101;MFD_SETNO101;43.6564;59.399017;269007;5;28-jul-04;22:44:21;31.952;19.948;4.0675;0.380779069767442;0.381;0.1675;0;32.002;5.3075
TEL2004530_102;MFD_SETNO102;43.696517;59.77545;269008;83;29-jul-04;01:26:50;33.091;2.414;4.7992;0.0709633720930232;5.908;0.929;7.5485;32.934;6.6015
TEL2004530_102;MFD_SETNO102;43.696517;59.77545;269009;50;29-jul-04;01:26:50;32.751;2.171;4.7735;0.278261627906977;2.741;0.748;3.9975;NaN;NaN
TEL2004530_102;MFD_SETNO102;43.696517;59.77545;269010;25;29-jul-04;01:26:50;32.732;7.076;4.6636;1.40555406976744;0.439;0.282;0;NaN;NaN
TEL2004530_102;MFD_SETNO102;43.696517;59.77545;269011;5;29-jul-04;01:26:50;32.219;19.803;4.3027;0.405187984496124;0.349;0.1265;0;32.245;5.41
TEL2004530_103;MFD_SETNO103;43.792783;59.880033;269012;51;29-jul-04;03:05:59;32.279;4.555;5.0052;0.763510852713178;4.0685;0.679;2.4725;32.299;6.825
TEL2004530_103;MFD_SETNO103;43.792783;59.880033;269013;25;29-jul-04;03:05:59;31.958;6.82;4.8989;1.76995697674419;0.5105;0.3705;0.076;NaN;NaN
TEL2004530_103;MFD_SETNO103;43.792783;59.880033;269014;5;29-jul-04;03:05:59;31.379;15.619;4.5753;0.400306201550388;0.2225;0.2325;0;31.369;6.0865
TEL2004530_104;MFD_SETNO104;43.549267;59.946417;269015;232;29-jul-04;05:57:49;34.667;5.505;3.6878;0.0140684108527132;12.4625;1.263;19.2545;34.682;4.8045
TEL2004530_104;MFD_SETNO104;43.549267;59.946417;269016;50;29-jul-04;05:57:49;32.994;5.231;4.7558;0.642043217054263;1.597;0.5125;1.1315;NaN;NaN
TEL2004530_104;MFD_SETNO104;43.549267;59.946417;269017;25;29-jul-04;05:57:49;32.706;6.358;4.404;1.63113682170543;1.0545;0.345;0;NaN;NaN
TEL2004530_104;MFD_SETNO104;43.549267;59.946417;269018;5;29-jul-04;05:57:49;32.252;19.689;4.2606;0.307552325581395;0.876;0.157;0;32.279;5.447
TEL2004530_105;MFD_SETNO105;43.485033;60.212983;269019;136;29-jul-04;09:59:50;33.923;4.765;4.3523;0.0363470930232558;8.8855;0.9915;12.133;33.909;5.658
TEL2004530_105;MFD_SETNO105;43.485033;60.212983;269020;50;29-jul-04;09:59:50;32.789;2.139;4.5903;0.0813482558139535;4.856;0.874;6.879;NaN;NaN
TEL2004530_105;MFD_SETNO105;43.485033;60.212983;269021;25;29-jul-04;09:59:50;32.332;7.109;4.393;1.37084903100775;0.803;0.309;0;NaN;NaN
TEL2004530_105;MFD_SETNO105;43.485033;60.212983;269022;5;29-jul-04;09:59:50;32.252;19.29;4.2056;0.317315891472868;0.953;0.13;0;32.279;5.3645
TEL2004530_106;MFD_SETNO106;43.449;60.41905;269023;138;29-jul-04;11:57:02;33.536;3.691;4.5574;0.046731976744186;8.906;1.0275;11.448;33.498;6.0555
TEL2004530_106;MFD_SETNO106;43.449;60.41905;269024;50;29-jul-04;11:57:02;32.662;3.488;4.8525;0.850273449612403;1.769;0.476;1.012;NaN;NaN
TEL2004530_106;MFD_SETNO106;43.449;60.41905;269025;25;29-jul-04;11:57:02;32.593;7.291;4.6809;1.07585620155039;0.911;0.3025;0;NaN;NaN
TEL2004530_106;MFD_SETNO106;43.449;60.41905;269026;5;29-jul-04;11:57:02;31.846;18.271;4.3624;0.642043217054264;0.6945;0.175;0;31.917;5.5555
TEL2004530_107;MFD_SETNO107;43.741667;60.381967;269027;57;29-jul-04;14:31:57;32.169;4.419;4.5949;0.642043217054264;6.086;0.7815;2.001;32.17;6.351
TEL2004530_107;MFD_SETNO107;43.741667;60.381967;269028;50;29-jul-04;14:31:57;32.135;4.923;4.4794;1.33614399224806;4.9145;0.71;1.5865;NaN;NaN
TEL2004530_107;MFD_SETNO107;43.741667;60.381967;269029;25;29-jul-04;14:31:57;31.685;10.712;4.6623;0.610222868217054;0.464;0.335;0;NaN;NaN
TEL2004530_107;MFD_SETNO107;43.741667;60.381967;269030;5;29-jul-04;14:31:57;31.342;16.465;4.4925;0.385660852713178;0.3745;0.262;0;31.372;5.808
TEL2004530_108;MFD_SETNO108;43.754617;60.775017;269031;41;29-jul-04;17:08:23;31.859;7.939;5.0442;2.68964050387597;0.42;0.429;0.003;31.883;6.8545
TEL2004530_108;MFD_SETNO108;43.754617;60.775017;269032;25;29-jul-04;17:08:23;31.892;8.171;4.5146;2.32523759689922;0.4275;0.398;0;NaN;NaN
TEL2004530_108;MFD_SETNO108;43.754617;60.775017;269033;5;29-jul-04;17:08:23;31.631;17.377;4.2768;0.419833333333333;0.631;0.264;0;31.657;5.663
TEL2004530_109;MFD_SETNO109;43.455933;60.805417;269034;83;29-jul-04;19:42:07;32.778;2.432;4.9271;0.112281007751938;5.796;0.892;6.607;32.805;6.642
TEL2004530_109;MFD_SETNO109;43.455933;60.805417;269035;50;29-jul-04;19:42:07;32.586;2.436;4.7631;0.20503488372093;4.7285;0.839;5.083;NaN;NaN
TEL2004530_109;MFD_SETNO109;43.455933;60.805417;269036;25;29-jul-04;19:42:07;32.429;4.474;4.6867;1.35349651162791;1.6395;0.4715;0.721;NaN;NaN
TEL2004530_109;MFD_SETNO109;43.455933;60.805417;269037;5;29-jul-04;19:42:07;31.619;17.478;4.5034;0.463769379844961;0.535;0.2455;0;31.762;6.171
TEL2004530_11;MFD_SETNO11;44.407783;60.24615;257860;79;19-jul-04;10:28:42;32.344;1.24;4.6716;0.34172480620155;8.0695;1.001;8.3295;32.332;6.5975
TEL2004530_11;MFD_SETNO11;44.407783;60.24615;257861;50;19-jul-04;10:28:42;32.085;1.492;4.6126;1.1973238372093;5.9785;0.892;6.124;NaN;NaN
TEL2004530_11;MFD_SETNO11;44.407783;60.24615;257862;25;19-jul-04;10:28:42;31.942;4.115;4.4408;1.47496414728682;1.426;0.4105;0.3325;NaN;NaN
TEL2004530_11;MFD_SETNO11;44.407783;60.24615;257863;5;19-jul-04;10:28:42;31.004;14.108;5.1797;0.27337984496124;0.6065;0.2375;0.0465;31.071;6.2325
TEL2004530_110;MFD_SETNO110;43.469533;60.99725;269038;68;29-jul-04;21:34:58;32.598;2.27;4.8835;0.21968023255814;7.1545;0.9425;5.597;32.622;6.6695
TEL2004530_110;MFD_SETNO110;43.469533;60.99725;269039;50;29-jul-04;21:34:58;32.53;2.446;4.7872;0.165980620155039;5.2;0.8525;4.4775;NaN;NaN
TEL2004530_110;MFD_SETNO110;43.469533;60.99725;269040;25;29-jul-04;21:34:58;32.384;5.227;4.8392;1.40555406976744;1.2735;0.4345;0.12;NaN;NaN
TEL2004530_110;MFD_SETNO110;43.469533;60.99725;269041;5;29-jul-04;21:34:58;31.587;17.163;4.6963;0.607338178294574;0.62;0.2485;0;31.702;6.0545
TEL2004530_111;MFD_SETNO111;43.542467;61.406633;269042;61;30-jul-04;00:13:48;32.28;3.24;4.8891;0.763510852713178;6.384;0.829;2.2525;32.306;6.639
TEL2004530_111;MFD_SETNO111;43.542467;61.406633;269043;50;30-jul-04;00:13:48;32.296;3.262;4.6718;0.867625968992248;6.3255;0.8075;2.24;NaN;NaN
TEL2004530_111;MFD_SETNO111;43.542467;61.406633;269044;25;30-jul-04;00:13:48;31.989;6.168;4.6484;1.26673391472868;0.4625;0.4205;0.075;NaN;NaN
TEL2004530_111;MFD_SETNO111;43.542467;61.406633;269045;5;30-jul-04;00:13:48;31.396;17.169;4.5699;0.42471511627907;0.448;0.241;0;31.432;5.776
TEL2004530_112;MFD_SETNO112;43.26635;61.3949;269046;76;30-jul-04;02:58:13;32.826;2.552;4.8631;0.131808139534884;6.165;0.9085;6.634;32.843;6.6705
TEL2004530_112;MFD_SETNO112;43.26635;61.3949;269047;50;30-jul-04;02:58:13;32.466;3.339;4.7302;1.80466201550388;1.461;0.4525;0.2895;NaN;NaN
TEL2004530_112;MFD_SETNO112;43.26635;61.3949;269048;25;30-jul-04;02:58:13;31.756;12.417;4.6527;0.414951550387597;0.4185;0.255;0;NaN;NaN
TEL2004530_112;MFD_SETNO112;43.26635;61.3949;269049;5;30-jul-04;02:58:13;31.355;16.513;4.5313;0.327079457364341;0.3665;0.2665;0;31.377;5.8465
TEL2004530_113;MFD_SETNO113;42.9523;61.87;269050;386;30-jul-04;07:55:55;34.817;5.078;3.8965;0.0155773255813954;13.002;1.273;19.297;34.833;5.057
TEL2004530_113;MFD_SETNO113;42.9523;61.87;269051;50;30-jul-04;07:55:55;32.802;2.229;4.5383;0.0709633720930233;5.669;0.8755;6.7685;NaN;NaN
TEL2004530_113;MFD_SETNO113;42.9523;61.87;269052;25;30-jul-04;07:55:55;32.615;7.712;4.7778;0.971741085271318;0.602;0.2765;0.0295;NaN;NaN
TEL2004530_113;MFD_SETNO113;42.9523;61.87;269053;5;30-jul-04;07:55:55;31.686;15.836;4.6399;0.434478682170542;0.405;0.2555;0.006;31.728;5.9215
TEL2004530_114;MFD_SETNO114;43.145067;61.8548;269054;92;30-jul-04;11:03:59;32.868;2.283;4.797;0.0398087209302325;7.3015;0.986;6.966;32.853;6.4695
TEL2004530_114;MFD_SETNO114;43.145067;61.8548;269055;80;30-jul-04;11:03:59;32.766;2.163;4.7308;0.0380779069767442;7.366;0.9905;6.573;NaN;NaN
TEL2004530_114;MFD_SETNO114;43.145067;61.8548;269056;60;30-jul-04;11:03:59;32.541;2.391;4.7224;0.131808139534884;5.1215;0.897;4.6195;NaN;NaN
TEL2004530_114;MFD_SETNO114;43.145067;61.8548;269057;50;30-jul-04;11:03:59;32.384;3.455;4.7216;0.234325581395349;3.284;0.7665;2.6355;NaN;NaN
TEL2004530_114;MFD_SETNO114;43.145067;61.8548;269058;40;30-jul-04;11:03:59;32.154;6.997;4.8845;0.832920930232558;1.8675;0.6085;1.3775;32.354;7.167
TEL2004530_114;MFD_SETNO114;43.145067;61.8548;269059;30;30-jul-04;11:03:59;32.039;8.246;4.5939;1.12791375968992;0.5285;0.355;0.0595;NaN;NaN
TEL2004530_114;MFD_SETNO114;43.145067;61.8548;269060;20;30-jul-04;11:03:59;31.825;13.014;4.4615;0.971741085271318;0.651;0.354;0.0405;NaN;NaN
TEL2004530_114;MFD_SETNO114;43.145067;61.8548;269061;10;30-jul-04;11:03:59;31.623;15.876;4.4468;0.41006976744186;0.438;0.278;0.013;NaN;NaN
TEL2004530_114;MFD_SETNO114;43.145067;61.8548;269062;3;30-jul-04;11:03:59;31.588;16.078;4.4553;0.27337984496124;0.461;0.239;0.024;31.624;5.8945
TEL2004530_115;MFD_SETNO115;43.333467;61.957783;269063;90;30-jul-04;13:41:56;32.767;2.137;4.838;0.0450011627906977;7.3855;0.9975;6.4175;32.79;6.5945
TEL2004530_115;MFD_SETNO115;43.333467;61.957783;269064;50;30-jul-04;13:41:56;32.52;2.759;4.9723;0.463769379844961;1.0715;0.645;1.5235;NaN;NaN
TEL2004530_115;MFD_SETNO115;43.333467;61.957783;269065;25;30-jul-04;13:41:56;32.158;7.141;4.7568;0.678567829457364;0.5085;0.2965;0.025;NaN;NaN
TEL2004530_115;MFD_SETNO115;43.333467;61.957783;269066;5;30-jul-04;13:41:56;31.6;17.954;4.3603;0.351488372093023;0.447;0.2085;0.011;31.622;5.5065
TEL2004530_116;MFD_SETNO116;43.741717;61.831183;269067;80;30-jul-04;16:50:22;32.758;2.129;4.8131;0.0571168604651163;6.7545;0.912;6.191;32.788;6.542
TEL2004530_116;MFD_SETNO116;43.741717;61.831183;269068;50;30-jul-04;16:50:22;32.472;2.767;4.8743;0.746158333333333;2.0685;0.6735;1.808;NaN;NaN
TEL2004530_116;MFD_SETNO116;43.741717;61.831183;269069;25;30-jul-04;16:50:22;32.084;5.749;4.4831;1.61378430232558;1.604;0.368;0.0255;NaN;NaN
TEL2004530_116;MFD_SETNO116;43.741717;61.831183;269070;5;30-jul-04;16:50:22;31.66;18.274;4.2544;0.292906976744186;0.3945;0.231;0.0115;31.693;5.5585
TEL2004530_117;MFD_SETNO117;44.271817;63.3234;269071;152;30-jul-04;23:07:32;33.866;6.125;3.3782;0.0190389534883721;15.8265;1.376;15.245;33.864;4.2955
TEL2004530_117;MFD_SETNO117;44.271817;63.3234;269072;100;30-jul-04;23:07:32;33.234;3.93;4.3018;0.0328854651162791;9.1815;1.0665;11.5685;NaN;NaN
TEL2004530_117;MFD_SETNO117;44.271817;63.3234;269073;75;30-jul-04;23:07:32;32.864;2.731;4.7485;0.200153100775194;5.5235;0.899;7.6405;NaN;NaN
TEL2004530_117;MFD_SETNO117;44.271817;63.3234;269074;50;30-jul-04;23:07:32;32.505;2.446;4.9328;0.555280620155039;2.506;0.707;3.7155;NaN;NaN
TEL2004530_117;MFD_SETNO117;44.271817;63.3234;269075;40;30-jul-04;23:07:32;32.351;3.148;4.9111;0.867625968992248;1.186;0.512;0.3945;32.367;7.662
TEL2004530_117;MFD_SETNO117;44.271817;63.3234;269076;30;30-jul-04;23:07:32;32.146;5.499;4.4766;0.798215891472868;0.6725;0.388;0.053;NaN;NaN
TEL2004530_117;MFD_SETNO117;44.271817;63.3234;269077;20;30-jul-04;23:07:32;31.886;11.764;4.0276;0.919683527131783;0.481;0.307;0.02;NaN;NaN
TEL2004530_117;MFD_SETNO117;44.271817;63.3234;269078;10;30-jul-04;23:07:32;31.369;18.414;4.2593;1.1973238372093;0.5125;0.214;0.066;NaN;NaN
TEL2004530_117;MFD_SETNO117;44.271817;63.3234;269079;5;30-jul-04;23:07:32;31.363;18.437;4.2479;1.11056124031008;0.8965;0.194;0.0665;NaN;NaN
TEL2004530_117;MFD_SETNO117;44.271817;63.3234;269080;1;30-jul-04;23:07:32;31.364;18.437;4.2266;1.07585620155039;0.4895;0.204;0.0785;31.378;5.615
TEL2004530_12;MFD_SETNO12;44.52615;60.392083;257864;47;19-jul-04;12:15:04;31.606;4.155;5.426;4.10553507751938;0.807;0.413;0.7155;31.626;7.555
TEL2004530_12;MFD_SETNO12;44.52615;60.392083;257865;25;19-jul-04;12:15:04;31.684;5.392;4.6054;1.92284554263566;0.4825;0.363;0.288;NaN;NaN
TEL2004530_12;MFD_SETNO12;44.52615;60.392083;257866;5;19-jul-04;12:15:04;30.943;14.544;4.887;0.278261627906977;0.4955;0.229;0.0855;31.201;6.0195
TEL2004530_13;MFD_SETNO13;44.46685;60.5179;257867;31;19-jul-04;13:40:19;31.651;6.075;4.7321;4.05356627906977;1.5905;0.3805;0.359;31.495;7.2985
TEL2004530_13;MFD_SETNO13;44.46685;60.5179;257868;25;19-jul-04;13:40:19;31.852;6.635;4.5463;3.42994069767442;0.458;0.3675;0.244;NaN;NaN
TEL2004530_13;MFD_SETNO13;44.46685;60.5179;257869;5;19-jul-04;13:40:19;30.888;13.487;4.5957;0.419833333333333;0.2435;0.2145;0.092;31.229;6.2095
TEL2004530_14;MFD_SETNO14;44.43355;60.652917;257870;52;19-jul-04;15:28:41;32.235;1.647;4.822;0.590695736434108;4.6375;0.8285;5.267;32.133;7.0375
TEL2004530_14;MFD_SETNO14;44.43355;60.652917;257871;25;19-jul-04;15:28:41;31.432;10.589;4.6094;1.37084903100775;2.5935;0.298;0.18;NaN;NaN
TEL2004530_14;MFD_SETNO14;44.43355;60.652917;257872;5;19-jul-04;15:28:41;31.12;14.201;4.5025;0.331961240310077;0.5335;0.2045;0.1155;31.114;6.01
TEL2004530_15;MFD_SETNO15;44.526333;60.758383;257873;55;19-jul-04;16:53:49;32.036;2.071;4.7325;1.42290658914729;4.3425;0.7705;4.548;31.998;7.0845
TEL2004530_15;MFD_SETNO15;44.526333;60.758383;257874;50;19-jul-04;16:53:49;32.004;2.214;4.7176;1.50966918604651;3.6625;0.7075;4.014;NaN;NaN
TEL2004530_15;MFD_SETNO15;44.526333;60.758383;257875;25;19-jul-04;16:53:49;31.831;4.98;4.4131;5.35278624031008;0.579;0.4505;0.5155;NaN;NaN
TEL2004530_15;MFD_SETNO15;44.526333;60.758383;257876;5;19-jul-04;16:53:49;31.103;14.728;4.3345;0.35637015503876;0.4435;0.2175;0.126;31.141;5.9605
TEL2004530_16;MFD_SETNO16;44.439433;60.890917;257877;82;19-jul-04;18:42:46;32.457;1.387;4.6861;0.103848837209302;7.9575;0.981;8.5165;32.447;6.5785
TEL2004530_16;MFD_SETNO16;44.439433;60.890917;257878;50;19-jul-04;18:42:46;32.243;1.726;4.8217;0.497941860465116;4.025;0.7575;4.8705;NaN;NaN
TEL2004530_16;MFD_SETNO16;44.439433;60.890917;257879;25;19-jul-04;18:42:46;31.797;6.64;4.3875;0.56140503875969;0.452;0.2985;0.1845;NaN;NaN
TEL2004530_16;MFD_SETNO16;44.439433;60.890917;257880;5;19-jul-04;18:42:46;31.717;14.634;4.4809;0.253852713178295;0.1135;0.2915;0.1435;31.732;5.961
TEL2004530_18;MFD_SETNO18;44.396;60.839417;257881;75;19-jul-04;21:37:31;32.414;1.46;4.6296;0.117162790697674;7.148;0.958;8.045;32.419;6.6485
TEL2004530_18;MFD_SETNO18;44.396;60.839417;257882;50;19-jul-04;21:37:31;32.144;2.259;4.7234;0.268498062015504;3.5385;0.7475;4.384;NaN;NaN
TEL2004530_18;MFD_SETNO18;44.396;60.839417;257883;25;19-jul-04;21:37:31;31.862;9.949;4.3539;0.522350775193798;0.0505;0.3265;0.1725;NaN;NaN
TEL2004530_18;MFD_SETNO18;44.396;60.839417;257884;5;19-jul-04;21:37:31;31.757;14.828;4.7269;0.366133720930232;0.0555;0.288;0.1265;31.74;5.924
TEL2004530_19;MFD_SETNO19;44.208283;60.890633;257885;36;19-jul-04;23:48:50;31.756;9.66;4.6768;1.07585620155039;0.185;0.365;0.1525;31.747;6.776
TEL2004530_19;MFD_SETNO19;44.208283;60.890633;257886;25;19-jul-04;23:48:50;31.84;9.873;4.4047;0.937036046511628;0.145;0.343;0.1455;NaN;NaN
TEL2004530_19;MFD_SETNO19;44.208283;60.890633;257887;5;19-jul-04;23:48:50;31.646;13.827;4.4741;0.380779069767442;0.0335;0.304;0.136;31.664;6.134
TEL2004530_2;MFD_SETNO2;44.699667;62.234067;257827;113;18-jul-04;10:00:37;32.75;2.508;4.5849;0.0900023255813954;10.5675;0.9955;9.0875;32.765;6.498
TEL2004530_2;MFD_SETNO2;44.699667;62.234067;257828;50;18-jul-04;10:00:37;31.703;1.902;4.8165;0.150580813953488;3.3295;0.6535;3.197;NaN;NaN
TEL2004530_2;MFD_SETNO2;44.699667;62.234067;257829;25;18-jul-04;10:00:37;31.433;5.124;4.6135;0.954388565891473;1.223;0.366;0.423;NaN;NaN
TEL2004530_2;MFD_SETNO2;44.699667;62.234067;257830;5;18-jul-04;10:00:37;30.954;15.07;4.5056;0.302670542635659;0.8745;0.241;0.0015;30.973;6.237
TEL2004530_20;MFD_SETNO20;44.329083;60.9668;257888;86;20-jul-04;01:23:36;32.938;2.949;4.3596;0.0900023255813953;10.9955;1.042;9.911;32.812;6.108
TEL2004530_20;MFD_SETNO20;44.329083;60.9668;257889;50;20-jul-04;01:23:36;32.196;4.308;4.7147;0.971741085271318;2.1615;0.5715;0.873;NaN;NaN
TEL2004530_20;MFD_SETNO20;44.329083;60.9668;257890;25;20-jul-04;01:23:36;32.027;10.21;4.3191;0.317315891472868;0.39;0.2925;0.1425;NaN;NaN
TEL2004530_20;MFD_SETNO20;44.329083;60.9668;257891;5;20-jul-04;01:23:36;31.866;15.633;4.3281;0.209916666666667;0.356;0.278;0.137;31.883;5.736
TEL2004530_21;MFD_SETNO21;44.37185;61.247783;257892;77;20-jul-04;03:42:11;32.845;2.915;4.4834;0.117162790697674;8.843;0.9715;8.271;32.861;6.469
TEL2004530_21;MFD_SETNO21;44.37185;61.247783;257893;50;20-jul-04;03:42:11;32.464;2.895;4.7371;1.09320872093023;2.234;0.6105;1.609;NaN;NaN
TEL2004530_21;MFD_SETNO21;44.37185;61.247783;257894;25;20-jul-04;03:42:11;32.061;11.117;4.0387;0.375897286821705;0.4035;0.302;0.098;NaN;NaN
TEL2004530_21;MFD_SETNO21;44.37185;61.247783;257895;5;20-jul-04;03:42:11;31.808;15.855;4.2449;0.209916666666667;0.3775;0.2905;0.1145;31.824;5.7975
TEL2004530_22;MFD_SETNO22;44.44255;61.240167;257896;108;20-jul-04;05:25:46;33.526;5.221;4.0896;0.0363470930232558;12.79;1.133;12.96;33.546;5.13
TEL2004530_22;MFD_SETNO22;44.44255;61.240167;257897;50;20-jul-04;05:25:46;32.432;2.993;4.6499;0.642043217054264;3.6725;0.712;2.633;NaN;NaN
TEL2004530_22;MFD_SETNO22;44.44255;61.240167;257898;25;20-jul-04;05:25:46;32.341;7.876;4.1792;0.497941860465116;0.438;0.307;0.121;NaN;NaN
TEL2004530_22;MFD_SETNO22;44.44255;61.240167;257899;5;20-jul-04;05:25:46;31.752;15.866;4.1662;0.214798449612403;0.373;0.28;0.098;31.767;5.768
TEL2004530_23;MFD_SETNO23;44.670517;60.8943;257900;66;20-jul-04;08:06:33;32.292;1.309;4.5809;0.248970930232558;7.142;0.9215;7.308;32.304;6.7135
TEL2004530_23;MFD_SETNO23;44.670517;60.8943;257901;50;20-jul-04;08:06:33;32.307;1.373;4.4417;0.234325581395349;6.9085;0.9465;7.5045;NaN;NaN
TEL2004530_23;MFD_SETNO23;44.670517;60.8943;257902;25;20-jul-04;08:06:33;32.112;7.334;4.2865;0.619986434108527;0.8235;0.419;0.116;NaN;NaN
TEL2004530_23;MFD_SETNO23;44.670517;60.8943;257903;5;20-jul-04;08:06:33;31.48;15.248;3.9907;0.27337984496124;0.503;0.279;0.1245;31.498;5.902
TEL2004530_24;MFD_SETNO24;44.832283;61.089183;257904;76;20-jul-04;10:26:31;32.377;1.081;4.5762;0.122044573643411;8.6895;0.9665;8.649;32.393;6.6695
TEL2004530_24;MFD_SETNO24;44.832283;61.089183;257905;50;20-jul-04;10:26:31;32.204;1.555;4.6284;0.546759689922481;5.276;0.831;5.839;NaN;NaN
TEL2004530_24;MFD_SETNO24;44.832283;61.089183;257906;25;20-jul-04;10:26:31;31.974;4.172;4.3142;1.42290658914729;0.7415;0.4035;0.449;NaN;NaN
TEL2004530_24;MFD_SETNO24;44.832283;61.089183;257907;5;20-jul-04;10:26:31;30.962;14.895;4.3084;0.35637015503876;0.53;0.2455;0.143;31.026;5.963
TEL2004530_25;MFD_SETNO25;44.9975;61.362767;257908;96;20-jul-04;13:08:33;32.418;0.917;4.6997;0.0484627906976744;9.8855;1.0375;9.6885;32.433;6.692
TEL2004530_25;MFD_SETNO25;44.9975;61.362767;257909;50;20-jul-04;13:08:33;31.313;3.358;4.9645;0.244089147286822;2.6485;0.609;1.8405;NaN;NaN
TEL2004530_25;MFD_SETNO25;44.9975;61.362767;257910;25;20-jul-04;13:08:33;31.113;4.612;4.5527;0.902331007751938;2.165;0.484;0.676;NaN;NaN
TEL2004530_25;MFD_SETNO25;44.9975;61.362767;257911;5;20-jul-04;13:08:33;30.525;14.117;4.5427;0.522350775193798;1.17;0.2735;0.1255;30.547;6.199
TEL2004530_26;MFD_SETNO26;45.066833;61.057333;257912;138;20-jul-04;15:13:29;32.618;1.041;4.4828;0.0450011627906977;13.0635;1.124;10.9605;32.623;6.2585
TEL2004530_26;MFD_SETNO26;45.066833;61.057333;257913;50;20-jul-04;15:13:29;31.75;2.574;5.0589;0.135003488372093;3.244;0.613;2.4095;NaN;NaN
TEL2004530_26;MFD_SETNO26;45.066833;61.057333;257914;25;20-jul-04;15:13:29;31.079;5.282;4.8098;0.458887596899225;2.051;0.476;0.84;NaN;NaN
TEL2004530_26;MFD_SETNO26;45.066833;61.057333;257915;5;20-jul-04;15:13:29;30.568;13.897;4.7305;0.702976744186046;1.2735;0.2685;0.148;30.597;6.3525
TEL2004530_27;MFD_SETNO27;45.140167;60.634383;257916;84;20-jul-04;18:17:16;32.34;0.945;4.7236;0.0380779069767442;9.861;1.001;8.833;32.353;6.709
TEL2004530_27;MFD_SETNO27;45.140167;60.634383;257917;50;20-jul-04;18:17:16;31.753;2.372;4.8616;0.15923488372093;3.8495;0.707;3.5005;NaN;NaN
TEL2004530_27;MFD_SETNO27;45.140167;60.634383;257918;25;20-jul-04;18:17:16;31.17;6.043;4.6896;0.248970930232558;2.5735;0.5115;1.033;NaN;NaN
TEL2004530_27;MFD_SETNO27;45.140167;60.634383;257919;5;20-jul-04;18:17:16;30.523;13.862;4.6998;0.605341085271318;1.1855;0.2785;0.161;30.546;6.2595
TEL2004530_28;MFD_SETNO28;44.650033;60.389617;257920;68;20-jul-04;22:29:37;32.357;0.999;4.6362;0.103848837209302;8.9425;1.0265;8.9925;32.361;6.6475
TEL2004530_28;MFD_SETNO28;44.650033;60.389617;257921;50;20-jul-04;22:29:37;32.133;1.147;4.7611;0.268498062015504;7.1415;0.9435;6.785;NaN;NaN
TEL2004530_28;MFD_SETNO28;44.650033;60.389617;257922;25;20-jul-04;22:29:37;31.681;3.956;4.8663;0.737149224806201;1.207;0.4185;0.4745;NaN;NaN
TEL2004530_28;MFD_SETNO28;44.650033;60.389617;257923;5;20-jul-04;22:29:37;31.175;13.911;4.6407;0.429596899224806;0.4715;0.2635;0.154;31.219;6.284
TEL2004530_29;MFD_SETNO29;44.512067;60.078117;257924;117;21-jul-04;00:50:18;33.281;2.585;4.5922;0.0415395348837209;10.9865;1.043;11.2575;33.286;6.1045
TEL2004530_29;MFD_SETNO29;44.512067;60.078117;257925;50;21-jul-04;00:50:18;32.294;2.008;4.9096;0.41006976744186;2.898;0.6945;3.4535;NaN;NaN
TEL2004530_29;MFD_SETNO29;44.512067;60.078117;257926;25;21-jul-04;00:50:18;31.823;4.482;4.8694;1.37084903100775;1.169;0.423;0.2565;NaN;NaN
TEL2004530_29;MFD_SETNO29;44.512067;60.078117;257927;5;21-jul-04;00:50:18;31.004;14.509;4.6777;0.444242248062016;0.8415;0.275;0.0935;31.026;5.9405
TEL2004530_3;MFD_SETNO3;44.443183;62.092467;257831;220;18-jul-04;13:16:17;34.845;9.391;1.9046;0.0103848837209302;19.872;1.45;20.886;34.852;2.5945
TEL2004530_3;MFD_SETNO3;44.443183;62.092467;257832;50;18-jul-04;13:16:17;32.374;2.5;4.7023;1.07585620155039;2.842;0.681;2.7015;NaN;NaN
TEL2004530_3;MFD_SETNO3;44.443183;62.092467;257833;25;18-jul-04;13:16:17;31.73;5.668;4.6421;0.763510852713178;0.6845;0.323;0.17;NaN;NaN
TEL2004530_3;MFD_SETNO3;44.443183;62.092467;257834;5;18-jul-04;13:16:17;31.561;15.507;4.2075;0.263616279069767;0.576;0.249;0.0105;31.577;5.8645
TEL2004530_30;MFD_SETNO30;44.3812;59.76635;257928;168;21-jul-04;03:07:11;33.744;3.193;4.3642;0.0553860465116279;13.5195;1.153;13.6705;33.757;6.261
TEL2004530_30;MFD_SETNO30;44.3812;59.76635;257929;50;21-jul-04;03:07:11;32.345;2.585;4.7289;0.21968023255814;3.6035;0.7485;3.59;NaN;NaN
TEL2004530_30;MFD_SETNO30;44.3812;59.76635;257930;25;21-jul-04;03:07:11;32.319;8.189;4.5275;1.56172674418605;1.027;0.3335;0.0735;NaN;NaN
TEL2004530_30;MFD_SETNO30;44.3812;59.76635;257931;5;21-jul-04;03:07:11;31.21;14.729;4.4644;0.532114341085271;0.7315;0.2225;0.0595;31.224;6.3745
TEL2004530_31;MFD_SETNO31;44.469817;59.68335;257932;47;21-jul-04;04:46:55;32.148;3.36;4.6867;1.02379864341085;4.1785;0.6925;1.67;32.16;6.943
TEL2004530_31;MFD_SETNO31;44.469817;59.68335;257933;25;21-jul-04;04:46:55;32.331;3.425;4.0495;1.49231666666667;3.954;0.6745;1.477;NaN;NaN
TEL2004530_31;MFD_SETNO31;44.469817;59.68335;257934;5;21-jul-04;04:46:55;31.167;14.972;4.3769;0.361251937984496;0.686;0.247;0.0365;31.195;5.8455
TEL2004530_32;MFD_SETNO32;44.613233;59.57905;257935;53;21-jul-04;06:48:20;32.225;3.09;4.6708;0.47841472868217;5.088;0.755;2.3025;32.236;6.5885
TEL2004530_32;MFD_SETNO32;44.613233;59.57905;257936;25;21-jul-04;06:48:20;32.207;3.689;4.3505;1.70054689922481;3.145;0.5945;0.8475;NaN;NaN
TEL2004530_32;MFD_SETNO32;44.613233;59.57905;257937;5;21-jul-04;06:48:20;31.22;14.673;4.5949;0.283143410852713;0.7035;0.2275;0.032;31.227;5.8485
TEL2004530_33;MFD_SETNO33;44.506733;59.3605;257938;55;21-jul-04;08:34:55;32.298;2.704;4.895;0.405187984496124;4.478;0.7375;3.4155;32.305;6.877
TEL2004530_33;MFD_SETNO33;44.506733;59.3605;257939;25;21-jul-04;08:34:55;32.229;2.914;4.3673;0.595577519379845;4.5195;0.7445;3.212;NaN;NaN
TEL2004530_33;MFD_SETNO33;44.506733;59.3605;257940;5;21-jul-04;08:34:55;31.172;13.679;4.6164;0.292906976744186;0.569;0.221;0.04;31.203;6.0005
TEL2004530_34;MFD_SETNO34;44.568717;59.190617;257941;73;21-jul-04;10:11:56;32.227;2.824;5.0771;0.483296511627907;5.031;0.7615;3.5345;32.248;6.8485
TEL2004530_34;MFD_SETNO34;44.568717;59.190617;257942;50;21-jul-04;10:11:56;32.227;2.829;4.8892;0.473532945736434;4.9135;0.7725;3.5265;NaN;NaN
TEL2004530_34;MFD_SETNO34;44.568717;59.190617;257943;25;21-jul-04;10:11:56;32.256;3.247;4.5224;1.02379864341085;4.227;0.6785;2.768;NaN;NaN
TEL2004530_34;MFD_SETNO34;44.568717;59.190617;257944;5;21-jul-04;10:11:56;31.233;13.946;4.6602;0.336843023255814;0.5475;0.219;0.048;31.259;5.954
TEL2004530_35;MFD_SETNO35;44.844483;59.643217;257945;108;21-jul-04;14:39:45;32.418;1.106;4.7245;0.0450011627906977;7.15;0.93;7.6675;32.434;6.489
TEL2004530_35;MFD_SETNO35;44.844483;59.643217;257946;50;21-jul-04;14:39:45;32.206;1.333;4.6997;0.214798449612403;3.907;0.762;4.9065;NaN;NaN
TEL2004530_35;MFD_SETNO35;44.844483;59.643217;257947;25;21-jul-04;14:39:45;31.731;3.835;4.6319;0.444242248062015;1.481;0.529;1.438;NaN;NaN
TEL2004530_35;MFD_SETNO35;44.844483;59.643217;257948;5;21-jul-04;14:39:45;31.354;14.432;4.4014;0.317315891472868;0.6295;0.2205;0.051;31.367;6.6755
TEL2004530_36;MFD_SETNO36;44.9781;59.528467;257949;104;21-jul-04;16:20:31;32.35;0.892;4.8049;0.0450011627906977;7.4405;1.031;7.734;32.293;6.6185
TEL2004530_36;MFD_SETNO36;44.9781;59.528467;257950;50;21-jul-04;16:20:31;31.919;1.721;4.9812;0.200153100775194;2.9995;0.7985;3.9715;NaN;NaN
TEL2004530_36;MFD_SETNO36;44.9781;59.528467;257951;25;21-jul-04;16:20:31;31.392;6.566;4.8744;0.444242248062015;0.64;0.2975;0.0555;NaN;NaN
TEL2004530_36;MFD_SETNO36;44.9781;59.528467;257952;5;21-jul-04;16:20:31;31.063;14.071;4.7068;0.283143410852713;0.616;0.24;0.0255;31.084;5.9785
TEL2004530_37;MFD_SETNO37;44.915917;59.04485;257953;87;21-jul-04;20:13:48;32.339;0.835;4.7834;0.0761558139534884;7.059;1.0305;7.5775;32.362;6.5835
TEL2004530_37;MFD_SETNO37;44.915917;59.04485;257954;50;21-jul-04;20:13:48;32.279;0.842;4.6981;0.0865406976744186;6.352;0.995;7.053;NaN;NaN
TEL2004530_37;MFD_SETNO37;44.915917;59.04485;257955;25;21-jul-04;20:13:48;31.84;2.854;4.707;0.902331007751938;1.4785;0.55;1.368;NaN;NaN
TEL2004530_37;MFD_SETNO37;44.915917;59.04485;257956;5;21-jul-04;20:13:48;30.826;14.039;4.6675;0.278261627906977;0.972;0.3;0.041;30.862;5.9925
TEL2004530_38;MFD_SETNO38;44.935317;58.97215;257957;104;21-jul-04;22:01:54;32.51;0.871;4.7855;0.0553860465116279;7.743;1.0375;8.24;32.519;6.4765
TEL2004530_38;MFD_SETNO38;44.935317;58.97215;257958;50;21-jul-04;22:01:54;32.189;1.127;4.9065;0.135003488372093;4.0765;0.9495;5.7555;NaN;NaN
TEL2004530_38;MFD_SETNO38;44.935317;58.97215;257959;25;21-jul-04;22:01:54;31.731;3.766;4.9031;0.937036046511628;0.5;0.3725;0.0995;NaN;NaN
TEL2004530_38;MFD_SETNO38;44.935317;58.97215;257960;5;21-jul-04;22:01:54;30.824;14.435;4.6713;0.307552325581395;0.999;0.311;0.0655;30.852;5.892
TEL2004530_39;MFD_SETNO39;44.799433;58.628117;257961;242;22-jul-04;02:31:30;32.637;1.101;4.7124;0.0519244186046512;9.2605;1.057;9.295;32.421;6.304
TEL2004530_39;MFD_SETNO39;44.799433;58.628117;257962;50;22-jul-04;02:31:30;32.21;1.378;4.8742;0.180004651162791;3.5375;0.8035;4.962;NaN;NaN
TEL2004530_39;MFD_SETNO39;44.799433;58.628117;257963;25;22-jul-04;02:31:30;31.578;6.504;4.9139;1.26673391472868;0.646;0.333;0.0615;NaN;NaN
TEL2004530_39;MFD_SETNO39;44.799433;58.628117;257964;5;22-jul-04;02:31:30;31.046;14.436;4.4057;0.234325581395349;0.494;0.2645;0.0395;31.081;5.9465
TEL2004530_4;MFD_SETNO4;44.0457;61.681217;257835;119;18-jul-04;17:19:24;33.56;5.13;3.945;0.0225005813953488;10.033;1.0435;12.883;33.561;5.2825
TEL2004530_4;MFD_SETNO4;44.0457;61.681217;257836;50;18-jul-04;17:19:24;32.512;2.517;4.8828;0.728805813953489;2.15;0.627;2.7655;NaN;NaN
TEL2004530_4;MFD_SETNO4;44.0457;61.681217;257837;25;18-jul-04;17:19:24;32.227;7.811;4.3011;0.429596899224806;0.5905;0.2905;0.061;NaN;NaN
TEL2004530_4;MFD_SETNO4;44.0457;61.681217;257838;5;18-jul-04;17:19:24;31.83;16.24;4.2083;0.122887790697674;0.62;0.274;0.031;31.842;5.992
TEL2004530_40;MFD_SETNO40;44.55255;58.517183;257965;64;22-jul-04;05:11:39;32.107;2.693;4.6886;0.867625968992248;4.4735;0.801;1.9395;32.127;6.6145
TEL2004530_40;MFD_SETNO40;44.55255;58.517183;257966;50;22-jul-04;05:11:39;32.113;2.692;4.5748;0.867625968992248;5.0305;0.8355;1.975;NaN;NaN
TEL2004530_40;MFD_SETNO40;44.55255;58.517183;257967;25;22-jul-04;05:11:39;32.108;3.514;4.5249;4.15750387596899;1.5685;0.4025;0.198;NaN;NaN
TEL2004530_40;MFD_SETNO40;44.55255;58.517183;257968;5;22-jul-04;05:11:39;31.348;14.5;4.4937;0.468651162790698;0.448;0.2145;0.0395;31.369;5.914
TEL2004530_41;MFD_SETNO41;44.734567;58.339017;257969;65;22-jul-04;07:13:23;32.303;1.675;4.6192;0.117162790697674;7.099;0.9655;5.5975;32.314;6.5025
TEL2004530_41;MFD_SETNO41;44.734567;58.339017;257970;50;22-jul-04;07:13:23;32.221;2.126;4.6321;0.200153100775194;5.85;0.8825;4.0185;NaN;NaN
TEL2004530_41;MFD_SETNO41;44.734567;58.339017;257971;25;22-jul-04;07:13:23;32.002;4.705;5.0748;4.88506705426357;2.4045;0.4705;0.6365;NaN;NaN
TEL2004530_41;MFD_SETNO41;44.734567;58.339017;257972;5;22-jul-04;07:13:23;31.209;14.316;4.6434;0.302670542635659;0.603;0.256;0.068;31.317;6.1045
TEL2004530_42;MFD_SETNO42;44.751767;58.41695;257973;82;22-jul-04;08:57:14;32.426;1.143;4.7054;0.0488178294573644;7.228;1.037;7.8695;32.447;6.529
TEL2004530_42;MFD_SETNO42;44.751767;58.41695;257974;50;22-jul-04;08:57:14;32.273;1.888;4.5983;0.161098837209302;6.172;0.932;4.929;NaN;NaN
TEL2004530_42;MFD_SETNO42;44.751767;58.41695;257975;25;22-jul-04;08:57:14;32.129;3.201;4.6392;2.13072073643411;3.0315;0.6875;1.6565;NaN;NaN
TEL2004530_42;MFD_SETNO42;44.751767;58.41695;257976;5;22-jul-04;08:57:14;31.181;14.526;3.9654;0.263616279069767;0.4105;0.2525;0.0935;31.196;5.869
TEL2004530_43;MFD_SETNO43;45.162817;58.271833;257977;143;22-jul-04;12:11:29;33.332;2.518;4.0958;0.0346162790697674;15.0525;1.276;14.6945;33.352;5.324
TEL2004530_43;MFD_SETNO43;45.162817;58.271833;257978;50;22-jul-04;12:11:29;32.245;1.575;4.6812;0.175744186046512;3.4295;0.8315;4.8765;NaN;NaN
TEL2004530_43;MFD_SETNO43;45.162817;58.271833;257979;25;22-jul-04;12:11:29;31.642;7.59;4.893;1.3882015503876;0.568;0.259;0.0985;NaN;NaN
TEL2004530_43;MFD_SETNO43;45.162817;58.271833;257980;5;22-jul-04;12:11:29;31.124;14.216;4.4862;0.488178294573643;0.254;0.226;0.067;31.133;5.953
TEL2004530_44;MFD_SETNO44;45.21945;58.127767;257981;77;22-jul-04;13:58:07;32.253;1.407;4.8139;0.0976356589147287;4.393;0.8785;5.6225;32.271;6.7235
TEL2004530_44;MFD_SETNO44;45.21945;58.127767;257982;50;22-jul-04;13:58:07;32.24;1.466;4.6836;0.248970930232558;5.128;0.8395;5.272;NaN;NaN
TEL2004530_44;MFD_SETNO44;45.21945;58.127767;257983;25;22-jul-04;13:58:07;31.836;4.817;4.6698;1.0411511627907;0.2705;0.32;0.112;NaN;NaN
TEL2004530_44;MFD_SETNO44;45.21945;58.127767;257984;5;22-jul-04;13:58:07;30.987;14.51;4.4805;0.346606589147287;0.4475;0.2575;0.122;31.014;6.033
TEL2004530_46;MFD_SETNO46;45.3726;58.75615;257985;82;22-jul-04;18:55:16;32.34;0.966;4.7197;0.0830790697674419;7.601;1.0025;8.1865;32.361;6.577
TEL2004530_46;MFD_SETNO46;45.3726;58.75615;257986;50;22-jul-04;18:55:16;32.153;1.077;4.7092;0.180625968992248;3.8295;0.8795;5.665;NaN;NaN
TEL2004530_46;MFD_SETNO46;45.3726;58.75615;257987;25;22-jul-04;18:55:16;31.751;5.62;4.6387;0.517468992248062;0.425;0.379;0.1475;NaN;NaN
TEL2004530_46;MFD_SETNO46;45.3726;58.75615;257988;5;22-jul-04;18:55:16;30.923;15.385;4.4415;0.302670542635659;0.586;0.3005;0.1325;31.008;6.013
TEL2004530_47;MFD_SETNO47;45.082333;59.093633;257989;76;22-jul-04;22:01:39;32.265;0.821;4.7799;0.107310465116279;7.804;0.9965;7.79;32.287;6.725
TEL2004530_47;MFD_SETNO47;45.082333;59.093633;257990;50;22-jul-04;22:01:39;32.249;0.82;4.7498;0.0865406976744186;6.009;0.9425;6.9125;NaN;NaN
TEL2004530_47;MFD_SETNO47;45.082333;59.093633;257991;25;22-jul-04;22:01:39;31.716;4.171;4.681;1.94348217054264;0.327;0.3965;0.3675;NaN;NaN
TEL2004530_47;MFD_SETNO47;45.082333;59.093633;257992;5;22-jul-04;22:01:39;30.919;14.671;4.5135;0.331961240310078;0.707;0.2745;0.18;31.04;6.2455
TEL2004530_48;MFD_SETNO48;45.233983;59.09295;257993;109;22-jul-04;23:58:50;32.512;1.058;4.7086;0.0657709302325582;9.5285;1.036;8.5385;32.427;6.4975
TEL2004530_48;MFD_SETNO48;45.233983;59.09295;257994;50;22-jul-04;23:58:50;32.24;0.874;4.7343;0.112502906976744;7.0015;1.019;7.2895;NaN;NaN
TEL2004530_48;MFD_SETNO48;45.233983;59.09295;257995;25;22-jul-04;23:58:50;31.693;3.635;4.836;0.798215891472868;1.4765;0.5205;0.8195;NaN;NaN
TEL2004530_48;MFD_SETNO48;45.233983;59.09295;257996;5;22-jul-04;23:58:50;31.038;14.329;4.5758;0.307552325581395;1.0175;0.273;0.021;31.091;6.0595
TEL2004530_49;MFD_SETNO49;45.463683;59.396083;257997;135;23-jul-04;03:13:17;33.077;1.937;4.4686;0.0484627906976744;14.5715;1.1895;12.0555;32.991;5.914
TEL2004530_49;MFD_SETNO49;45.463683;59.396083;257998;50;23-jul-04;03:13:17;31.829;2.333;5.0393;0.185507751937984;2.716;0.7145;2.6735;NaN;NaN
TEL2004530_49;MFD_SETNO49;45.463683;59.396083;257999;25;23-jul-04;03:13:17;31.543;4.62;4.9986;0.62975;1.4425;0.4335;0.1915;NaN;NaN
TEL2004530_49;MFD_SETNO49;45.463683;59.396083;258000;5;23-jul-04;03:13:17;30.886;15.365;4.6235;0.263616279069767;0.5615;0.2275;0.134;30.92;5.852
TEL2004530_5;MFD_SETNO5;43.9191;61.65965;257839;69;18-jul-04;19:27:22;32.516;2.337;4.8204;0.165980620155039;6.739;0.805;4.6115;32.529;7.044
TEL2004530_5;MFD_SETNO5;43.9191;61.65965;257840;50;18-jul-04;19:27:22;32.425;2.498;4.6936;0.366133720930232;6.625;0.747;3.4635;NaN;NaN
TEL2004530_5;MFD_SETNO5;43.9191;61.65965;257841;25;18-jul-04;19:27:22;32.105;7.025;4.7235;0.507705426356589;0.83;0.3005;0.082;NaN;NaN
TEL2004530_5;MFD_SETNO5;43.9191;61.65965;257842;5;18-jul-04;19:27:22;31.959;16.082;4.3118;0.152311627906977;0.484;0.286;0.0645;31.98;6.101
TEL2004530_50;MFD_SETNO50;45.4543;59.132383;268801;119;23-jul-04;05:35:07;32.93;1.543;4.7081;0.027693023255814;11.0775;1.1105;11.216;32.862;6.292
TEL2004530_50;MFD_SETNO50;45.4543;59.132383;268802;100;23-jul-04;05:35:07;32.331;0.912;4.9033;0.0415395348837209;5.5575;0.8305;6.362;NaN;NaN
TEL2004530_50;MFD_SETNO50;45.4543;59.132383;268803;80;23-jul-04;05:35:07;32.232;0.931;4.8721;0.0432703488372093;5.979;0.927;6.8625;NaN;NaN
TEL2004530_50;MFD_SETNO50;45.4543;59.132383;268804;60;23-jul-04;05:35:07;32.049;1.178;4.8863;0.20250523255814;2.7765;0.7405;4.352;NaN;NaN
TEL2004530_50;MFD_SETNO50;45.4543;59.132383;268805;50;23-jul-04;05:35:07;31.915;1.72;4.8936;0.234325581395349;1.769;0.671;3.0465;NaN;NaN
TEL2004530_50;MFD_SETNO50;45.4543;59.132383;268806;40;23-jul-04;05:35:07;31.802;3.026;4.9144;0.41006976744186;1.1295;0.5345;0.99;31.75;7.486
TEL2004530_50;MFD_SETNO50;45.4543;59.132383;268807;30;23-jul-04;05:35:07;31.609;4.244;4.8988;0.551641472868217;0.7505;0.3745;0.2725;NaN;NaN
TEL2004530_50;MFD_SETNO50;45.4543;59.132383;268808;20;23-jul-04;05:35:07;31.427;6.636;4.563;0.468651162790698;0.6245;0.342;0.1555;NaN;NaN
TEL2004530_50;MFD_SETNO50;45.4543;59.132383;268809;10;23-jul-04;05:35:07;30.833;15.181;4.4473;0.307552325581395;0.895;0.2635;0.1405;NaN;NaN
TEL2004530_50;MFD_SETNO50;45.4543;59.132383;268810;1;23-jul-04;05:35:07;30.829;15.241;4.3946;0.28802519379845;0.5395;0.2615;0.141;30.858;5.85
TEL2004530_51;MFD_SETNO51;45.63125;59.056483;268811;276;23-jul-04;08:06:35;33.643;3.433;3.5947;0.0242313953488372;17.71;1.3855;16.631;33.661;4.759
TEL2004530_51;MFD_SETNO51;45.63125;59.056483;268812;50;23-jul-04;08:06:35;31.723;3.684;5.0251;0.27337984496124;2.5685;0.5675;2.204;NaN;NaN
TEL2004530_51;MFD_SETNO51;45.63125;59.056483;268813;25;23-jul-04;08:06:35;31.44;5.012;4.5108;1.11056124031008;1.6815;0.4845;0.6825;NaN;NaN
TEL2004530_51;MFD_SETNO51;45.63125;59.056483;268814;5;23-jul-04;08:06:35;30.168;14.733;4.5575;0.463769379844961;0.8565;0.2735;0.143;30.201;5.952
TEL2004530_52;MFD_SETNO52;45.832967;59.68235;268815;85;23-jul-04;11:50:38;32.714;1.347;4.8047;0.0398087209302325;9.38;1.0135;8.6635;32.732;6.555
TEL2004530_52;MFD_SETNO52;45.832967;59.68235;268816;60;23-jul-04;11:50:38;32.24;1.365;5.0829;0.119426162790698;4.9;0.8075;5.5785;NaN;NaN
TEL2004530_52;MFD_SETNO52;45.832967;59.68235;268817;50;23-jul-04;11:50:38;32.038;1.758;5.0469;0.173081395348837;2.648;0.717;3.552;NaN;NaN
TEL2004530_52;MFD_SETNO52;45.832967;59.68235;268818;40;23-jul-04;11:50:38;31.911;3.534;4.9936;0.28802519379845;3.5605;0.5285;1.6625;31.897;7.434
TEL2004530_52;MFD_SETNO52;45.832967;59.68235;268819;30;23-jul-04;11:50:38;31.685;4.132;4.8984;0.419833333333333;1.5635;0.492;1.0265;NaN;NaN
TEL2004530_52;MFD_SETNO52;45.832967;59.68235;268820;20;23-jul-04;11:50:38;31.796;6.442;4.6387;0.722503875968992;1.5515;0.475;0.9915;NaN;NaN
TEL2004530_52;MFD_SETNO52;45.832967;59.68235;268821;10;23-jul-04;11:50:38;31.219;8.663;4.332;0.62975;1.0635;0.3335;0.172;NaN;5.919
TEL2004530_52;MFD_SETNO52;45.832967;59.68235;268822;1;23-jul-04;11:50:38;30.284;14.824;5.1702;0.488178294573643;0.8515;0.296;0.155;30.405;NaN
TEL2004530_53;MFD_SETNO53;45.958583;59.430417;268823;46;23-jul-04;14:29:37;32.182;3.158;5.1612;0.136734302325581;2.9715;0.6655;2.8045;32.198;7.268
TEL2004530_53;MFD_SETNO53;45.958583;59.430417;268824;25;23-jul-04;14:29:37;31.869;8.276;4.4565;0.971741085271318;0.574;0.355;0.201;NaN;NaN
TEL2004530_53;MFD_SETNO53;45.958583;59.430417;268825;5;23-jul-04;14:29:37;30.541;15.239;4.4171;0.385660852713178;1.1375;0.269;0.1695;30.563;5.871
TEL2004530_55;MFD_SETNO55;45.9809;59.136017;268826;62;23-jul-04;17:10:27;31.789;3.196;5.1066;0.12808023255814;3.5165;0.7015;3.034;31.792;7.1705
TEL2004530_55;MFD_SETNO55;45.9809;59.136017;268827;50;23-jul-04;17:10:27;31.608;3.546;4.885;0.209916666666667;2.662;0.6125;2.167;NaN;NaN
TEL2004530_55;MFD_SETNO55;45.9809;59.136017;268828;25;23-jul-04;17:10:27;30.502;8.041;4.5093;0.902331007751938;0.886;0.3325;0.169;NaN;NaN
TEL2004530_55;MFD_SETNO55;45.9809;59.136017;268829;5;23-jul-04;17:10:27;30.112;14.73;4.569;0.375897286821705;0.8285;0.257;0.1425;30.137;6.0115
TEL2004530_57;MFD_SETNO57;46.082267;59.492083;268830;54;24-jul-04;01:58:55;31.838;3.429;4.9666;0.131808139534884;2.9125;0.6455;2.3005;31.843;7.2415
TEL2004530_57;MFD_SETNO57;46.082267;59.492083;268831;50;24-jul-04;01:58:55;31.846;3.429;4.8761;0.131541860465116;3.2335;0.657;2.5685;NaN;NaN
TEL2004530_57;MFD_SETNO57;46.082267;59.492083;268832;25;24-jul-04;01:58:55;31.351;6.932;4.4255;0.763510852713178;1.993;0.4205;0.711;NaN;NaN
TEL2004530_57;MFD_SETNO57;46.082267;59.492083;268833;5;24-jul-04;01:58:55;30.205;15.151;4.4965;0.449124031007752;0.871;0.2335;0.1445;30.368;6.0455
TEL2004530_58;MFD_SETNO58;46.234767;59.56605;268834;83;24-jul-04;04:07:09;32.383;1.239;4.9723;0.0398087209302325;7.519;0.914;6.6395;32.381;6.9225
TEL2004530_58;MFD_SETNO58;46.234767;59.56605;268835;50;24-jul-04;04:07:09;31.987;1.957;4.9815;0.0951947674418605;4.406;0.716;3.895;NaN;NaN
TEL2004530_58;MFD_SETNO58;46.234767;59.56605;268836;25;24-jul-04;04:07:09;31.122;4.632;4.8221;0.248970930232558;3.307;0.5675;1.7235;NaN;NaN
TEL2004530_58;MFD_SETNO58;46.234767;59.56605;268837;5;24-jul-04;04:07:09;31.125;10.968;4.6648;0.375897286821705;0.83;0.187;0.1365;30.024;6.351
TEL2004530_59;MFD_SETNO59;46.587717;60.3179;268838;89;24-jul-04;09:34:04;32.663;1.277;4.6768;0.0259622093023256;7.478;0.932;7.673;32.628;6.461
TEL2004530_59;MFD_SETNO59;46.587717;60.3179;268839;50;24-jul-04;09:34:04;31.606;2.394;4.7321;0.088271511627907;4.0415;0.6495;3.1895;NaN;NaN
TEL2004530_59;MFD_SETNO59;46.587717;60.3179;268840;25;24-jul-04;09:34:04;30.43;7.658;4.3711;0.798215891472868;1.7185;0.411;0.559;NaN;NaN
TEL2004530_59;MFD_SETNO59;46.587717;60.3179;268841;5;24-jul-04;09:34:04;29.614;14.866;4.6068;0.763510852713178;0.958;0.1885;0.142;29.629;6.2235
TEL2004530_6;MFD_SETNO6;44.17495;61.376717;257843;128;18-jul-04;22:05:54;33.556;5.052;3.7731;0.027693023255814;13.6;1.1695;14.3515;33.568;5.17
TEL2004530_6;MFD_SETNO6;44.17495;61.376717;257844;50;18-jul-04;22:05:54;32.435;2.64;4.8535;0.884978488372093;3.567;0.66;2.305;NaN;NaN
TEL2004530_6;MFD_SETNO6;44.17495;61.376717;257845;25;18-jul-04;22:05:54;32.14;7.351;4.5052;0.483296511627907;1.079;0.3305;0.025;NaN;NaN
TEL2004530_6;MFD_SETNO6;44.17495;61.376717;257846;5;18-jul-04;22:05:54;31.961;15.921;4.3273;0.133272674418605;0.5215;0.304;0.0075;32.018;6.0095
TEL2004530_60;MFD_SETNO60;46.8444;60.091383;268842;154;24-jul-04;13:07:01;33.826;3.884;3.3577;0.0380779069767442;20.752;1.454;17.7315;33.844;4.3335
TEL2004530_60;MFD_SETNO60;46.8444;60.091383;268843;50;24-jul-04;13:07:01;31.368;2.575;4.679;0.0917331395348837;3.0235;0.6085;2.458;NaN;NaN
TEL2004530_60;MFD_SETNO60;46.8444;60.091383;268844;25;24-jul-04;13:07:01;30.244;9;4.3541;1.0411511627907;1.3075;0.3315;0.1505;NaN;NaN
TEL2004530_60;MFD_SETNO60;46.8444;60.091383;268845;5;24-jul-04;13:07:01;29.534;17.129;4.3461;0.532114341085271;0.8705;0.181;0.152;29.566;5.82
TEL2004530_61;MFD_SETNO61;46.930833;59.962;268846;178;24-jul-04;14:53:33;33.198;3.995;3.3061;0.0207697674418605;20.4485;1.486;18.494;33.88;4.223
TEL2004530_61;MFD_SETNO61;46.930833;59.962;268847;50;24-jul-04;14:53:33;31.466;2.673;4.6522;0.102118023255814;4.8935;0.6885;4.0675;NaN;NaN
TEL2004530_61;MFD_SETNO61;46.930833;59.962;268848;25;24-jul-04;14:53:33;30.363;8.189;4.1482;1.26673391472868;1.4125;0.3295;0.2405;NaN;NaN
TEL2004530_61;MFD_SETNO61;46.930833;59.962;268849;5;24-jul-04;14:53:33;29.017;17.978;4.2824;0.56140503875969;0.8045;0.097;0.1545;29.068;5.6585
TEL2004530_62;MFD_SETNO62;47.003967;59.9915;268850;226;24-jul-04;16:35:15;34.194;4.992;2.9182;NaN;NaN;NaN;NaN;NaN;NaN
TEL2004530_62;MFD_SETNO62;47.003967;59.9915;268851;50;24-jul-04;16:35:15;32.037;1.481;4.6388;0.20503488372093;4.7815;0.8245;4.6265;NaN;NaN
TEL2004530_62;MFD_SETNO62;47.003967;59.9915;268852;25;24-jul-04;16:35:15;30.6;5.647;4.3819;0.566286821705426;3.1315;0.5725;1.8135;NaN;NaN
TEL2004530_62;MFD_SETNO62;47.003967;59.9915;268853;5;24-jul-04;16:35:15;29.397;17.841;4.3329;0.463769379844961;0.544;0.0875;0.136;29.383;5.7285
TEL2004530_63;MFD_SETNO63;46.774967;60.076867;268854;148;24-jul-04;19:27:57;33.681;3.459;3.4477;0.0467319767441861;20.88;1.4415;16.8075;33.702;4.4215
TEL2004530_63;MFD_SETNO63;46.774967;60.076867;268855;50;24-jul-04;19:27:57;31.271;2.833;4.8101;0.152311627906977;2.8545;0.638;2.2185;NaN;NaN
TEL2004530_63;MFD_SETNO63;46.774967;60.076867;268856;25;24-jul-04;19:27:57;30.379;7.36;4.5337;1.30143895348837;1.412;0.3745;0.2925;NaN;NaN
TEL2004530_63;MFD_SETNO63;46.774967;60.076867;268857;5;24-jul-04;19:27:57;29.557;17.196;4.4969;0.56140503875969;0.8575;0.2225;0.1365;29.652;5.905
TEL2004530_64;MFD_SETNO64;46.7202;60.12665;268858;138;24-jul-04;21:14:58;33.583;3.178;3.5059;0.0346162790697674;23.438;1.4635;16.665;33.592;4.428
TEL2004530_64;MFD_SETNO64;46.7202;60.12665;268859;50;24-jul-04;21:14:58;31.38;2.193;4.7945;0.143657558139535;3.197;0.594;2.6525;NaN;NaN
TEL2004530_64;MFD_SETNO64;46.7202;60.12665;268860;25;24-jul-04;21:14:58;30.62;7.532;4.5821;0.502823643410853;1.55;0.3975;0.571;NaN;NaN
TEL2004530_64;MFD_SETNO64;46.7202;60.12665;268861;5;24-jul-04;21:14:58;29.529;17.193;4.4618;0.483296511627907;0.8475;0.1905;0.137;29.594;5.824
TEL2004530_65;MFD_SETNO65;46.55025;59.51;268862;101;25-jul-04;01:21:38;33.191;2.136;4.2557;0.00692325581395346;12.322;1.1295;11.8525;33.201;5.5735
TEL2004530_65;MFD_SETNO65;46.55025;59.51;268863;50;25-jul-04;01:21:38;32.06;1.536;4.8562;0.110772093023256;4.574;0.8085;4.356;NaN;NaN
TEL2004530_65;MFD_SETNO65;46.55025;59.51;268864;25;25-jul-04;01:21:38;31.479;1.903;3.9501;0.336843023255814;5.694;0.8335;4.1615;NaN;NaN
TEL2004530_65;MFD_SETNO65;46.55025;59.51;268865;5;25-jul-04;01:21:38;29.288;17.563;4.4068;0.449124031007752;0.9365;0.1395;0.1625;29.473;5.735
TEL2004530_66;MFD_SETNO66;46.429217;59.022267;268866;315;25-jul-04;05:14:55;34.81;5.664;2.5455;0.013846511627907;27.779;1.704;22.8405;34.815;3.4065
TEL2004530_66;MFD_SETNO66;46.429217;59.022267;268867;50;25-jul-04;05:14:55;32.321;1.047;5.0049;0.268498062015504;1.6975;0.7;3.785;NaN;NaN
TEL2004530_66;MFD_SETNO66;46.429217;59.022267;268868;25;25-jul-04;05:14:55;31.923;4.977;4.6973;0.458887596899225;0.6435;0.367;0.21;NaN;NaN
TEL2004530_66;MFD_SETNO66;46.429217;59.022267;268869;5;25-jul-04;05:14:55;29.656;16.627;4.3693;0.41006976744186;0.709;0.19;0.154;29.722;5.7475
TEL2004530_67;MFD_SETNO67;46.182617;59.1386;268870;94;25-jul-04;07:49:04;32.417;1.667;4.8523;0.0432703488372093;8.355;0.954;7.1845;32.421;6.6945
TEL2004530_67;MFD_SETNO67;46.182617;59.1386;268871;50;25-jul-04;07:49:04;31.6;3.572;4.8935;0.234325581395349;3.476;0.675;2.546;NaN;NaN
TEL2004530_67;MFD_SETNO67;46.182617;59.1386;268872;25;25-jul-04;07:49:04;30.991;7.834;4.4544;1.0411511627907;1.2185;0.331;0.24;NaN;NaN
TEL2004530_67;MFD_SETNO67;46.182617;59.1386;268873;5;25-jul-04;07:49:04;29.891;15.324;4.5336;0.41006976744186;1.0475;0.197;0.1745;29.913;5.989
TEL2004530_68;MFD_SETNO68;46.252417;58.9136;268874;240;25-jul-04;10:01:32;34.543;5.342;2.7097;0.0155773255813953;21.511;1.559;20.557;34.34;3.6645
TEL2004530_68;MFD_SETNO68;46.252417;58.9136;268875;50;25-jul-04;10:01:32;32.195;1.274;4.9706;0.434478682170543;2.887;0.5945;3.572;NaN;NaN
TEL2004530_68;MFD_SETNO68;46.252417;58.9136;268876;25;25-jul-04;10:01:32;31.347;3.849;4.5158;1.61378430232558;2.6845;0.473;0.9055;NaN;NaN
TEL2004530_68;MFD_SETNO68;46.252417;58.9136;268877;5;25-jul-04;10:01:32;29.662;16.147;4.4356;0.41006976744186;0.9605;0.1645;0.167;29.727;5.7585
TEL2004530_69;MFD_SETNO69;46.076533;58.5342;268878;313;25-jul-04;12:56:13;34.758;5.814;2.3475;0.013846511627907;25.459;1.687;21.158;34.761;3.249
TEL2004530_69;MFD_SETNO69;46.076533;58.5342;268879;50;25-jul-04;12:56:13;32.201;2.329;5.3258;0.278261627906977;1.209;0.599;1.6975;NaN;NaN
TEL2004530_69;MFD_SETNO69;46.076533;58.5342;268880;25;25-jul-04;12:56:13;31.114;3.775;4.8817;1.70054689922481;2.5975;0.507;1.1805;NaN;NaN
TEL2004530_69;MFD_SETNO69;46.076533;58.5342;268881;5;25-jul-04;12:56:13;29.889;15.35;4.8742;0.556523255813953;1.127;0.2095;0.167;29.968;5.9735
TEL2004530_7;MFD_SETNO7;44.04825;60.9115;257847;42;19-jul-04;00:54:14;31.973;7.653;4.7953;1.00644612403101;0.944;0.4165;0.184;31.966;7.111
TEL2004530_7;MFD_SETNO7;44.04825;60.9115;257848;25;19-jul-04;00:54:14;31.958;8.801;4.6767;1.56172674418605;0.447;0.3665;0.007;NaN;NaN
TEL2004530_7;MFD_SETNO7;44.04825;60.9115;257849;5;19-jul-04;00:54:14;31.815;13.642;5.0168;0.502823643410853;0.237;0.3155;0.011;31.81;6.653
TEL2004530_70;MFD_SETNO70;45.675583;58.617117;268882;87;25-jul-04;16:17:55;32.615;1.107;4.7154;0.0398087209302325;9.063;1.0335;9.5175;32.638;6.5695
TEL2004530_70;MFD_SETNO70;45.675583;58.617117;268883;50;25-jul-04;16:17:55;32.146;1.288;4.7495;0.173081395348837;5.117;0.8065;5.966;NaN;NaN
TEL2004530_70;MFD_SETNO70;45.675583;58.617117;268884;25;25-jul-04;16:17:55;31.998;6.655;4.5828;0.624690697674419;1.142;0.3235;0.2535;NaN;NaN
TEL2004530_70;MFD_SETNO70;45.675583;58.617117;268885;5;25-jul-04;16:17:55;30.066;15.724;4.2456;0.850273449612403;1.276;0.2195;0.0985;30.167;5.912
TEL2004530_71;MFD_SETNO71;45.639183;58.540083;268886;380;25-jul-04;18:20:57;33.478;2.981;3.9329;0.0155773255813954;16.031;1.3495;14.694;33.53;5.172
TEL2004530_71;MFD_SETNO71;45.639183;58.540083;268887;50;25-jul-04;18:20:57;32.165;1.197;4.8098;0.162696511627907;5.2345;0.949;6.3415;NaN;NaN
TEL2004530_71;MFD_SETNO71;45.639183;58.540083;268888;25;25-jul-04;18:20:57;31.872;5.97;4.5306;0.419833333333333;1.3165;0.4865;1.222;NaN;NaN
TEL2004530_71;MFD_SETNO71;45.639183;58.540083;268889;5;25-jul-04;18:20:57;29.906;16.139;4.3481;0.571168604651163;0.79;0.2045;0.147;30.111;5.8155
TEL2004530_72;MFD_SETNO72;45.618467;58.406383;268890;112;25-jul-04;20:51:51;32.852;1.547;4.5889;0.0380779069767442;10.4245;1.1475;11.1015;32.848;6.2325
TEL2004530_72;MFD_SETNO72;45.618467;58.406383;268891;50;25-jul-04;20:51:51;32.07;1.74;5.0067;0.263616279069767;2.312;0.678;3.905;NaN;NaN
TEL2004530_72;MFD_SETNO72;45.618467;58.406383;268892;25;25-jul-04;20:51:51;31.66;5.354;4.5455;0.732267441860465;1.1365;0.399;0.413;NaN;NaN
TEL2004530_72;MFD_SETNO72;45.618467;58.406383;268893;5;25-jul-04;20:51:51;30.103;15.695;4.4439;0.571168604651163;0.9145;0.2355;0.139;30.295;5.8695
TEL2004530_73;MFD_SETNO73;45.619783;58.041083;268894;160;25-jul-04;23:21:20;34.115;4.88;3.3736;0.0207697674418605;15.384;1.3005;15.6995;34.137;4.119
TEL2004530_73;MFD_SETNO73;45.619783;58.041083;268895;50;25-jul-04;23:21:20;32.008;2.026;5.0632;0.292906976744186;2.649;0.7355;3.2745;NaN;NaN
TEL2004530_73;MFD_SETNO73;45.619783;58.041083;268896;25;25-jul-04;23:21:20;31.667;5.122;4.7915;0.302670542635659;5.539;0.803;6.028;NaN;NaN
TEL2004530_73;MFD_SETNO73;45.619783;58.041083;268897;5;25-jul-04;23:21:20;30.165;15.903;4.5597;0.497941860465116;2.6125;0.1995;0.1495;30.181;5.574
TEL2004530_74;MFD_SETNO74;45.569183;57.936617;268898;250;26-jul-04;01:08:41;34.66;6.071;2.4509;0.0121156976744186;21.15;1.563;20.819;34.684;3.3345
TEL2004530_74;MFD_SETNO74;45.569183;57.936617;268899;50;26-jul-04;01:08:41;32.091;2.793;4.6544;0.312434108527132;2.231;0.5295;2.8895;NaN;NaN
TEL2004530_74;MFD_SETNO74;45.569183;57.936617;268900;25;26-jul-04;01:08:41;32.028;4.472;4.5699;0.751794573643411;2.5885;0.5345;1.7645;NaN;NaN
TEL2004530_74;MFD_SETNO74;45.569183;57.936617;268901;5;26-jul-04;01:08:41;30.366;15.843;4.2008;0.449124031007752;0.9885;0.2625;0.1365;30.488;5.7255
TEL2004530_75;MFD_SETNO75;45.4351;58.019033;268902;258;26-jul-04;04:20:08;33.547;3.171;3.9625;0.0242313953488372;13.655;1.2345;13.438;33.545;5.1665
TEL2004530_75;MFD_SETNO75;45.4351;58.019033;268903;50;26-jul-04;04:20:08;32.104;1.491;5.0256;0.224562015503876;3.4365;0.828;4.4475;NaN;NaN
TEL2004530_75;MFD_SETNO75;45.4351;58.019033;268904;25;26-jul-04;04:20:08;31.881;5.914;4.8028;0.867625968992248;1.5175;0.4265;0.809;NaN;NaN
TEL2004530_75;MFD_SETNO75;45.4351;58.019033;268905;5;26-jul-04;04:20:08;30.083;15.692;4.3757;0.444242248062015;0.8965;0.2475;0.113;30.437;5.9095
TEL2004530_76;MFD_SETNO76;45.223933;57.7794;268906;78;26-jul-04;07:33:20;32.521;1.135;4.74;0.0657709302325581;7.3995;1.065;8.747;32.547;6.482
TEL2004530_76;MFD_SETNO76;45.223933;57.7794;268907;50;26-jul-04;07:33:20;32.1;1.554;5.0073;0.27337984496124;2.9235;0.739;4.544;NaN;NaN
TEL2004530_76;MFD_SETNO76;45.223933;57.7794;268908;25;26-jul-04;07:33:20;31.648;4.885;4.991;1.33614399224806;0.493;0.3385;0.199;NaN;NaN
TEL2004530_76;MFD_SETNO76;45.223933;57.7794;268909;5;26-jul-04;07:33:20;30.883;15.247;4.555;0.468651162790697;0.7375;0.279;0.087;30.886;5.9845
TEL2004530_77;MFD_SETNO77;45.077933;57.5333;268910;279;26-jul-04;09:52:33;34.7;5.881;2.7515;0.0155773255813954;17.969;1.4475;17.951;34.71;3.6045
TEL2004530_77;MFD_SETNO77;45.077933;57.5333;268911;50;26-jul-04;09:52:33;32.252;1.04;4.9851;0.214798449612403;3.54;0.8835;5.1205;NaN;NaN
TEL2004530_77;MFD_SETNO77;45.077933;57.5333;268912;25;26-jul-04;09:52:33;31.805;3.523;4.9853;0.576050387596899;0.547;0.404;0.5195;NaN;NaN
TEL2004530_77;MFD_SETNO77;45.077933;57.5333;268913;5;26-jul-04;09:52:33;30.714;15.786;4.9465;0.566286821705426;0.73;0.2775;0.088;30.888;5.9605
TEL2004530_78;MFD_SETNO78;45.001217;57.745583;268914;53;26-jul-04;12:01:56;32.14;2.563;4.5069;0.185507751937984;4.973;0.8405;3.14;32.157;6.295
TEL2004530_78;MFD_SETNO78;45.001217;57.745583;268915;25;26-jul-04;12:01:56;31.936;4.894;4.5754;4.31341027131783;1.558;0.378;0.2175;NaN;NaN
TEL2004530_78;MFD_SETNO78;45.001217;57.745583;268916;5;26-jul-04;12:01:56;31.104;16.287;4.4394;0.307552325581395;0.333;0.187;0.0715;31.202;5.835
TEL2004530_79;MFD_SETNO79;44.822267;57.519833;268917;37;26-jul-04;14:10:32;31.967;3.2;5.1009;0.746158333333333;2.023;0.6235;1.6745;31.972;7.2705
TEL2004530_79;MFD_SETNO79;44.822267;57.519833;268918;25;26-jul-04;14:10:32;31.809;4.402;4.9525;1.35349651162791;0.842;0.394;0.3355;NaN;NaN
TEL2004530_79;MFD_SETNO79;44.822267;57.519833;268919;5;26-jul-04;14:10:32;31.275;15.142;4.7595;0.278261627906977;0.825;0.265;0.2325;31.384;6.3115
TEL2004530_8;MFD_SETNO8;44.130667;60.730517;257850;36;19-jul-04;03:19:25;31.9;5.618;4.9607;1.09320872093023;0.907;0.389;0.144;31.806;7.5645
TEL2004530_8;MFD_SETNO8;44.130667;60.730517;257851;25;19-jul-04;03:19:25;31.913;7.631;4.593;1.00644612403101;0.6815;0.3685;0.1225;NaN;NaN
TEL2004530_8;MFD_SETNO8;44.130667;60.730517;257852;5;19-jul-04;03:19:25;31.712;13.22;4.641;0.27337984496124;0.201;0.2845;0.002;31.739;6.038
TEL2004530_80;MFD_SETNO80;44.871517;57.335433;268920;331;26-jul-04;16:09:47;34.731;5.357;3.2391;0.013846511627907;18.6015;1.366;19.483;34.747;4.236
TEL2004530_80;MFD_SETNO80;44.871517;57.335433;268921;50;26-jul-04;16:09:47;32.204;1.057;4.9565;0.136734302325581;4.4575;0.8995;6.3985;NaN;NaN
TEL2004530_80;MFD_SETNO80;44.871517;57.335433;268922;25;26-jul-04;16:09:47;31.734;4.108;4.9333;0.444242248062015;0.901;0.4705;0.7635;NaN;NaN
TEL2004530_80;MFD_SETNO80;44.871517;57.335433;268923;5;26-jul-04;16:09:47;31.001;16.149;4.7394;0.497941860465116;0.669;0.21;0.25;31.139;5.988
TEL2004530_81;MFD_SETNO81;44.504717;57.427067;268924;66;26-jul-04;19:46:08;32.518;1.277;5.0279;0.331961240310077;3.742;0.801;4.6135;32.541;6.983
TEL2004530_81;MFD_SETNO81;44.504717;57.427067;268925;50;26-jul-04;19:46:08;32.533;1.31;4.7792;0.307552325581395;4.516;0.846;5.582;NaN;NaN
TEL2004530_81;MFD_SETNO81;44.504717;57.427067;268926;25;26-jul-04;19:46:08;32.366;4.873;4.4163;0.556523255813953;2.0335;0.594;2.6945;NaN;NaN
TEL2004530_81;MFD_SETNO81;44.504717;57.427067;268927;5;26-jul-04;19:46:08;31.05;15.792;4.5806;0.654158914728682;0.881;0.254;0.245;31.109;6.028
TEL2004530_82;MFD_SETNO82;44.426233;57.540933;268928;89;26-jul-04;21:22:23;32.698;0.855;5.0976;0.195271317829457;4.8165;0.891;5.73;32.727;6.899
TEL2004530_82;MFD_SETNO82;44.426233;57.540933;268929;50;26-jul-04;21:22:23;32.47;1.483;4.7434;0.258734496124031;4.069;0.8235;4.9345;NaN;NaN
TEL2004530_82;MFD_SETNO82;44.426233;57.540933;268930;25;26-jul-04;21:22:23;32.421;5.49;4.3975;1.8914246124031;0.8835;0.374;0.2855;NaN;NaN
TEL2004530_82;MFD_SETNO82;44.426233;57.540933;268931;5;26-jul-04;21:22:23;31.056;16.122;4.5953;0.375897286821705;0.7545;0.242;0.2065;31.072;5.922
TEL2004530_83;MFD_SETNO83;44.344133;57.535617;268932;561;27-jul-04;00:32:25;34.886;4.283;4.5001;0.00585813953488372;9.637;1.05;15.5075;34.902;5.804
TEL2004530_83;MFD_SETNO83;44.344133;57.535617;268933;100;27-jul-04;00:32:25;32.828;0.642;5.0178;0.0623093023255814;6.791;1.0265;7.9815;NaN;NaN
TEL2004530_83;MFD_SETNO83;44.344133;57.535617;268934;80;27-jul-04;00:32:25;32.807;0.558;4.9936;0.0501936046511628;5.505;0.9395;6.469;NaN;NaN
TEL2004530_83;MFD_SETNO83;44.344133;57.535617;268935;60;27-jul-04;00:32:25;32.732;0.682;4.8523;0.161098837209302;4.3285;0.9125;5.3975;NaN;NaN
TEL2004530_83;MFD_SETNO83;44.344133;57.535617;268936;50;27-jul-04;00:32:25;32.72;0.727;4.6243;0.117162790697674;3.7465;0.8535;4.8775;NaN;NaN
TEL2004530_83;MFD_SETNO83;44.344133;57.535617;268937;40;27-jul-04;00:32:25;32.713;2.107;4.3698;0.317315891472868;3.9265;0.799;4.5325;32.689;6.875
TEL2004530_83;MFD_SETNO83;44.344133;57.535617;268938;30;27-jul-04;00:32:25;32.816;7.012;4.5339;0.56140503875969;1.2395;0.426;0.312;NaN;NaN
TEL2004530_83;MFD_SETNO83;44.344133;57.535617;268939;20;27-jul-04;00:32:25;32.77;10.322;4.6077;1.0411511627907;1.028;0.313;0.1895;NaN;NaN
TEL2004530_83;MFD_SETNO83;44.344133;57.535617;268940;10;27-jul-04;00:32:25;31.668;13.775;4.302;0.815568410852713;0.742;0.284;0.196;NaN;NaN
TEL2004530_83;MFD_SETNO83;44.344133;57.535617;268941;1;27-jul-04;00:32:25;31.01;15.651;4.7901;0.375897286821705;0.5825;0.2295;0.189;31.106;5.854
TEL2004530_84;MFD_SETNO84;44.31995;57.549717;268942;600;27-jul-04;04:38:24;34.887;4.282;4.5126;NaN;10.849;1.129;17.601;34.902;5.8685
TEL2004530_84;MFD_SETNO84;44.31995;57.549717;268943;50;27-jul-04;04:38:24;32.847;3.789;4.3783;0.366133720930232;3.429;0.74;3.638;NaN;NaN
TEL2004530_84;MFD_SETNO84;44.31995;57.549717;268944;25;27-jul-04;04:38:24;32.776;10.234;4.5465;1.05850368217054;1.038;0.2975;0.2175;NaN;NaN
TEL2004530_84;MFD_SETNO84;44.31995;57.549717;268945;5;27-jul-04;04:38:24;31.074;15.99;4.5442;0.371015503875969;0.661;0.2485;0.195;31.098;5.9435
TEL2004530_85;MFD_SETNO85;44.379867;57.6812;268946;115;27-jul-04;07:50:11;33.134;2.21;4.8837;0.165980620155039;6.8055;0.982;8.543;33.134;6.407
TEL2004530_85;MFD_SETNO85;44.379867;57.6812;268947;50;27-jul-04;07:50:11;32.336;1.476;4.9535;0.258734496124031;4.7325;0.9115;6.7415;NaN;NaN
TEL2004530_85;MFD_SETNO85;44.379867;57.6812;268948;25;27-jul-04;07:50:11;32.015;2.767;4.5873;0.556523255813953;0.888;0.5635;1.423;NaN;NaN
TEL2004530_85;MFD_SETNO85;44.379867;57.6812;268949;5;27-jul-04;07:50:11;31.279;16.006;4.5436;0.449124031007752;0.548;0.233;0.2005;31.292;5.9455
TEL2004530_86;MFD_SETNO86;44.390483;58.180467;268950;54;27-jul-04;10:36:35;32.141;2.818;4.9616;0.444242248062015;3.112;0.697;2.6715;32.145;6.949
TEL2004530_86;MFD_SETNO86;44.390483;58.180467;268951;25;27-jul-04;10:36:35;31.878;6.627;4.7352;2.56817286821705;0.871;0.406;0.2895;NaN;NaN
TEL2004530_86;MFD_SETNO86;44.390483;58.180467;268952;5;27-jul-04;10:36:35;31.418;14.79;4.7607;0.884978488372093;0.734;0.2385;0.1915;31.448;6.0425
TEL2004530_87;MFD_SETNO87;44.290083;58.064833;268953;111;27-jul-04;13:20:01;32.834;0.95;4.9705;0.0951947674418605;6.086;0.9765;7.072;32.855;6.8465
TEL2004530_87;MFD_SETNO87;44.290083;58.064833;268954;50;27-jul-04;13:20:01;32.556;3.007;4.8281;0.27337984496124;2.961;0.6595;2.3645;NaN;NaN
TEL2004530_87;MFD_SETNO87;44.290083;58.064833;268955;25;27-jul-04;13:20:01;32.466;6.819;4.6449;1.05850368217054;0.7735;0.35;0.1985;NaN;NaN
TEL2004530_87;MFD_SETNO87;44.290083;58.064833;268956;5;27-jul-04;13:20:01;31.629;15.426;4.5014;0.346606589147287;0.696;0.2505;0.182;31.586;5.8265
TEL2004530_88;MFD_SETNO88;44.106;58.289883;268957;471;27-jul-04;16:25:01;34.886;4.37;4.4428;0.00692325581395349;10.9685;1.1435;18.153;34.906;5.749
TEL2004530_88;MFD_SETNO88;44.106;58.289883;268958;50;27-jul-04;16:25:01;32.686;4.102;4.9576;0.414951550387597;1.447;0.5165;1.0755;NaN;NaN
TEL2004530_88;MFD_SETNO88;44.106;58.289883;268959;25;27-jul-04;16:25:01;32.245;5.215;4.3969;0.644395348837209;1.8445;0.546;1.454;NaN;NaN
TEL2004530_88;MFD_SETNO88;44.106;58.289883;268960;5;27-jul-04;16:25:01;31.423;16.684;4.6614;0.375897286821705;0.79;0.231;0.144;31.47;6.014
TEL2004530_89;MFD_SETNO89;43.986717;58.638533;268961;186;27-jul-04;19:40:46;34.482;6.284;3.8364;0.0207697674418605;10.2975;1.119;16.277;34.505;4.907
TEL2004530_89;MFD_SETNO89;43.986717;58.638533;268962;50;27-jul-04;19:40:46;32.457;1.52;4.7389;0.175744186046512;2.7675;0.71;3.6545;NaN;NaN
TEL2004530_89;MFD_SETNO89;43.986717;58.638533;268963;25;27-jul-04;19:40:46;32.509;8.103;5.0929;0.712740310077519;0.9965;0.3535;0.5875;NaN;NaN
TEL2004530_89;MFD_SETNO89;43.986717;58.638533;268964;5;27-jul-04;19:40:46;31.714;16.087;4.5533;0.346606589147287;0.5855;0.222;0.151;31.569;5.827
TEL2004530_9;MFD_SETNO9;44.059333;60.497983;257853;36;19-jul-04;05:06:03;32.022;6.099;4.9513;1.07585620155039;1.714;0.448;0.997;31.924;7.099
TEL2004530_9;MFD_SETNO9;44.059333;60.497983;257854;25;19-jul-04;05:06:03;31.706;9.943;5.1093;1.0411511627907;0.955;0.353;0.158;NaN;NaN
TEL2004530_9;MFD_SETNO9;44.059333;60.497983;257855;5;19-jul-04;05:06:03;31.68;10.409;4.9917;1.0411511627907;0.3545;0.318;0.069;31.674;6.6825
TEL2004530_90;MFD_SETNO90;44.004133;58.747167;268965;115;27-jul-04;21:18:20;33.531;3.358;4.4389;0.0623093023255814;7.9875;1.0035;10.6615;33.536;5.8285
TEL2004530_90;MFD_SETNO90;44.004133;58.747167;268966;50;27-jul-04;21:18:20;32.676;3.125;4.7897;0.195271317829457;2.222;0.641;2.643;NaN;NaN
TEL2004530_90;MFD_SETNO90;44.004133;58.747167;268967;25;27-jul-04;21:18:20;32.522;8.975;4.8354;0.600459302325581;0.659;0.277;0.1675;NaN;NaN
TEL2004530_90;MFD_SETNO90;44.004133;58.747167;268968;5;27-jul-04;21:18:20;31.56;16.957;4.5581;0.34172480620155;0.657;0.218;0.141;31.528;5.9045
TEL2004530_91;MFD_SETNO91;44.361817;58.610917;268969;61;28-jul-04;00:20:54;32.253;2.395;5.0995;0.209916666666667;3.906;0.752;3.692;32.273;6.8885
TEL2004530_91;MFD_SETNO91;44.361817;58.610917;268970;50;28-jul-04;00:20:54;32.256;2.423;4.9261;0.161098837209302;3.353;0.715;3.2385;NaN;NaN
TEL2004530_91;MFD_SETNO91;44.361817;58.610917;268971;25;28-jul-04;00:20:54;31.905;5.547;5.1195;1.57907926356589;1.914;0.476;0.97;NaN;NaN
TEL2004530_91;MFD_SETNO91;44.361817;58.610917;268972;5;28-jul-04;00:20:54;31.706;15.445;4.8675;0.56140503875969;0.588;0.2325;0.1415;31.492;6.181
TEL2004530_92;MFD_SETNO92;44.404917;58.721883;268973;60;28-jul-04;01:41:10;32.187;2.406;4.9902;0.351488372093023;3.6105;0.7735;3.714;32.223;7.0475
TEL2004530_92;MFD_SETNO92;44.404917;58.721883;268974;50;28-jul-04;01:41:10;32.199;2.437;4.7553;0.175744186046512;3.349;0.739;3.4515;NaN;NaN
TEL2004530_92;MFD_SETNO92;44.404917;58.721883;268975;25;28-jul-04;01:41:10;31.878;7.462;4.6118;1.11056124031008;1.5995;0.515;1.191;NaN;NaN
TEL2004530_92;MFD_SETNO92;44.404917;58.721883;268976;5;28-jul-04;01:41:10;31.481;16.706;4.4217;1.16261879844961;0.5225;0.2325;0.127;31.565;6.2445
TEL2004530_93;MFD_SETNO93;44.2609;59.05005;268977;184;28-jul-04;04:40:37;34.473;4.787;4.1153;0.0242313953488372;11.932;1.1785;17.88;34.48;5.284
TEL2004530_93;MFD_SETNO93;44.2609;59.05005;268978;50;28-jul-04;04:40:37;32.52;3.128;4.8534;0.185507751937985;2.6055;0.6855;3.5125;NaN;NaN
TEL2004530_93;MFD_SETNO93;44.2609;59.05005;268979;25;28-jul-04;04:40:37;32.283;6.737;4.4681;1.5443742248062;1.447;0.4365;0.4765;NaN;NaN
TEL2004530_93;MFD_SETNO93;44.2609;59.05005;268980;5;28-jul-04;04:40:37;31.345;16.903;4.4499;0.468651162790698;0.5445;0.233;0.111;31.613;6.064
TEL2004530_95;MFD_SETNO95;44.300933;59.321483;268981;240;28-jul-04;09:23:43;34.466;4.236;4.2709;0.0259622093023256;12.4325;1.1545;17.545;34.472;5.616
TEL2004530_95;MFD_SETNO95;44.300933;59.321483;268982;50;28-jul-04;09:23:43;32.397;4.812;5.074;0.307552325581395;1.902;0.5665;2.385;NaN;NaN
TEL2004530_95;MFD_SETNO95;44.300933;59.321483;268983;25;28-jul-04;09:23:43;32.184;8.248;4.7901;1.21467635658915;0.8935;0.3755;0.2565;NaN;NaN
TEL2004530_95;MFD_SETNO95;44.300933;59.321483;268984;5;28-jul-04;09:23:43;31.546;15.349;4.5289;0.434478682170543;0.5855;0.229;0.1005;31.517;5.853
TEL2004530_96;MFD_SETNO96;44.3414;59.338783;268985;214;28-jul-04;11:53:35;34.366;3.995;4.2651;0.0328854651162791;14.46;1.1705;16.762;34.336;5.5725
TEL2004530_96;MFD_SETNO96;44.3414;59.338783;268986;50;28-jul-04;11:53:35;32.51;2.954;4.7441;0.180625968992248;3.7885;0.7505;4.6405;NaN;NaN
TEL2004530_96;MFD_SETNO96;44.3414;59.338783;268987;25;28-jul-04;11:53:35;32.184;8.387;4.6853;1.35349651162791;0.817;0.3675;0.3005;NaN;NaN
TEL2004530_96;MFD_SETNO96;44.3414;59.338783;268988;5;28-jul-04;11:53:35;31.538;15.832;4.5233;0.414951550387597;0.4855;0.237;0.101;31.613;6.038
TEL2004530_97;MFD_SETNO97;44.26045;59.376883;268989;232;28-jul-04;13:54:13;34.346;3.941;4.242;0.0363470930232558;14.5195;1.1745;17.404;34.361;5.4945
TEL2004530_97;MFD_SETNO97;44.26045;59.376883;268990;50;28-jul-04;13:54:13;32.621;3.679;4.7937;0.200153100775194;2.471;0.6445;3.4795;NaN;NaN
TEL2004530_97;MFD_SETNO97;44.26045;59.376883;268991;25;28-jul-04;13:54:13;32.197;8.304;4.7835;1.80466201550388;0.4525;0.3105;0;NaN;NaN
TEL2004530_97;MFD_SETNO97;44.26045;59.376883;268992;5;28-jul-04;13:54:13;31.544;15.991;4.4235;0.659395736434109;0.231;0.1855;0;31.529;5.9815
TEL2004530_98;MFD_SETNO98;44.106;59.259567;268993;203;28-jul-04;16:18:35;33.818;3.477;4.4771;0.0328854651162791;10.225;1.0415;13.239;33.841;5.828
TEL2004530_98;MFD_SETNO98;44.106;59.259567;268994;50;28-jul-04;16:18:35;32.389;2.922;4.7554;0.248970930232558;2.739;0.662;3.273;NaN;NaN
TEL2004530_98;MFD_SETNO98;44.106;59.259567;268995;25;28-jul-04;16:18:35;32.095;8.927;4.9725;1.33614399224806;0.3875;0.2535;0;NaN;NaN
TEL2004530_98;MFD_SETNO98;44.106;59.259567;268996;5;28-jul-04;16:18:35;31.109;16.91;4.4318;0.937036046511628;0.4245;0.1985;0;31.718;6.44
TEL2004530_99;MFD_SETNO99;43.9678;59.29685;268997;40;28-jul-04;18:25:39;32.321;3.712;4.9969;0.937036046511628;2.178;0.5145;1.5185;32.071;6.943
TEL2004530_99;MFD_SETNO99;43.9678;59.29685;268998;25;28-jul-04;18:25:39;31.94;7.658;4.4829;1.59643178294574;0.7565;0.3445;0.2235;NaN;NaN
TEL2004530_99;MFD_SETNO99;43.9678;59.29685;268999;5;28-jul-04;18:25:39;31.225;16.38;4.4746;0.454005813953488;0.341;0.172;0;31.23;5.8445
