CTD;CTD;CTD;CTD;CTD;CTD;CTD;CTD;CTD;CTD;CTD;labo;labo;labo;labo;labo;labo
Fichier;Station;Latitude;Longitude;Echantillon;zbouteille;Date;Heure;PSAL;TEMP_XX;DOXY;CHL_01;Si_01;PO4_01;NOx_01;PSAL_BS;OXY_03
(nom);(nom/no);(degres);(degres);(no_unique);(dbar);(jj-mmm-yyyy);(GMT);(psu);(celsius);(ml/l);(mg/m**3);(mmol/m**3);(mmol/m**3);(mmol/m**3);(PSU);(ml/l)
TEL2005605_0;MFD_SETNO0;44.2705;63.3185;273901;140;01-jul-05;01:14:17;33.673;5.913;3.7321;0.0173148387096774;13.1655;1.186;13.9475;33.941;4.65866666666667
TEL2005605_0;MFD_SETNO0;44.2705;63.3185;273902;102;01-jul-05;01:14:17;32.805;3.417;4.6585;0.0422145161290322;6.7945;0.945;8.586;NaN;NaN
TEL2005605_0;MFD_SETNO0;44.2705;63.3185;273903;75;01-jul-05;01:14:17;32.468;2.434;4.8812;0.0591003225806452;6.978;0.9705;8.3575;NaN;NaN
TEL2005605_0;MFD_SETNO0;44.2705;63.3185;273904;50;01-jul-05;01:14:17;32.103;2.802;5.3805;0.419403870967742;3.9105;0.863;5.1745;NaN;NaN
TEL2005605_0;MFD_SETNO0;44.2705;63.3185;273905;40;01-jul-05;01:14:17;32.208;4.575;5.6371;0.531638709677419;1.287;0.572;0.97;32.252;7.20766666666667
TEL2005605_0;MFD_SETNO0;44.2705;63.3185;273906;30;01-jul-05;01:14:17;31.982;4.914;5.8031;0.750201290322581;0.6615;0.466;0.3835;NaN;NaN
TEL2005605_0;MFD_SETNO0;44.2705;63.3185;273907;20;01-jul-05;01:14:17;31.899;7.559;5.6124;0.620245161290323;0;0.374;0.0035;NaN;NaN
TEL2005605_0;MFD_SETNO0;44.2705;63.3185;273908;10;01-jul-05;01:14:17;30.96;11.559;5.0223;0.460753548387097;0.044;0.323;0.0175;NaN;NaN
TEL2005605_0;MFD_SETNO0;44.2705;63.3185;273909;5;01-jul-05;01:14:17;30.838;12.041;4.9722;0.389868387096774;0.017;0.3195;0.01;NaN;NaN
TEL2005605_0;MFD_SETNO0;44.2705;63.3185;273910;1;01-jul-05;01:14:17;31.02;12.029;5.0289;0.378054193548387;0.0695;0.302;0.008;30.849;6.44633333333333
TEL2005605_1;MFD_SETNO1;43.723833;62.944167;273911;251;01-jul-05;06:37:48;34.974;9.533;2.8795;0.00833677419354839;12.2415;1.257;18.5825;35.091;3.918
TEL2005605_1;MFD_SETNO1;43.723833;62.944167;273912;50;01-jul-05;06:37:48;32.814;4.338;5.0103;0.271726451612903;2.6995;0.714;5.57;NaN;NaN
TEL2005605_1;MFD_SETNO1;43.723833;62.944167;273913;25;01-jul-05;06:37:48;32.353;5.624;5.6919;0.850621935483871;0.446;0.416;0.0395;NaN;NaN
TEL2005605_1;MFD_SETNO1;43.723833;62.944167;273914;5;01-jul-05;06:37:48;31.39;11.993;4.4372;0.354425806451613;0.42;0.303;0.015;NaN;6.439
TEL2005605_10;MFD_SETNO10;43.221667;64.129333;273947;87;02-jul-05;07:00:10;32.345;2.6;4.8866;0.0337716129032258;7.292;0.9045;7.379;32.36;6.636
TEL2005605_10;MFD_SETNO10;43.221667;64.129333;273948;50;02-jul-05;07:00:10;32.03;3.476;5.3445;0.189027096774193;3.4975;0.6615;2.7275;NaN;NaN
TEL2005605_10;MFD_SETNO10;43.221667;64.129333;273949;25;02-jul-05;07:00:10;31.792;4.485;5.5834;0.744294193548387;1.74;0.433;0.56;NaN;NaN
TEL2005605_10;MFD_SETNO10;43.221667;64.129333;273950;5;02-jul-05;07:00:10;30.999;11.128;4.6387;0.555267096774194;1.445;0.282;0;NaN;6.887
TEL2005605_12;MFD_SETNO12;42.913833;64.187167;273951;105;02-jul-05;12:49:42;33.615;6.225;4.139;0.0236401290322581;7.7835;0.957;10.5395;33.506;5.666
TEL2005605_12;MFD_SETNO12;42.913833;64.187167;273952;50;02-jul-05;12:49:42;32.252;3.85;5.1796;0.118141935483871;3.302;0.697;3.601;NaN;NaN
TEL2005605_12;MFD_SETNO12;42.913833;64.187167;273953;25;02-jul-05;12:49:42;31.796;4.418;5.6278;0.543452903225806;1.268;0.438;0.2575;NaN;NaN
TEL2005605_12;MFD_SETNO12;42.913833;64.187167;273954;5;02-jul-05;12:49:42;31.05;11.425;4.9761;0.354425806451613;0.808;0.291;0;NaN;6.68933333333333
TEL2005605_13;MFD_SETNO13;42.727167;64.396667;273955;117;02-jul-05;14:59:33;33.81;6.676;3.9683;0.0270172903225806;7.484;0.934;11.134;33.83;5.349
TEL2005605_13;MFD_SETNO13;42.727167;64.396667;273956;50;02-jul-05;14:59:33;32.165;4.247;5.2539;0.26581935483871;2.538;0.594;2.101;NaN;NaN
TEL2005605_13;MFD_SETNO13;42.727167;64.396667;273957;25;02-jul-05;14:59:33;31.66;5.868;5.6321;0.372147096774194;1.1325;0.399;0.0295;NaN;NaN
TEL2005605_13;MFD_SETNO13;42.727167;64.396667;273958;5;02-jul-05;14:59:33;30.989;12.53;4.7349;0.354425806451613;0.957;0.3035;0;NaN;6.422
TEL2005605_14;MFD_SETNO14;42.577167;64.448;273959;383;02-jul-05;17:35:56;34.943;6.731;3.1812;NaN;13.2305;1.4525;22.1165;35.027;4.2425
TEL2005605_14;MFD_SETNO14;42.577167;64.448;273960;50;02-jul-05;17:35:56;32.458;3.794;5.0614;0.348518709677419;4.3195;0.785;5.399;NaN;NaN
TEL2005605_14;MFD_SETNO14;42.577167;64.448;273961;25;02-jul-05;17:35:56;31.963;5.642;5.6558;0.673409032258065;0.683;0.379;0;NaN;NaN
TEL2005605_14;MFD_SETNO14;42.577167;64.448;273962;5;02-jul-05;17:35:56;31.38;11.467;4.5734;0.295354838709677;0.7505;0.3165;0;NaN;6.5975
TEL2005605_15;MFD_SETNO15;42.514333;64.779667;273963;130;02-jul-05;20:13:08;34.524;8.356;3.4183;0.0270172903225806;9.283;1.168;16.6055;34.569;4.594
TEL2005605_15;MFD_SETNO15;42.514333;64.779667;273964;50;02-jul-05;20:13:08;32.365;4.716;5.2576;0.36624;1.6075;0.5095;0.6615;NaN;NaN
TEL2005605_15;MFD_SETNO15;42.514333;64.779667;273965;25;02-jul-05;20:13:08;31.7;5.08;5.6262;0.886714838709677;1.13;0.475;0.3285;NaN;NaN
TEL2005605_15;MFD_SETNO15;42.514333;64.779667;273966;5;02-jul-05;20:13:08;31.176;11.012;4.8385;0.372147096774193;0.9115;0.3245;0;NaN;6.794
TEL2005605_16;MFD_SETNO16;42.5165;65.458333;273967;99;02-jul-05;23:53:01;34.212;9.23;3.9647;0.129956129032258;6.0535;0.8475;10.706;34.231;5.3405
TEL2005605_16;MFD_SETNO16;42.5165;65.458333;273968;50;02-jul-05;23:53:01;33.902;8.622;4.2446;0.230376774193548;4.882;0.723;8.1335;NaN;NaN
TEL2005605_16;MFD_SETNO16;42.5165;65.458333;273969;25;02-jul-05;23:53:01;32.772;7.818;5.003;1.29723096774194;3.292;0.541;3.32;NaN;NaN
TEL2005605_16;MFD_SETNO16;42.5165;65.458333;273970;5;02-jul-05;23:53:01;32.098;11.49;5.044;0.525731612903226;1.42;0.2725;0;NaN;6.717
TEL2005605_17;MFD_SETNO17;42.227667;65.453333;273971;116;03-jul-05;03:40:05;34.212;9.359;3.9639;0.106327741935484;5.9515;0.853;10.543;34.238;5.24666666666667
TEL2005605_17;MFD_SETNO17;42.227667;65.453333;273972;50;03-jul-05;03:40:05;33.133;7.776;4.6815;0.472567741935484;4.6485;0.71;6.7085;NaN;NaN
TEL2005605_17;MFD_SETNO17;42.227667;65.453333;273973;25;03-jul-05;03:40:05;32.316;9.212;5.2598;1.97047741935484;2.051;0.387;0.4425;NaN;NaN
TEL2005605_17;MFD_SETNO17;42.227667;65.453333;273974;5;03-jul-05;03:40:05;31.821;11.035;5.148;0.738929032258064;1.3445;0.3155;0;NaN;6.887
TEL2005605_18;MFD_SETNO18;42.285333;65.876333;273975;223;03-jul-05;06:39:54;35.09;7.862;3.0692;NaN;12.3185;1.391;21.941;35.164;4.14233333333333
TEL2005605_18;MFD_SETNO18;42.285333;65.876333;273976;50;03-jul-05;06:39:54;32.424;5.783;4.9756;0.394095483870968;4.0265;0.7255;6.2235;NaN;NaN
TEL2005605_18;MFD_SETNO18;42.285333;65.876333;273977;25;03-jul-05;06:39:54;32.099;7.947;5.34;2.05258064516129;2.5105;0.4255;0.896;NaN;NaN
TEL2005605_18;MFD_SETNO18;42.285333;65.876333;273978;5;03-jul-05;06:39:54;31.983;11.927;4.9857;0.342611612903226;2.0515;0.281;0;NaN;6.62366666666667
TEL2005605_19;MFD_SETNO19;42.536667;65.718167;273979;88;03-jul-05;09:23:37;34.33;9.487;3.8616;0.092871935483871;6.1605;0.874;11.163;34.353;5.12266666666667
TEL2005605_19;MFD_SETNO19;42.536667;65.718167;273980;50;03-jul-05;09:23:37;34.047;8.771;4.0879;0.165398709677419;6.078;0.8675;10.7025;NaN;NaN
TEL2005605_19;MFD_SETNO19;42.536667;65.718167;273981;25;03-jul-05;09:23:37;32.538;7.733;5.3366;3.89105161290323;2.0505;0.4285;0.185;NaN;NaN
TEL2005605_19;MFD_SETNO19;42.536667;65.718167;273982;5;03-jul-05;09:23:37;31.699;8.897;5.4018;1.3629135483871;1.6185;0.3615;0;NaN;7.15533333333333
TEL2005605_2;MFD_SETNO2;43.618167;63.4095;273915;118;01-jul-05;10:47:56;34.022;7.011;3.5559;0.0135086451612903;10.392;1.114;13.854;34.04;4.772
TEL2005605_2;MFD_SETNO2;43.618167;63.4095;273916;50;01-jul-05;10:47:56;32.545;4.38;5.2439;0.788190967741936;2.9325;0.676;3.819;NaN;NaN
TEL2005605_2;MFD_SETNO2;43.618167;63.4095;273917;25;01-jul-05;10:47:56;32.294;7.126;5.5635;0.558301935483871;1.215;0.3735;0.032;NaN;NaN
TEL2005605_2;MFD_SETNO2;43.618167;63.4095;273918;5;01-jul-05;10:47:56;30.956;11.968;4.9469;0.348518709677419;0.507;0.306;0.012;NaN;NaN
TEL2005605_20;MFD_SETNO20;42.612667;65.8895;273983;85;03-jul-05;12:50:42;33.998;8.587;4.0473;0.118141935483871;6.1935;0.8655;10.414;34.023;5.364
TEL2005605_20;MFD_SETNO20;42.612667;65.8895;273984;50;03-jul-05;12:50:42;32.115;4.61;5.1959;0.289447741935484;3.2805;0.67;3.865;NaN;NaN
TEL2005605_20;MFD_SETNO20;42.612667;65.8895;273985;25;03-jul-05;12:50:42;31.846;5.871;5.377;0.607563870967742;3.398;0.648;4.1105;NaN;NaN
TEL2005605_20;MFD_SETNO20;42.612667;65.8895;273986;5;03-jul-05;12:50:42;31.708;7.622;5.4838;1.77342967741935;2.013;0.3945;0.004;NaN;7.26366666666667
TEL2005605_21;MFD_SETNO21;43.19;64.851833;273987;125;03-jul-05;19:34:37;32.714;4.036;4.6609;0.0439030967741935;6.254;0.906;7.8715;32.728;6.2415
TEL2005605_21;MFD_SETNO21;43.19;64.851833;273988;50;03-jul-05;19:34:37;32.13;4.402;5.3422;0.389868387096774;1.469;0.5465;1.001;NaN;NaN
TEL2005605_21;MFD_SETNO21;43.19;64.851833;273989;25;03-jul-05;19:34:37;31.112;6.89;5.6247;0.578895483870968;0.8555;0.3465;0;NaN;NaN
TEL2005605_21;MFD_SETNO21;43.19;64.851833;273990;5;03-jul-05;19:34:37;30.748;11.428;4.7512;0.360332903225806;0.82;0.267;0;NaN;6.6015
TEL2005605_22;MFD_SETNO22;42.860667;65.7185;273991;101;04-jul-05;01:24:02;33.069;5.222;4.4789;0.0439030967741935;6.139;0.874;8.227;33.09;5.9495
TEL2005605_22;MFD_SETNO22;42.860667;65.7185;273992;50;04-jul-05;01:24:02;32.542;4.433;5.0105;0.254005161290323;3.7555;0.709;5.0595;NaN;NaN
TEL2005605_22;MFD_SETNO22;42.860667;65.7185;273993;25;04-jul-05;01:24:02;31.796;6.839;5.5237;1.74058838709677;1.5255;0.412;0.2025;NaN;NaN
TEL2005605_22;MFD_SETNO22;42.860667;65.7185;273994;5;04-jul-05;01:24:02;31.493;10.508;5.1572;0.52546064516129;1.1295;0.3045;0;NaN;6.7565
TEL2005605_23;MFD_SETNO23;42.804667;65.8895;273995;88;04-jul-05;03:11:02;32.573;5.786;4.8302;0.206748387096774;4.2595;0.726;5.6795;32.685;6.37566666666667
TEL2005605_23;MFD_SETNO23;42.804667;65.8895;273996;50;04-jul-05;03:11:02;32.237;5.497;5.0611;0.271726451612903;3.723;1.0845;4.9235;NaN;NaN
TEL2005605_23;MFD_SETNO23;42.804667;65.8895;273997;25;04-jul-05;03:11:02;31.793;6.074;5.4073;0.607563870967742;2.6985;0.5635;2.672;NaN;NaN
TEL2005605_23;MFD_SETNO23;42.804667;65.8895;273998;5;04-jul-05;03:11:02;31.667;8.427;5.4242;1.46143741935484;2.174;0.3725;0.0765;NaN;7.27333333333333
TEL2005605_24;MFD_SETNO24;42.772833;65.999833;274201;76;04-jul-05;05:12:36;32.515;6.557;4.9027;0.407589677419355;3.7375;0.6625;4.8775;32.562;6.45166666666667
TEL2005605_24;MFD_SETNO24;42.772833;65.999833;274202;50;04-jul-05;05:12:36;32.514;6.552;4.9141;0.437125161290323;3.632;0.635;4.7105;NaN;NaN
TEL2005605_24;MFD_SETNO24;42.772833;65.999833;274203;25;04-jul-05;05:12:36;31.983;7.599;5.4115;1.55996129032258;2.5395;0.487;1.412;NaN;NaN
TEL2005605_24;MFD_SETNO24;42.772833;65.999833;274204;5;04-jul-05;05:12:36;32.092;8.488;5.2384;1.3629135483871;1.966;0.3665;0.276;NaN;7.083
TEL2005605_25;MFD_SETNO25;42.683;66.480167;274205;151;04-jul-05;08:47:44;34.762;10.346;3.6062;0.0219515483870967;6.5655;0.9215;12.778;34.786;4.81566666666667
TEL2005605_25;MFD_SETNO25;42.683;66.480167;274206;50;04-jul-05;08:47:44;33.523;7.395;4.3781;0.141770322580645;5.3415;0.844;8.861;NaN;NaN
TEL2005605_25;MFD_SETNO25;42.683;66.480167;274207;25;04-jul-05;08:47:44;32.077;4.68;5.2286;0.443357419354839;2.9965;0.646;3.531;NaN;NaN
TEL2005605_25;MFD_SETNO25;42.683;66.480167;274208;5;04-jul-05;08:47:44;31.565;8.046;5.4623;0.623984516129032;1.4955;0.341;0.05;NaN;7.11
TEL2005605_26;MFD_SETNO26;42.959333;66.722167;274209;201;04-jul-05;11:42:28;34.628;9.423;3.563;0.0422145161290323;7.503;1.004;13.669;34.665;4.76833333333333
TEL2005605_26;MFD_SETNO26;42.959333;66.722167;274210;50;04-jul-05;11:42:28;33.182;6.965;4.6165;0.18312;5.157;0.7945;8.1565;NaN;NaN
TEL2005605_26;MFD_SETNO26;42.959333;66.722167;274211;25;04-jul-05;11:42:28;32.095;6.838;5.2148;0.870294193548387;2.6835;0.55;2.563;NaN;NaN
TEL2005605_26;MFD_SETNO26;42.959333;66.722167;274212;5;04-jul-05;11:42:28;31.825;8.665;5.3567;1.93763612903226;2.004;0.3735;0.17;NaN;7.09433333333333
TEL2005605_27;MFD_SETNO27;42.818;66.694667;274213;182;04-jul-05;14:34:20;34.748;9.987;3.5753;0.0455916774193548;7.095;0.9495;13.2445;34.767;4.7725
TEL2005605_27;MFD_SETNO27;42.818;66.694667;274214;50;04-jul-05;14:34:20;32.893;6.104;4.7376;0.426936774193548;4.2295;0.7145;6.12;NaN;NaN
TEL2005605_27;MFD_SETNO27;42.818;66.694667;274215;25;04-jul-05;14:34:20;31.935;7.785;5.382;1.64206451612903;1.904;0.392;0.421;NaN;NaN
TEL2005605_27;MFD_SETNO27;42.818;66.694667;274216;5;04-jul-05;14:34:20;31.901;10.376;5.2172;0.640405161290323;1.7155;0.2825;0;NaN;6.8395
TEL2005605_28;MFD_SETNO28;42.343667;66.852;274217;319;04-jul-05;18:59:18;34.993;7.762;3.274;NaN;11.874;1.3375;20.081;35.011;4.383
TEL2005605_28;MFD_SETNO28;42.343667;66.852;274218;50;04-jul-05;18:59:18;32.57;6.168;4.9071;0.394095483870968;3.7;0.691;5.456;NaN;NaN
TEL2005605_28;MFD_SETNO28;42.343667;66.852;274219;25;04-jul-05;18:59:18;32.068;7.838;5.3467;3.35435483870968;2.5225;0.4445;1.163;NaN;NaN
TEL2005605_28;MFD_SETNO28;42.343667;66.852;274220;5;04-jul-05;18:59:18;31.993;12.923;4.6237;0.541881290322581;2.3855;0.3045;0.011;NaN;6.637
TEL2005605_29;MFD_SETNO29;42.566167;67.066667;274221;308;04-jul-05;22:22:37;34.975;7.52;3.2477;NaN;12.121;1.2915;19.3555;34.996;4.3415
TEL2005605_29;MFD_SETNO29;42.566167;67.066667;274222;50;04-jul-05;22:22:37;32.714;8.35;5.3459;2.62730322580645;3.901;0.5595;4.119;NaN;NaN
TEL2005605_29;MFD_SETNO29;42.566167;67.066667;274223;25;04-jul-05;22:22:37;32.472;9.105;5.5596;1.59280258064516;1.9255;0.2885;0.096;NaN;NaN
TEL2005605_29;MFD_SETNO29;42.566167;67.066667;274224;5;04-jul-05;22:22:37;32.212;11.772;5.1067;0.623984516129032;2.0485;0.2785;0;NaN;6.808
TEL2005605_3;MFD_SETNO3;43.184167;63.600833;273919;149;01-jul-05;14:47:33;34.486;8.143;2.525;0.011820064516129;17.3825;1.4135;18.903;34.492;3.4235
TEL2005605_3;MFD_SETNO3;43.184167;63.600833;273920;50;01-jul-05;14:47:33;32.516;4.951;5.2692;0.454846451612903;1.682;0.6065;1.735;NaN;NaN
TEL2005605_3;MFD_SETNO3;43.184167;63.600833;273921;25;01-jul-05;14:47:33;32.3;6.784;5.5665;0.821086451612903;0.354;0.3715;0.027;NaN;NaN
TEL2005605_3;MFD_SETNO3;43.184167;63.600833;273922;5;01-jul-05;14:47:33;30.824;12.088;4.6665;0.330797419354839;0.2725;0.283;0.024;NaN;6.433
TEL2005605_30;MFD_SETNO30;42.643;67.189333;274225;267;05-jul-05;00:16:59;34.973;7.601;3.2751;NaN;12.9285;1.3345;20.113;35.002;4.3845
TEL2005605_30;MFD_SETNO30;42.643;67.189333;274226;50;05-jul-05;00:16:59;33.306;6.349;4.4971;0.140588903225806;6.2005;0.8075;9.053;NaN;NaN
TEL2005605_30;MFD_SETNO30;42.643;67.189333;274227;25;05-jul-05;00:16:59;32.577;6.966;5.0823;1.26438967741935;4.2965;0.6615;5.5985;NaN;NaN
TEL2005605_30;MFD_SETNO30;42.643;67.189333;274228;5;05-jul-05;00:16:59;32.23;12.506;5.0268;0.574722580645161;2.069;0.2695;0.043;NaN;6.7305
TEL2005605_31;MFD_SETNO31;42.574833;67.270333;274229;287;05-jul-05;02:24:52;34.981;7.648;3.3663;0.0135086451612903;12.938;1.264;19.465;35.011;4.478
TEL2005605_31;MFD_SETNO31;42.574833;67.270333;274230;50;05-jul-05;02:24:52;33.258;6.743;4.5228;0.0878061935483871;6.2265;0.8035;9.1525;NaN;NaN
TEL2005605_31;MFD_SETNO31;42.574833;67.270333;274231;25;05-jul-05;02:24:52;32.272;8.638;5.4532;NaN;NaN;NaN;NaN;NaN;NaN
TEL2005605_31;MFD_SETNO31;42.574833;67.270333;274232;5;05-jul-05;02:24:52;32.045;11.954;5.2298;0.804611612903226;2.194;0.287;0.018;NaN;6.935
TEL2005605_32;MFD_SETNO32;43.234167;67.485833;274233;197;05-jul-05;07:46:52;34.191;7.411;3.7184;0.0219515483870968;11.547;1.0555;14.3355;34.208;4.95033333333333
TEL2005605_32;MFD_SETNO32;43.234167;67.485833;274234;50;05-jul-05;07:46:52;31.957;5.594;5.1346;0.324890322580645;4.276;0.648;5.259;NaN;NaN
TEL2005605_32;MFD_SETNO32;43.234167;67.485833;274235;25;05-jul-05;07:46:52;31.56;7.113;5.7146;1.72416774193548;2.7215;0.4285;0.9655;NaN;NaN
TEL2005605_32;MFD_SETNO32;43.234167;67.485833;274236;5;05-jul-05;07:46:52;31.523;12.971;5.1736;0.502103225806452;2.1815;0.2615;0;NaN;6.77966666666667
TEL2005605_33;MFD_SETNO33;43.463667;67.2085;274237;214;05-jul-05;11:04:13;34.576;8.698;3.5421;0.0168858064516129;9.8905;1.06;15.087;34.612;4.71866666666667
TEL2005605_33;MFD_SETNO33;43.463667;67.2085;274238;50;05-jul-05;11:04:13;32.848;7.152;4.8604;0.44893935483871;5.231;0.7055;6.8915;NaN;NaN
TEL2005605_33;MFD_SETNO33;43.463667;67.2085;274239;25;05-jul-05;11:04:13;32.327;8.657;5.3942;4.42774838709677;2.047;0.3535;0.6135;NaN;NaN
TEL2005605_33;MFD_SETNO33;43.463667;67.2085;274240;5;05-jul-05;11:04:13;32.178;10.348;5.3577;1.01808;2.044;0.288;0;NaN;7.08333333333333
TEL2005605_34;MFD_SETNO34;43.728333;66.896167;274241;158;05-jul-05;14:43:52;33.704;6.915;4.0417;0.0354601935483871;9.273;0.986;12.321;33.719;5.372
TEL2005605_34;MFD_SETNO34;43.728333;66.896167;274242;50;05-jul-05;14:43:52;32.501;6.431;4.9048;0.685223225806452;4.543;0.6285;5.302;NaN;NaN
TEL2005605_34;MFD_SETNO34;43.728333;66.896167;274243;25;05-jul-05;14:43:52;32.201;7.378;5.2189;1.42859612903226;4.072;0.526;2.995;NaN;NaN
TEL2005605_34;MFD_SETNO34;43.728333;66.896167;274244;11;05-jul-05;14:43:52;31.684;10.026;5.3736;0.706087741935484;2.741;0.284;0.026;NaN;6.917
TEL2005605_36;MFD_SETNO36;43.745167;67.0155;274245;153;05-jul-05;17:49:09;33.795;7.034;3.9853;0.0270172903225807;9.555;1.0295;12.7245;33.818;5.4575
TEL2005605_36;MFD_SETNO36;43.745167;67.0155;274246;50;05-jul-05;17:49:09;32.789;5.654;4.6171;0.0726089677419355;6.6825;0.816;8.576;NaN;NaN
TEL2005605_36;MFD_SETNO36;43.745167;67.0155;274247;25;05-jul-05;17:49:09;31.903;8.022;5.4378;1.31365161290323;3.925;0.4865;2.412;NaN;NaN
TEL2005605_36;MFD_SETNO36;43.745167;67.0155;274248;5;05-jul-05;17:49:09;32.249;10.617;4.7213;0.574722580645161;2.509;0.3475;0.001;NaN;6.965
TEL2005605_37;MFD_SETNO37;43.685167;67.327333;274249;207;05-jul-05;21:29:38;34.446;8.442;3.6333;0.0253287096774194;8.762;0.951;12.5905;34.457;4.947
TEL2005605_37;MFD_SETNO37;43.685167;67.327333;274250;50;05-jul-05;21:29:38;32.706;6.438;4.73;0.129956129032258;6.0785;0.765;7.571;NaN;NaN
TEL2005605_37;MFD_SETNO37;43.685167;67.327333;274251;25;05-jul-05;21:29:38;32.156;6.678;5.1306;0.708851612903226;4.449;0.6205;4.2945;NaN;NaN
TEL2005605_37;MFD_SETNO37;43.685167;67.327333;274252;5;05-jul-05;21:29:38;32.11;10.343;5.4905;1.00165935483871;2.5355;0.32;0.027;NaN;7.2355
TEL2005605_38;MFD_SETNO38;44.049333;67.191833;274253;154;06-jul-05;00:42:59;33.913;7.009;3.8191;0.023640129032258;12.1075;1.0975;14.097;33.923;5.21
TEL2005605_38;MFD_SETNO38;44.049333;67.191833;274254;50;06-jul-05;00:42:59;32.327;6.72;4.9647;0.413496774193548;5.16;0.639;5.2765;NaN;NaN
TEL2005605_38;MFD_SETNO38;44.049333;67.191833;274255;25;06-jul-05;00:42:59;31.967;7.902;5.3711;NaN;NaN;NaN;NaN;NaN;NaN
TEL2005605_38;MFD_SETNO38;44.049333;67.191833;274256;5;06-jul-05;00:42:59;31.809;10.795;5.267;NaN;NaN;NaN;NaN;NaN;NaN
TEL2005605_39;MFD_SETNO39;44.287833;66.733;274257;183;06-jul-05;03:53:05;33.694;6.788;3.9865;0.0253287096774194;10.657;1.0215;12.839;33.708;5.40533333333333
TEL2005605_39;MFD_SETNO39;44.287833;66.733;274258;50;06-jul-05;03:53:05;31.806;6.769;5.1059;0.49261935483871;4.773;0.6225;4.8225;NaN;NaN
TEL2005605_39;MFD_SETNO39;44.287833;66.733;274259;25;06-jul-05;03:53:05;31.705;7.302;5.229;1.11660387096774;4.279;0.583;3.9235;NaN;NaN
TEL2005605_39;MFD_SETNO39;44.287833;66.733;274260;5;06-jul-05;03:53:05;31.637;8.338;5.1588;1.42859612903226;3.6445;0.502;2.495;NaN;7.076
TEL2005605_4;MFD_SETNO4;43.149;63.4155;273923;150;01-jul-05;16:44:29;35.22;10.551;3.1921;0.0135086451612903;8.613;1.0845;16.9645;35.231;4.2615
TEL2005605_4;MFD_SETNO4;43.149;63.4155;273924;50;01-jul-05;16:44:29;32.719;3.069;4.908;0.0439030967741936;5.8015;0.87;7.4205;NaN;NaN
TEL2005605_4;MFD_SETNO4;43.149;63.4155;273925;25;01-jul-05;16:44:29;32.033;5.833;5.6124;0.804611612903226;1.339;0.5135;0.866;NaN;NaN
TEL2005605_4;MFD_SETNO4;43.149;63.4155;273926;5;01-jul-05;16:44:29;31.005;11.922;4.5969;0.295354838709677;0.4705;0.298;0.0295;NaN;6.554
TEL2005605_40;MFD_SETNO40;44.689667;65.8635;274261;74;06-jul-05;09:59:45;31.53;7.533;5.1066;NaN;NaN;NaN;NaN;NaN;NaN
TEL2005605_40;MFD_SETNO40;44.689667;65.8635;274262;50;06-jul-05;09:59:45;31.526;7.549;5.1119;0.837452903225807;3.2545;0.562;3.251;NaN;NaN
TEL2005605_40;MFD_SETNO40;44.689667;65.8635;274263;25;06-jul-05;09:59:45;31.518;7.579;5.1142;0.755349677419355;2.677;0.5355;3.199;NaN;NaN
TEL2005605_40;MFD_SETNO40;44.689667;65.8635;274264;5;06-jul-05;09:59:45;31.511;7.764;4.9604;0.821032258064516;3.186;0.611;3.5705;NaN;6.88133333333333
TEL2005605_41;MFD_SETNO41;44.9305;65.869;274265;92;06-jul-05;13:48:44;31.647;6.435;5.0403;0.49261935483871;3.916;0.659;4.717;31.665;6.751
TEL2005605_41;MFD_SETNO41;44.9305;65.869;274266;50;06-jul-05;13:48:44;31.627;6.514;5.033;0.52546064516129;3.731;0.652;4.584;NaN;NaN
TEL2005605_41;MFD_SETNO41;44.9305;65.869;274267;25;06-jul-05;13:48:44;32.11;6.772;4.3163;0.886714838709677;3.161;0.5895;3.7865;NaN;NaN
TEL2005605_41;MFD_SETNO41;44.9305;65.869;274268;5;06-jul-05;13:48:44;31.702;9.048;4.8823;3.22018064516129;1.525;0.43;0.9215;NaN;7.137
TEL2005605_43;MFD_SETNO43;45.182167;65.514333;274269;69;06-jul-05;18:04:08;31.351;7.831;5.256;2.34804838709677;1.7575;0.5835;3.484;31.362;7.0005
TEL2005605_43;MFD_SETNO43;45.182167;65.514333;274270;50;06-jul-05;18:04:08;31.352;7.832;5.224;1.90479483870968;1.6135;0.55;3.266;NaN;NaN
TEL2005605_43;MFD_SETNO43;45.182167;65.514333;274271;25;06-jul-05;18:04:08;31.4;7.873;3.8309;1.92121548387097;1.861;0.5765;3.447;NaN;NaN
TEL2005605_43;MFD_SETNO43;45.182167;65.514333;274272;5;06-jul-05;18:04:08;31.5;8;5.046;1.80627096774194;1.789;0.564;3.169;NaN;7.018
TEL2005605_44;MFD_SETNO44;45.152667;65.768667;274273;71;06-jul-05;20:24:11;31.263;8.008;5.253;1.74058838709677;2.1855;0.594;3.772;31.274;6.956
TEL2005605_44;MFD_SETNO44;45.152667;65.768667;274274;50;06-jul-05;20:24:11;31.261;8.025;5.2339;1.55996129032258;2.0025;0.5505;3.4145;NaN;NaN
TEL2005605_44;MFD_SETNO44;45.152667;65.768667;274275;25;06-jul-05;20:24:11;31.279;8.395;4.1328;1.8719535483871;1.944;0.585;3.78;NaN;NaN
TEL2005605_44;MFD_SETNO44;45.152667;65.768667;274276;5;06-jul-05;20:24:11;31.156;8.664;4.5298;1.80627096774194;1.769;0.5535;3.5655;NaN;7.0265
TEL2005605_45;MFD_SETNO45;45.044167;65.9335;274277;90;06-jul-05;22:08:52;31.588;6.51;5.1017;0.853873548387097;3.648;0.633;4.184;31.611;6.8335
TEL2005605_45;MFD_SETNO45;45.044167;65.9335;274278;50;06-jul-05;22:08:52;31.587;6.546;5.1032;0.935976774193548;2.5315;0.5295;3.003;NaN;NaN
TEL2005605_45;MFD_SETNO45;45.044167;65.9335;274279;25;06-jul-05;22:08:52;32.572;7.19;4.4393;0.985238709677419;2.403;0.4995;2.6495;NaN;NaN
TEL2005605_45;MFD_SETNO45;45.044167;65.9335;274280;5;06-jul-05;22:08:52;31.465;9.959;4.9331;2.72582709677419;1.5795;0.3855;0.452;NaN;7.3005
TEL2005605_46;MFD_SETNO46;45.0875;66.131;274281;79;07-jul-05;00:01:40;31.582;6.464;5.0808;0.656825806451613;4.1005;0.6845;4.61;31.596;6.784
TEL2005605_46;MFD_SETNO46;45.0875;66.131;274282;50;07-jul-05;00:01:40;31.442;7.055;5.1805;0.935976774193548;3.0285;0.631;4.025;NaN;NaN
TEL2005605_46;MFD_SETNO46;45.0875;66.131;274283;25;07-jul-05;00:01:40;31.264;8.064;5.196;1.74058838709677;2.352;0.575;3.467;NaN;NaN
TEL2005605_46;MFD_SETNO46;45.0875;66.131;274284;5;07-jul-05;00:01:40;30.628;8.969;4.6187;1.59280258064516;2.74;0.563;3.825;NaN;7.0185
TEL2005605_48;MFD_SETNO48;45.024667;66.305333;274285;93;07-jul-05;02:56:04;31.937;5.633;4.8939;0.541881290322581;5.902;0.829;6.7645;31.944;6.56333333333333
TEL2005605_48;MFD_SETNO48;45.024667;66.305333;274286;50;07-jul-05;02:56:04;31.565;6.478;5.081;0.558301935483871;3.926;0.6525;4.4525;NaN;NaN
TEL2005605_48;MFD_SETNO48;45.024667;66.305333;274287;25;07-jul-05;02:56:04;31.886;6.833;4.5567;0.706087741935484;3.4515;0.628;4.097;NaN;NaN
TEL2005605_48;MFD_SETNO48;45.024667;66.305333;274288;5;07-jul-05;02:56:04;30.682;9.784;4.891;1.85553290322581;2.721;0.4705;2.1025;NaN;7.14333333333333
TEL2005605_49;MFD_SETNO49;44.952833;66.048;274289;111;07-jul-05;05:14:18;31.947;5.676;4.9073;0.212655483870968;6.157;0.7565;6.6745;31.959;6.53966666666667
TEL2005605_49;MFD_SETNO49;44.952833;66.048;274290;50;07-jul-05;05:14:18;31.914;5.79;4.9453;0.318983225806452;5.56;0.732;6.376;NaN;NaN
TEL2005605_49;MFD_SETNO49;44.952833;66.048;274291;25;07-jul-05;05:14:18;31.506;7.661;5.5106;5.76949032258065;2.1645;0.5065;2.2365;NaN;NaN
TEL2005605_49;MFD_SETNO49;44.952833;66.048;274292;5;07-jul-05;05:14:18;31.241;10.512;4.5826;1.39575483870968;0.768;0.2625;0.0535;NaN;7.15333333333333
TEL2005605_5;MFD_SETNO5;42.889333;63.571167;273927;167;01-jul-05;19:28:21;35.241;10.25;2.9534;0.0151972258064516;10.0495;1.216;19.0625;35.301;4.033
TEL2005605_5;MFD_SETNO5;42.889333;63.571167;273928;50;01-jul-05;19:28:21;32.788;5.763;5.048;0.330797419354839;3.8955;0.672;4.734;NaN;NaN
TEL2005605_5;MFD_SETNO5;42.889333;63.571167;273929;25;01-jul-05;19:28:21;32.314;6.181;5.7998;1.10018322580645;NaN;NaN;NaN;NaN;NaN
TEL2005605_5;MFD_SETNO5;42.889333;63.571167;273930;5;01-jul-05;19:28:21;31.585;13.007;4.766;0.28354064516129;NaN;NaN;NaN;NaN;6.573
TEL2005605_50;MFD_SETNO50;44.826833;66.269167;274293;121;07-jul-05;08:01:52;32.194;5.574;4.7846;0.147677419354839;5.763;0.778;6.9995;32.39;6.41066666666667
TEL2005605_50;MFD_SETNO50;44.826833;66.269167;274294;50;07-jul-05;08:01:52;31.876;5.978;4.9593;0.478474838709677;4.6475;0.697;5.9985;NaN;NaN
TEL2005605_50;MFD_SETNO50;44.826833;66.269167;274295;25;07-jul-05;08:01:52;31.683;6.454;5.0446;0.952397419354839;3.764;0.634;5.1315;NaN;NaN
TEL2005605_50;MFD_SETNO50;44.826833;66.269167;274296;5;07-jul-05;08:01:52;31.377;9.456;4.8983;NaN;NaN;NaN;NaN;NaN;NaN
TEL2005605_500;MFD_SETNO500;42.501333;65.743;274333;86;09-jul-05;22:10:18;34.336;9.648;3.8113;0.0979376774193549;7.3605;0.8925;11.3375;34.365;5.106
TEL2005605_500;MFD_SETNO500;42.501333;65.743;274334;50;09-jul-05;22:10:18;33.791;8.465;4.2786;0.135863225806452;7.0925;0.876;10.4455;NaN;NaN
TEL2005605_500;MFD_SETNO500;42.501333;65.743;274335;25;09-jul-05;22:10:18;32.4;8.985;5.4513;2.08542193548387;2.548;0.4035;0.0385;NaN;NaN
TEL2005605_500;MFD_SETNO500;42.501333;65.743;274336;5;09-jul-05;22:10:18;32.084;13.014;4.3959;0.591143225806452;2.52;0.335;0;NaN;6.554
TEL2005605_52;MFD_SETNO52;44.657;66.309;274297;133;07-jul-05;16:08:19;33.012;6.206;4.3749;0.129956129032258;7.5525;0.9285;10.0145;33.02;5.848
TEL2005605_52;MFD_SETNO52;44.657;66.309;274298;50;07-jul-05;16:08:19;31.799;6.281;4.9922;0.567081290322581;4.441;0.705;6.0365;NaN;NaN
TEL2005605_52;MFD_SETNO52;44.657;66.309;274299;25;07-jul-05;16:08:19;31.886;6.761;4.7585;NaN;NaN;NaN;NaN;NaN;NaN
TEL2005605_52;MFD_SETNO52;44.657;66.309;274300;5;07-jul-05;16:08:19;31.677;8.281;4.8622;2.82435096774194;1.3665;0.412;1.1285;NaN;7.17
TEL2005605_53;MFD_SETNO53;44.121667;66.4215;274301;79;07-jul-05;21:24:26;31.96;7.029;4.8872;0.476198709677419;4.419;0.6805;5.066;31.971;6.4905
TEL2005605_53;MFD_SETNO53;44.121667;66.4215;274302;50;07-jul-05;21:24:26;31.869;7.175;4.9199;0.443357419354839;3.9915;0.63;4.5265;NaN;NaN
TEL2005605_53;MFD_SETNO53;44.121667;66.4215;274303;25;07-jul-05;21:24:26;31.799;7.392;4.0507;0.476198709677419;3.902;0.6385;4.3775;NaN;NaN
TEL2005605_53;MFD_SETNO53;44.121667;66.4215;274304;5;07-jul-05;21:24:26;32.116;7.606;4.6708;0.623984516129032;3.4595;0.607;3.757;NaN;6.6595
TEL2005605_54;MFD_SETNO54;43.882667;66.649333;274305;100;08-jul-05;00:25:47;32.77;6.375;4.5736;0.171305806451613;6.0995;0.8065;7.8145;32.735;6.108
TEL2005605_54;MFD_SETNO54;43.882667;66.649333;274306;50;08-jul-05;00:25:47;32.211;6.438;4.8765;0.254005161290323;5.111;0.717;5.3645;NaN;NaN
TEL2005605_54;MFD_SETNO54;43.882667;66.649333;274307;25;08-jul-05;00:25:47;32.151;6.727;4.1177;NaN;NaN;NaN;NaN;NaN;NaN
TEL2005605_54;MFD_SETNO54;43.882667;66.649333;274308;5;08-jul-05;00:25:47;31.92;7.561;4.8552;0.791550967741935;3.5935;0.548;2.614;NaN;6.807
TEL2005605_55;MFD_SETNO55;43.285333;65.315167;274309;122;09-jul-05;02:10:40;32.943;4.866;4.4736;0.0455916774193548;7.5125;0.915;8.228;32.959;6.06933333333333
TEL2005605_55;MFD_SETNO55;43.285333;65.315167;274310;50;09-jul-05;02:10:40;32.286;5.208;5.2776;0.459778064516129;2.789;0.5435;1.2305;NaN;NaN
TEL2005605_55;MFD_SETNO55;43.285333;65.315167;274311;25;09-jul-05;02:10:40;31.594;6.338;5.4215;0.919556129032258;2.543;0.502;0.4605;NaN;NaN
TEL2005605_55;MFD_SETNO55;43.285333;65.315167;274312;5;09-jul-05;02:10:40;31.23;12.905;4.2365;0.395775483870968;2.1225;0.3365;0;NaN;6.519
TEL2005605_56;MFD_SETNO56;43.034833;65.405333;274313;118;09-jul-05;05:40:54;33.033;5.13;4.437;0.0320830322580645;7.6785;0.9235;8.354;33.164;6.008
TEL2005605_56;MFD_SETNO56;43.034833;65.405333;274314;50;09-jul-05;05:40:54;32.139;6.021;5.4413;1.57638193548387;2.9305;0.433;0.0285;NaN;NaN
TEL2005605_56;MFD_SETNO56;43.034833;65.405333;274315;25;09-jul-05;05:40:54;31.417;11.808;4.9978;0.50904;2.273;0.351;0;NaN;NaN
TEL2005605_56;MFD_SETNO56;43.034833;65.405333;274316;5;09-jul-05;05:40:54;31.583;12.003;4.3797;0.437125161290323;2.1775;0.3425;0;NaN;6.60233333333333
TEL2005605_58;MFD_SETNO58;42.907333;65.484833;274317;131;09-jul-05;10:14:56;33.033;5.09;4.4028;0.0185743870967742;7.924;0.915;8.315;33.141;6.00666666666667
TEL2005605_58;MFD_SETNO58;42.907333;65.484833;274318;50;09-jul-05;10:14:56;32.429;4.313;4.9836;0.106327741935484;4.94;0.757;4.783;NaN;NaN
TEL2005605_58;MFD_SETNO58;42.907333;65.484833;274319;25;09-jul-05;10:14:56;32.219;6.578;5.2838;1.64206451612903;3.158;0.513;0.1545;NaN;NaN
TEL2005605_58;MFD_SETNO58;42.907333;65.484833;274320;5;09-jul-05;10:14:56;31.536;11.943;4.506;0.50904;2.3935;0.3355;0;NaN;6.76466666666667
TEL2005605_59;MFD_SETNO59;42.684833;65.645833;274321;92;09-jul-05;12:46:26;32.812;4.903;4.6202;0.056858064516129;6.428;0.8555;7.1505;32.854;6.25466666666667
TEL2005605_59;MFD_SETNO59;42.684833;65.645833;274322;50;09-jul-05;12:46:26;32.678;4.846;4.7954;0.0827404516129032;5.524;0.749;5.89;NaN;NaN
TEL2005605_59;MFD_SETNO59;42.684833;65.645833;274323;25;09-jul-05;12:46:26;32.338;7.393;5.157;1.42859612903226;3.1465;0.514;0.561;NaN;NaN
TEL2005605_59;MFD_SETNO59;42.684833;65.645833;274324;5;09-jul-05;12:46:26;31.618;11.706;4.6841;0.44893935483871;2.4335;0.353;0;NaN;6.80933333333333
TEL2005605_6;MFD_SETNO6;42.7865;63.591333;273931;360;01-jul-05;21:43:13;35.016;7.117;3.0224;NaN;14.0405;1.4615;23.096;35.06;4.1455
TEL2005605_6;MFD_SETNO6;42.7865;63.591333;273932;50;01-jul-05;21:43:13;33.025;5.136;4.8353;0.118141935483871;4.0935;0.73;6.4085;NaN;6.379
TEL2005605_6;MFD_SETNO6;42.7865;63.591333;273933;25;01-jul-05;21:43:13;32.489;10.662;5.2716;0.874250322580646;1.7075;0.3895;0.3795;NaN;NaN
TEL2005605_6;MFD_SETNO6;42.7865;63.591333;273934;5;01-jul-05;21:43:13;32.152;11.771;4.7934;0.254005161290323;0.94;0.2905;0.0445;NaN;6.407
TEL2005605_60;MFD_SETNO60;42.626333;65.916667;274325;82;09-jul-05;14:38:54;32.597;4.767;4.776;0.092871935483871;5.706;0.791;6.0625;32.62;6.442
TEL2005605_60;MFD_SETNO60;42.626333;65.916667;274326;50;09-jul-05;14:38:54;32.403;4.842;4.9716;0.129956129032258;5.2865;0.739;5.4315;NaN;NaN
TEL2005605_60;MFD_SETNO60;42.626333;65.916667;274327;25;09-jul-05;14:38:54;32.069;8.402;5.1708;1.34649290322581;2.602;0.422;0;NaN;NaN
TEL2005605_60;MFD_SETNO60;42.626333;65.916667;274328;5;09-jul-05;14:38:54;32.008;11.871;4.6119;0.689667096774194;2.636;0.359;0;NaN;6.672
TEL2005605_61;MFD_SETNO61;42.5865;66.048333;274329;81;09-jul-05;17:20:20;33.339;7.103;4.3454;0.0894947741935484;6.325;0.8;7.895;33.334;5.8535
TEL2005605_61;MFD_SETNO61;42.5865;66.048333;274330;50;09-jul-05;17:20:20;32.61;5.372;4.7569;0.113134903225806;5.048;0.7005;5.3915;34.365;NaN
TEL2005605_61;MFD_SETNO61;42.5865;66.048333;274331;25;09-jul-05;17:20:20;33.663;5.491;4.7784;1.29723096774194;3.569;0.573;1.6995;NaN;NaN
TEL2005605_61;MFD_SETNO61;42.5865;66.048333;274332;5;09-jul-05;17:20:20;31.865;12.188;4.5884;0.623984516129032;2.5545;0.348;0;NaN;6.544
TEL2005605_63;MFD_SETNO63;42.237833;65.819667;274337;224;10-jul-05;01:32:53;35.066;7.476;3.1097;0.0168858064516129;13.2555;1.3945;21.5405;35.091;4.216
TEL2005605_63;MFD_SETNO63;42.237833;65.819667;274338;50;10-jul-05;01:32:53;32.212;6.695;5.1322;1.24796903225806;4.161;0.541;2.6895;NaN;NaN
TEL2005605_63;MFD_SETNO63;42.237833;65.819667;274339;25;10-jul-05;01:32:53;32.035;9.995;5.2669;1.47785806451613;2.8715;0.366;0;NaN;NaN
TEL2005605_63;MFD_SETNO63;42.237833;65.819667;274340;5;10-jul-05;01:32:53;31.953;13.526;4.4159;0.50904;2.675;0.272;0;NaN;6.391
TEL2005605_64;MFD_SETNO64;42.247667;65.460333;274341;112;10-jul-05;04:24:11;34.022;8.8;3.9762;0.109757741935484;6.962;0.8475;10.213;34.034;5.311
TEL2005605_64;MFD_SETNO64;42.247667;65.460333;274342;50;10-jul-05;04:24:11;32.953;7.977;4.7952;0.106327741935484;4.506;0.611;4.445;NaN;NaN
TEL2005605_64;MFD_SETNO64;42.247667;65.460333;274343;25;10-jul-05;04:24:11;33.641;14.623;4.6435;1.60922322580645;2.163;0.291;0.126;NaN;NaN
TEL2005605_64;MFD_SETNO64;42.247667;65.460333;274344;5;10-jul-05;04:24:11;32.391;11.474;4.597;0.870294193548387;2.296;0.3195;0;NaN;6.80866666666667
TEL2005605_65;MFD_SETNO65;42.287;65.3485;274345;117;10-jul-05;06:07:49;34.375;9.271;3.7034;0.0776747096774194;8.114;0.933;12.53;34.584;4.97266666666667
TEL2005605_65;MFD_SETNO65;42.287;65.3485;274346;50;10-jul-05;06:07:49;33.059;7.31;4.6444;0.389868387096774;6.1895;0.758;7.536;NaN;NaN
TEL2005605_65;MFD_SETNO65;42.287;65.3485;274347;25;10-jul-05;06:07:49;32.416;9.599;5.0506;2.2003664516129;2.7175;0.428;0.4085;NaN;NaN
TEL2005605_65;MFD_SETNO65;42.287;65.3485;274348;5;10-jul-05;06:07:49;32.475;11.351;4.625;1.13302451612903;2.3435;0.3305;0.012;NaN;6.84633333333333
TEL2005605_66;MFD_SETNO66;42.530333;65.449667;274349;96;10-jul-05;08:44:47;34.011;8.8;3.9999;0.121577806451613;7.312;0.887;10.695;34.089;5.38666666666667
TEL2005605_66;MFD_SETNO66;42.530333;65.449667;274350;50;10-jul-05;08:44:47;33.331;7.607;4.5487;1.41217548387097;5.4745;0.7275;6.15;NaN;NaN
TEL2005605_66;MFD_SETNO66;42.530333;65.449667;274351;25;10-jul-05;08:44:47;32.215;9.218;5.1201;1.51069935483871;3.6245;0.4645;1.557;NaN;NaN
TEL2005605_66;MFD_SETNO66;42.530333;65.449667;274352;5;10-jul-05;08:44:47;32.17;11.603;4.6251;0.98523870967742;2.8555;0.328;0;NaN;6.671
TEL2005605_67;MFD_SETNO67;42.676167;65.394333;274353;90;10-jul-05;10:38:02;33.38;6.937;4.3069;0.0506574193548387;6.837;0.8605;9.08;33.413;5.77833333333333
TEL2005605_67;MFD_SETNO67;42.676167;65.394333;274354;50;10-jul-05;10:38:02;33.328;6.784;4.3983;0.064166064516129;6.599;0.8355;8.8365;NaN;NaN
TEL2005605_67;MFD_SETNO67;42.676167;65.394333;274355;25;10-jul-05;10:38:02;33.386;8.509;4.4272;2.66014451612903;3.3035;0.536;1.2995;NaN;NaN
TEL2005605_67;MFD_SETNO67;42.676167;65.394333;274356;5;10-jul-05;10:38:02;32.52;11.218;4.2071;0.513917419354839;2.032;0.31;0;NaN;6.69533333333333
TEL2005605_68;MFD_SETNO68;42.679833;65.304667;274357;96;10-jul-05;13:06:07;32.915;5.413;4.6345;0.0489688387096774;6.01;0.819;7.082;33.023;6.26566666666667
TEL2005605_68;MFD_SETNO68;42.679833;65.304667;274358;50;10-jul-05;13:06:07;32.8;5.061;4.7481;0.0591003225806452;5.0925;0.7565;6.0005;NaN;NaN
TEL2005605_68;MFD_SETNO68;42.679833;65.304667;274359;25;10-jul-05;13:06:07;32.44;8.48;5.3224;2.66014451612903;2.341;0.459;0.552;NaN;NaN
TEL2005605_68;MFD_SETNO68;42.679833;65.304667;274360;5;10-jul-05;13:06:07;32.206;12.918;4.3574;0.722508387096774;2.359;0.3315;0;NaN;6.945
TEL2005605_69;MFD_SETNO69;42.811667;65.313667;274361;128;10-jul-05;15:12:34;33.097;5.614;4.4125;0.0354601935483871;6.559;0.828;7.7115;33.11;5.989
TEL2005605_69;MFD_SETNO69;42.811667;65.313667;274362;50;10-jul-05;15:12:34;32.485;4.636;5.0391;0.248098064516129;4.001;0.7035;4.1345;NaN;NaN
TEL2005605_69;MFD_SETNO69;42.811667;65.313667;274363;25;10-jul-05;15:12:34;32.029;11;4.9966;0.702944516129032;2.087;0.3505;0;NaN;NaN
TEL2005605_69;MFD_SETNO69;42.811667;65.313667;274364;5;10-jul-05;15:12:34;32.107;12.304;4.3138;0.555267096774194;1.919;0.3095;0;NaN;6.618
TEL2005605_7;MFD_SETNO7;42.828333;63.755667;273935;184;01-jul-05;23:46:29;35.229;10.126;2.8504;0.011820064516129;10.8515;1.2735;20.3095;35.252;3.908
TEL2005605_7;MFD_SETNO7;42.828333;63.755667;273936;50;01-jul-05;23:46:29;32.709;5.509;5.0796;1.06734193548387;2.8465;0.5495;1.8125;NaN;NaN
TEL2005605_7;MFD_SETNO7;42.828333;63.755667;273937;25;01-jul-05;23:46:29;32.413;6.11;5.7388;0.771770322580645;1.94;0.3635;0.0455;NaN;NaN
TEL2005605_7;MFD_SETNO7;42.828333;63.755667;273938;5;01-jul-05;23:46:29;31.686;12.974;4.8279;0.277633548387097;1.431;0.299;0.0075;NaN;6.4765
TEL2005605_70;MFD_SETNO70;42.8225;65.195333;274365;125;10-jul-05;16:50:00;32.95;5.344;4.533;0.040525935483871;6.7185;0.848;7.721;32.973;6.118
TEL2005605_70;MFD_SETNO70;42.8225;65.195333;274366;50;10-jul-05;16:50:00;32.266;4.442;5.206;0.419403870967742;2.94;0.6405;2.6165;NaN;NaN
TEL2005605_70;MFD_SETNO70;42.8225;65.195333;274367;25;10-jul-05;16:50:00;31.755;7.454;5.3091;1.08376258064516;1.6255;0.39;0.002;NaN;NaN
TEL2005605_70;MFD_SETNO70;42.8225;65.195333;274368;5;10-jul-05;16:50:00;31.824;12.815;4.4789;0.413496774193548;1.752;0.2945;0;NaN;6.5335
TEL2005605_71;MFD_SETNO71;42.761333;64.933833;274369;107;10-jul-05;18:48:17;32.862;4.831;4.6245;0.0282167741935484;5.542;0.784;6.7135;32.882;6.267
TEL2005605_71;MFD_SETNO71;42.761333;64.933833;274370;50;10-jul-05;18:48:17;32.087;4.351;5.3107;0.555267096774194;2.377;0.618;1.6095;NaN;NaN
TEL2005605_71;MFD_SETNO71;42.761333;64.933833;274371;25;10-jul-05;18:48:17;31.426;6.703;5.4879;0.791550967741935;1.679;0.385;0;NaN;NaN
TEL2005605_71;MFD_SETNO71;42.761333;64.933833;274372;5;10-jul-05;18:48:17;31.342;12.718;4.3401;0.602523870967742;1.2785;0.2985;0;NaN;6.574
TEL2005605_72;MFD_SETNO72;42.897833;64.972167;274373;93;10-jul-05;20:47:30;32.592;4.637;4.8446;0.0624774838709677;5.109;0.7505;5.434;32.604;6.531
TEL2005605_72;MFD_SETNO72;42.897833;64.972167;274374;50;10-jul-05;20:47:30;32.203;4.241;5.2022;0.342611612903226;2.3545;0.58;1.955;NaN;NaN
TEL2005605_72;MFD_SETNO72;42.897833;64.972167;274375;25;10-jul-05;20:47:30;33.793;4.878;4.5957;1.00165935483871;2.046;0.4165;0.002;NaN;NaN
TEL2005605_72;MFD_SETNO72;42.897833;64.972167;274376;5;10-jul-05;20:47:30;31.286;12.702;4.4109;0.667501935483871;1.4505;0.35;0;NaN;6.6515
TEL2005605_74;MFD_SETNO74;42.929833;64.773667;274377;89;10-jul-05;23:32:46;32.28;4.084;5.0383;0.0675432258064516;4.1585;0.705;3.8995;32.291;6.8295
TEL2005605_74;MFD_SETNO74;42.929833;64.773667;274378;50;10-jul-05;23:32:46;32.139;4.171;5.2822;0.184055290322581;3.411;0.6625;3.0405;NaN;NaN
TEL2005605_74;MFD_SETNO74;42.929833;64.773667;274379;25;10-jul-05;23:32:46;31.396;8.854;5.1675;0.608430967741936;1.354;0.3705;0;NaN;NaN
TEL2005605_74;MFD_SETNO74;42.929833;64.773667;274380;5;10-jul-05;23:32:46;31.022;12.944;4.3403;0.348518709677419;1.3325;0.3045;0;NaN;6.489
TEL2005605_75;MFD_SETNO75;42.711667;64.836;274381;110;11-jul-05;01:42:07;33.153;5.209;4.3284;0.0388373548387097;7.344;0.91;9.4505;33.162;5.886
TEL2005605_75;MFD_SETNO75;42.711667;64.836;274382;50;11-jul-05;01:42:07;32.245;3.675;5.0744;0.26581935483871;3.547;0.6745;3.3965;NaN;NaN
TEL2005605_75;MFD_SETNO75;42.711667;64.836;274383;25;11-jul-05;01:42:07;33.233;5.241;4.9226;0.773829677419355;1.737;0.4345;0.0615;NaN;NaN
TEL2005605_75;MFD_SETNO75;42.711667;64.836;274384;5;11-jul-05;01:42:07;31.094;12.223;4.4686;0.437125161290323;1.342;0.3075;0.017;NaN;6.5725
TEL2005605_76;MFD_SETNO76;42.5215;64.738333;274385;132;11-jul-05;04:44:13;34.638;8.571;3.2707;0.0224451612903226;10.0435;1.1685;16.966;34.651;4.45433333333333
TEL2005605_76;MFD_SETNO76;42.5215;64.738333;274386;50;11-jul-05;04:44:13;32.844;7.09;5.1336;0.679316129032258;3.1755;0.589;2.273;NaN;NaN
TEL2005605_76;MFD_SETNO76;42.5215;64.738333;274387;25;11-jul-05;04:44:13;32.336;10.037;5.2985;0.791550967741935;1.322;0.4155;0;NaN;NaN
TEL2005605_76;MFD_SETNO76;42.5215;64.738333;274388;5;11-jul-05;04:44:13;31.196;14.056;4.012;0.289447741935484;0.807;0.305;0;NaN;6.21833333333333
TEL2005605_77;MFD_SETNO77;42.5775;64.483;274389;262;11-jul-05;07:10:11;35.02;6.852;3.1184;0.00897806451612903;13.5595;1.752;22.2395;35.095;4.246
TEL2005605_77;MFD_SETNO77;42.5775;64.483;274390;50;11-jul-05;07:10:11;33.267;6.655;4.6478;0.431218064516129;3.985;0.6715;4.886;NaN;NaN
TEL2005605_77;MFD_SETNO77;42.5775;64.483;274391;25;11-jul-05;07:10:11;32.74;8.168;5.2717;1.03450064516129;1.811;0.3305;0.009;NaN;NaN
TEL2005605_77;MFD_SETNO77;42.5775;64.483;274392;5;11-jul-05;07:10:11;31.445;14.497;4.1802;0.253287096774194;0.9415;0.302;0;NaN;6.128
TEL2005605_78;MFD_SETNO78;42.731167;64.376167;274393;117;11-jul-05;10:10:55;34.529;9.516;3.6621;0.0314232258064516;6.7615;1.0255;11.755;34.568;4.935
TEL2005605_78;MFD_SETNO78;42.731167;64.376167;274394;50;11-jul-05;10:10:55;33.08;6.642;4.8063;0.797458064516129;2.5165;0.5605;1.422;NaN;NaN
TEL2005605_78;MFD_SETNO78;42.731167;64.376167;274395;25;11-jul-05;10:10:55;32.471;6.053;5.3078;0.968818064516129;1.549;0.505;0;NaN;NaN
TEL2005605_78;MFD_SETNO78;42.731167;64.376167;274396;5;11-jul-05;10:10:55;31.044;13.34;4.254;0.324890322580645;0.7955;0.2935;0;NaN;6.33966666666667
TEL2005605_79;MFD_SETNO79;42.949667;64.206333;274397;99;11-jul-05;12:41:15;33.127;4.997;4.3683;0.0359122580645161;7.1855;1.1045;9.1695;33.16;5.932
TEL2005605_79;MFD_SETNO79;42.949667;64.206333;274398;50;11-jul-05;12:41:15;32.15;4.127;5.1933;0.401682580645161;2.597;0.6545;2.4115;NaN;NaN
TEL2005605_79;MFD_SETNO79;42.949667;64.206333;274399;25;11-jul-05;12:41:15;31.68;6.531;5.4641;0.903135483870968;1.1985;0.4485;0.039;NaN;NaN
TEL2005605_79;MFD_SETNO79;42.949667;64.206333;274400;5;11-jul-05;12:41:15;31.169;12.71;4.3368;0.383961290322581;0.7435;0.279;0;NaN;6.40166666666667
TEL2005605_8;MFD_SETNO8;42.753667;63.936833;273939;372;02-jul-05;02:03:59;34.972;6.037;3.4456;NaN;13.7315;1.3855;21.485;34.988;4.7345
TEL2005605_8;MFD_SETNO8;42.753667;63.936833;273940;50;02-jul-05;02:03:59;33.816;8.061;4.5045;0.112234838709677;5.1995;0.6855;6.905;NaN;NaN
TEL2005605_8;MFD_SETNO8;42.753667;63.936833;273941;25;02-jul-05;02:03:59;33.592;11.486;5.0368;1.52712;4.9565;0.3755;1.503;NaN;NaN
TEL2005605_8;MFD_SETNO8;42.753667;63.936833;273942;5;02-jul-05;02:03:59;31.719;13.193;4.8267;0.295354838709677;1.745;0.2905;0.003;NaN;6.515
TEL2005605_80;MFD_SETNO80;43.463167;64.781833;274401;90;11-jul-05;17:11:55;32.375;4.389;4.9373;0.0911833548387097;4.13;0.8125;4.142;32.376;6.68266666666667
TEL2005605_80;MFD_SETNO80;43.463167;64.781833;274402;50;11-jul-05;17:11:55;31.809;4.435;5.3273;0.336704516129032;1.963;0.5975;1.349;NaN;NaN
TEL2005605_80;MFD_SETNO80;43.463167;64.781833;274403;25;11-jul-05;17:11:55;33.542;6.344;4.2658;3.75687741935484;1.067;0.467;0;NaN;NaN
TEL2005605_80;MFD_SETNO80;43.463167;64.781833;274404;5;11-jul-05;17:11:55;31.168;12.48;4.4414;0.572988387096774;0.974;0.3325;0;NaN;6.404
TEL2005605_81;MFD_SETNO81;43.475333;64.586167;274405;84;11-jul-05;18:48:12;32.424;4.336;4.9049;0.0894947741935484;4.252;0.848;4.48;32.401;6.694
TEL2005605_81;MFD_SETNO81;43.475333;64.586167;274406;50;11-jul-05;18:48:12;32.12;4.332;5.1431;0.124954967741936;3.013;0.683;2.6655;NaN;NaN
TEL2005605_81;MFD_SETNO81;43.475333;64.586167;274407;25;11-jul-05;18:48:12;31.805;7.54;5.2419;0.73248;1.2635;0.3725;0;NaN;NaN
TEL2005605_81;MFD_SETNO81;43.475333;64.586167;274408;5;11-jul-05;18:48:12;30.87;12.19;4.5253;0.360332903225806;1.018;0.3145;0;NaN;6.531
TEL2005605_82;MFD_SETNO82;43.8335;64.3345;274409;128;11-jul-05;21:58:33;33.267;4.944;3.9115;0.0371487741935484;11.177;1.211;10.3695;33.267;5.313
TEL2005605_82;MFD_SETNO82;43.8335;64.3345;274410;50;11-jul-05;21:58:33;31.761;3.415;5.4288;0.508010322580645;1.9785;0.572;1.467;NaN;NaN
TEL2005605_82;MFD_SETNO82;43.8335;64.3345;274411;25;11-jul-05;21:58:33;31.845;4.841;5.313;0.519824516129032;0.9005;0.4535;0;NaN;NaN
TEL2005605_82;MFD_SETNO82;43.8335;64.3345;274412;5;11-jul-05;21:58:33;30.439;13.572;4.1814;0.431218064516129;0.8395;0.275;0;NaN;6.3445
TEL2005605_83;MFD_SETNO83;43.939167;64.186667;274413;142;11-jul-05;23:25:11;33.633;5.858;3.5632;0.0320645161290323;12.1855;1.2955;11.937;33.64;4.816
TEL2005605_83;MFD_SETNO83;43.939167;64.186667;274414;50;11-jul-05;23:25:11;31.923;3.554;5.1934;0.28354064516129;3.83;0.7165;2.872;NaN;NaN
TEL2005605_83;MFD_SETNO83;43.939167;64.186667;274415;25;11-jul-05;23:25:11;32.433;4.473;4.7515;0.667501935483871;1.673;0.5225;0.367;NaN;NaN
TEL2005605_83;MFD_SETNO83;43.939167;64.186667;274416;5;11-jul-05;23:25:11;30.53;13.861;4.271;0.378054193548387;0.8275;0.2655;0;NaN;6.243
TEL2005605_84;MFD_SETNO84;43.7795;63.860333;274417;233;12-jul-05;04:54:40;34.725;8.742;2.3877;0.0153909677419355;18.893;1.6995;19.871;34.774;3.27533333333333
TEL2005605_84;MFD_SETNO84;43.7795;63.860333;274418;50;12-jul-05;04:54:40;32.236;2.517;4.9362;0.162103741935484;6.499;0.9285;7.258;NaN;NaN
TEL2005605_84;MFD_SETNO84;43.7795;63.860333;274419;25;12-jul-05;04:54:40;31.835;3.927;5.3782;0.413496774193548;1.165;0.631;0.9085;NaN;NaN
TEL2005605_84;MFD_SETNO84;43.7795;63.860333;274420;5;12-jul-05;04:54:40;31.185;14.522;4.0601;0.295354838709677;0.603;0.262;0;NaN;6.35733333333333
TEL2005605_85;MFD_SETNO85;43.936833;63.683833;274421;196;12-jul-05;07:00:12;34.774;9.109;2.6284;0.00705419354838709;15.1895;1.5115;18.543;34.836;3.58466666666667
TEL2005605_85;MFD_SETNO85;43.936833;63.683833;274422;50;12-jul-05;07:00:12;32.522;5.43;5.2899;0.921507096774194;1.954;0.457;1.0165;NaN;NaN
TEL2005605_85;MFD_SETNO85;43.936833;63.683833;274423;25;12-jul-05;07:00:12;32.4;8.637;5.3472;0.472567741935484;1.335;0.3345;0;NaN;NaN
TEL2005605_85;MFD_SETNO85;43.936833;63.683833;274424;5;12-jul-05;07:00:12;31.77;14.866;3.9142;0.248098064516129;0.9245;0.305;0;NaN;6.02366666666667
TEL2005605_9;MFD_SETNO9;42.955167;64.082;273943;98;02-jul-05;04:34:49;32.992;4.258;4.461;0.0236401290322581;7.901;0.95;9.1975;32.995;NaN
TEL2005605_9;MFD_SETNO9;42.955167;64.082;273944;50;02-jul-05;04:34:49;32.041;3.569;5.339;0.476198709677419;NaN;NaN;NaN;NaN;NaN
TEL2005605_9;MFD_SETNO9;42.955167;64.082;273945;25;02-jul-05;04:34:49;31.622;5.587;5.6565;0.673246451612903;1.6505;0.3795;0.017;NaN;NaN
TEL2005605_9;MFD_SETNO9;42.955167;64.082;273946;5;02-jul-05;04:34:49;31.09;11.489;4.901;0.394095483870968;1.3065;0.304;0;NaN;6.61766666666667
