CTD;CTD;CTD;CTD;CTD;CTD;CTD;CTD;CTD;CTD;CTD;labo;labo;labo;labo;labo;labo
Fichier;Station;Latitude;Longitude;Echantillon;zbouteille;Date;Heure;PSAL;TEMP_XX;DOXY;CHL_01;Si_01;PO4_01;NOx_01;PSAL_BS;OXY_03
(nom);(nom/no);(degres);(degres);(no_unique);(dbar);(jj-mmm-yyyy);(GMT);(psu);(celsius);(ml/l);(mg/m**3);(mmol/m**3);(mmol/m**3);(mmol/m**3);(PSU);(ml/l)
TEL2006615_1;MFD_SETNO1;44.583833;-61.804333;287783;154;05-mar-06;06:55:49;34.295;8.2945;2.84979;0.0303944516129032;14.603;1.3025;15.3035;34.291;3.9175
TEL2006615_1;MFD_SETNO1;44.583833;-61.804333;287784;50;05-mar-06;06:55:49;31.968;3.173;5.45352;2.16752516129032;1.056;0.567;2.1105;NaN;NaN
TEL2006615_1;MFD_SETNO1;44.583833;-61.804333;287785;25;05-mar-06;06:55:49;31.794;2.116;5.76075;3.62270322580645;1.4195;0.5325;1.753;NaN;NaN
TEL2006615_1;MFD_SETNO1;44.583833;-61.804333;287786;6;05-mar-06;06:55:49;31.589;1.2137;5.85053;7.37958064516129;3.0475;0.592;2.5405;31.609;7.8095
TEL2006615_10;MFD_SETNO10;44.678167;-60.092;287815;99;06-mar-06;08:40:10;32.914;3.3732;4.44904;0.307169032258065;10.179;1.1145;10.728;NaN;7.5215
TEL2006615_10;MFD_SETNO10;44.678167;-60.092;287816;51;06-mar-06;08:40:10;31.977;1.8404;5.60778;4.56192258064516;4.184;0.773;4.514;NaN;NaN
TEL2006615_10;MFD_SETNO10;44.678167;-60.092;287817;26;06-mar-06;08:40:10;31.936;1.7908;5.58184;3.75687741935484;4.9285;0.8005;5.164;NaN;NaN
TEL2006615_10;MFD_SETNO10;44.678167;-60.092;287818;5;06-mar-06;08:40:10;31.584;0.7166;5.71435;1.05092129032258;6.0995;0.813;5.658;31.592;7.74
TEL2006615_11;MFD_SETNO11;44.347667;-60.087;287819;107;06-mar-06;12:01:00;33.458;4.257;4.12663;0.200841290322581;10.002;1.0645;11.5495;33.42;5.673
TEL2006615_11;MFD_SETNO11;44.347667;-60.087;287820;51;06-mar-06;12:01:00;31.915;1.9959;5.48927;1.08376258064516;6.0445;0.884;6.2695;NaN;NaN
TEL2006615_11;MFD_SETNO11;44.347667;-60.087;287821;26;06-mar-06;12:01:00;31.823;1.4374;5.59564;1.57638193548387;5.798;0.8395;5.6665;NaN;NaN
TEL2006615_11;MFD_SETNO11;44.347667;-60.087;287822;5;06-mar-06;12:01:00;31.822;1.4344;5.59385;1.34649290322581;5.8645;0.827;5.653;31.818;7.583
TEL2006615_12;MFD_SETNO12;44.252833;-60.1975;287823;102;06-mar-06;13:39:36;33.422;4.258;4.08671;0.111446322580645;11.907;1.1815;12.8075;33.399;5.6005
TEL2006615_12;MFD_SETNO12;44.252833;-60.1975;287824;51;06-mar-06;13:39:36;32.052;1.9678;5.56111;4.96444516129032;3.6445;0.764;4.123;NaN;NaN
TEL2006615_12;MFD_SETNO12;44.252833;-60.1975;287825;26;06-mar-06;13:39:36;31.874;1.593;5.59877;2.56162064516129;5.3255;0.8125;5.2645;NaN;NaN
TEL2006615_12;MFD_SETNO12;44.252833;-60.1975;287826;6;06-mar-06;13:39:36;31.87;1.5947;5.58332;1.77342967741935;5.5685;0.817;5.44;31.878;7.563
TEL2006615_13;MFD_SETNO13;44.097167;-60.302167;287827;62;06-mar-06;15:32:33;32.689;3.3918;4.37788;0.567081290322581;8.952;0.996;8.896;32.575;6.252
TEL2006615_13;MFD_SETNO13;44.097167;-60.302167;287828;50;06-mar-06;15:32:33;31.951;1.9578;5.58188;4.294;4.4395;0.797;4.8915;NaN;NaN
TEL2006615_13;MFD_SETNO13;44.097167;-60.302167;287829;26;06-mar-06;15:32:33;31.918;1.928;5.60394;5.50114193548387;2.9325;0.659;3.372;NaN;NaN
TEL2006615_13;MFD_SETNO13;44.097167;-60.302167;287830;6;06-mar-06;15:32:33;31.915;1.9613;5.53198;4.42774838709677;3.3965;0.711;3.708;31.918;7.696
TEL2006615_14;MFD_SETNO14;44.1975;-60.7085;287831;65;06-mar-06;18:13:11;32.977;3.9152;4.23444;0.175612387096774;10.8215;1.105;10.775;32.982;5.7485
TEL2006615_14;MFD_SETNO14;44.1975;-60.7085;287832;49;06-mar-06;18:13:11;32.087;2.2592;5.30338;2.03616;6.3655;0.892;6.8795;NaN;NaN
TEL2006615_14;MFD_SETNO14;44.1975;-60.7085;287833;25;06-mar-06;18:13:11;31.705;1.1907;5.63783;1.8719535483871;5.6115;0.8205;5.498;NaN;NaN
TEL2006615_14;MFD_SETNO14;44.1975;-60.7085;287834;5;06-mar-06;18:13:11;31.612;1.1235;5.68255;0.985238709677419;6.08;0.82;5.499;31.623;7.647
TEL2006615_15;MFD_SETNO15;44.376667;-60.761;287835;97;06-mar-06;20:24:50;32.774;3.3493;4.43682;0.175612387096774;10.513;1.134;10.3605;32.769;6.0335
TEL2006615_15;MFD_SETNO15;44.376667;-60.761;287836;51;06-mar-06;20:24:50;31.964;2.1884;5.39256;1.74058838709677;5.936;0.8945;6.128;NaN;NaN
TEL2006615_15;MFD_SETNO15;44.376667;-60.761;287837;26;06-mar-06;20:24:50;31.554;0.9551;5.69986;1.83911225806452;5.9385;0.794;5.287;NaN;NaN
TEL2006615_15;MFD_SETNO15;44.376667;-60.761;287838;5;06-mar-06;20:24:50;31.456;0.9644;5.78142;1.83911225806452;5.7235;0.79;4.842;31.463;7.7655
TEL2006615_16;MFD_SETNO16;44.393333;-61.290667;287839;153;07-mar-06;00:21:31;34.248;8.385;2.90799;0.0607889032258064;14.0585;1.2525;14.628;34.195;7.566
TEL2006615_16;MFD_SETNO16;44.393333;-61.290667;287840;49;07-mar-06;00:21:31;31.904;2.2207;5.37148;0.307169032258065;7.0165;0.9425;6.822;NaN;NaN
TEL2006615_16;MFD_SETNO16;44.393333;-61.290667;287841;25;07-mar-06;00:21:31;31.396;0.6173;5.73144;1.01808;6.4465;0.8465;5.603;NaN;NaN
TEL2006615_16;MFD_SETNO16;44.393333;-61.290667;287842;6;07-mar-06;00:21:31;31.37;0.5561;5.73535;0.637966451612903;5.901;0.7925;5.0245;31.384;4.096
TEL2006615_17;MFD_SETNO17;44.397333;-61.5345;287843;183;07-mar-06;02:20:34;34.54;8.6678;2.63479;0.0179561290322581;16.167;1.3755;16.824;34.533;3.6485
TEL2006615_17;MFD_SETNO17;44.397333;-61.5345;287844;50;07-mar-06;02:20:34;32.33;4.5673;5.07428;0.821032258064516;2.5175;0.7025;3.757;NaN;NaN
TEL2006615_17;MFD_SETNO17;44.397333;-61.5345;287845;26;07-mar-06;02:20:34;31.539;1.1178;5.81505;6.84288387096774;3.813;0.707;3.3975;NaN;NaN
TEL2006615_17;MFD_SETNO17;44.397333;-61.5345;287846;6;07-mar-06;02:20:34;31.367;0.5441;5.70225;1.57638193548387;6.627;0.829;5.3475;31.38;7.814
TEL2006615_18;MFD_SETNO18;44.1695;-61.816;287847;115;07-mar-06;05:18:28;34.233;8.2133;3.00027;0.0269341935483871;12.438;1.202;13.5705;34.224;4.047
TEL2006615_18;MFD_SETNO18;44.1695;-61.816;287848;50;07-mar-06;05:18:28;32.902;4.436;4.19653;0.131709290322581;11.0435;1.1315;10.8215;NaN;NaN
TEL2006615_18;MFD_SETNO18;44.1695;-61.816;287849;25;07-mar-06;05:18:28;31.758;2.0325;5.77191;4.29357419354839;2.656;0.639;2.769;NaN;NaN
TEL2006615_18;MFD_SETNO18;44.1695;-61.816;287850;6;07-mar-06;05:18:28;31.555;1.2729;5.85038;4.83027096774194;3.3545;0.62;2.6825;31.569;7.852
TEL2006615_19;MFD_SETNO19;43.947833;-61.671333;287851;76;07-mar-06;07:46:16;33.878;8.2705;3.47144;0.212655483870968;9.8565;1.0665;11.1875;33.834;4.703
TEL2006615_19;MFD_SETNO19;43.947833;-61.671333;287852;51;07-mar-06;07:46:16;32.203;3.4566;5.26227;1.57638193548387;1.572;0.6255;2.6175;NaN;NaN
TEL2006615_19;MFD_SETNO19;43.947833;-61.671333;287853;25;07-mar-06;07:46:16;31.897;2.2696;5.63944;5.90366451612903;1.7925;0.55;1.829;NaN;NaN
TEL2006615_19;MFD_SETNO19;43.947833;-61.671333;287854;5;07-mar-06;07:46:16;31.844;2.0939;5.66037;4.69609677419355;1.8785;0.546;1.888;31.871;7.6255
TEL2006615_2;MFD_SETNO2;44.652667;-61.593833;287787;150;05-mar-06;09:00:01;34.289;8.1584;2.79367;0.040525935483871;15.834;1.3435;15.7875;34.286;3.845
TEL2006615_2;MFD_SETNO2;44.652667;-61.593833;287788;48;05-mar-06;09:00:01;31.66;1.8328;5.38512;0.155349419354839;6.8965;0.882;6.5855;NaN;NaN
TEL2006615_2;MFD_SETNO2;44.652667;-61.593833;287789;24;05-mar-06;09:00:01;31.089;0.0341;5.75901;0.496196129032258;7.4595;0.868;6.4425;NaN;NaN
TEL2006615_2;MFD_SETNO2;44.652667;-61.593833;287790;5;05-mar-06;09:00:01;30.817;-0.6433;5.86616;0.36624;8.633;0.885;6.7345;30.828;7.9685
TEL2006615_20;MFD_SETNO20;43.842;-62.139667;287855;119;07-mar-06;10:41:40;34.744;9.1647;2.75623;0.0333470967741935;13.4795;1.3335;17.8265;34.739;3.783
TEL2006615_20;MFD_SETNO20;43.842;-62.139667;287856;50;07-mar-06;10:41:40;33.222;5.8939;3.93236;0.0776747096774194;10.1385;1.083;10.634;NaN;NaN
TEL2006615_20;MFD_SETNO20;43.842;-62.139667;287857;25;07-mar-06;10:41:40;31.736;1.965;5.66779;2.79150967741935;3.3775;0.6565;3.2595;NaN;NaN
TEL2006615_20;MFD_SETNO20;43.842;-62.139667;287858;5;07-mar-06;10:41:40;31.676;1.6966;5.69752;3.05424;3.074;0.6325;3.0195;31.684;7.646
TEL2006615_21;MFD_SETNO21;43.761667;-62.238833;287859;133;07-mar-06;13:04:41;34.703;9.4386;2.9446;0.0269341935483871;10.1195;1.134;13.833;34.702;4.0435
TEL2006615_21;MFD_SETNO21;43.761667;-62.238833;287860;51;07-mar-06;13:04:41;33.023;6.0346;4.3322;0.0911833548387097;8.2165;0.9805;9.263;NaN;NaN
TEL2006615_21;MFD_SETNO21;43.761667;-62.238833;287861;25;07-mar-06;13:04:41;31.575;1.3791;5.75331;3.62270322580645;4.066;0.671;3.429;NaN;NaN
TEL2006615_21;MFD_SETNO21;43.761667;-62.238833;287862;5;07-mar-06;13:04:41;31.53;1.2804;5.81571;4.02522580645161;3.9525;0.6735;3.442;31.541;7.768
TEL2006615_22;MFD_SETNO22;43.673667;-62.388167;287863;102;07-mar-06;15:00:25;34.358;8.926;3.32458;0.0359122580645161;8.4675;1.0265;11.692;34.357;4.4685
TEL2006615_22;MFD_SETNO22;43.673667;-62.388167;287864;51;07-mar-06;15:00:25;32.589;5.2274;4.65202;0.0911833548387097;7.3025;0.9315;8.2445;NaN;NaN
TEL2006615_22;MFD_SETNO22;43.673667;-62.388167;287865;25;07-mar-06;15:00:25;31.693;2.1381;5.56765;1.37933419354839;3.097;0.6515;3.504;NaN;NaN
TEL2006615_22;MFD_SETNO22;43.673667;-62.388167;287866;6;07-mar-06;15:00:25;31.68;2.1358;5.56738;1.41217548387097;3.0485;0.6335;3.3545;31.687;7.463
TEL2006615_23;MFD_SETNO23;43.699667;-62.470833;287867;99;07-mar-06;16:40:10;34.701;9.8787;3.16266;0.0461729032258064;9.611;1.1235;14.35;34.708;4.2245
TEL2006615_23;MFD_SETNO23;43.699667;-62.470833;287868;50;07-mar-06;16:40:10;32.5;4.8632;4.76951;0.135086451612903;6.598;0.8725;7.0725;NaN;NaN
TEL2006615_23;MFD_SETNO23;43.699667;-62.470833;287869;25;07-mar-06;16:40:10;31.881;3.3957;5.28807;0.318983225806452;4.0325;0.721;4.579;NaN;NaN
TEL2006615_23;MFD_SETNO23;43.699667;-62.470833;287870;6;07-mar-06;16:40:10;31.494;1.9516;5.56173;0.578895483870968;4.655;0.7685;4.542;31.5;7.358
TEL2006615_24;MFD_SETNO24;43.674667;-62.628667;287871;119;07-mar-06;18:18:17;34.838;9.7615;2.92249;0.0192387096774193;10.738;1.202;16.68;34.836;3.929
TEL2006615_24;MFD_SETNO24;43.674667;-62.628667;287872;51;07-mar-06;18:18:17;32.182;4.1495;5.20201;0.295354838709677;5.4225;0.768;5.6995;NaN;NaN
TEL2006615_24;MFD_SETNO24;43.674667;-62.628667;287873;26;07-mar-06;18:18:17;31.687;2.2805;5.50859;0.637966451612903;4.9645;0.713;4.459;NaN;NaN
TEL2006615_24;MFD_SETNO24;43.674667;-62.628667;287874;4;07-mar-06;18:18:17;31.517;2.0618;5.60606;0.578895483870968;5.108;0.7325;4.6515;31.557;7.3995
TEL2006615_25;MFD_SETNO25;43.497167;-62.383833;287875;78;07-mar-06;20:37:34;33.992;7.9981;3.44426;0.0540345806451613;9.6865;1.103;12.494;33.979;4.6225
TEL2006615_25;MFD_SETNO25;43.497167;-62.383833;287876;50;07-mar-06;20:37:34;32.73;5.4517;4.59997;0.141840774193548;6.8;0.8985;7.599;NaN;NaN
TEL2006615_25;MFD_SETNO25;43.497167;-62.383833;287877;25;07-mar-06;20:37:34;31.761;2.2227;5.5522;1.31365161290323;3.097;0.6755;3.483;NaN;NaN
TEL2006615_25;MFD_SETNO25;43.497167;-62.383833;287878;5;07-mar-06;20:37:34;31.644;2.5767;5.5167;0.744294193548387;4.294;0.696;4.103;31.666;7.326
TEL2006615_26;MFD_SETNO26;43.4215;-62.425;287879;82;07-mar-06;22:04:17;33.627;7.4089;3.793;0.172235225806452;8.242;1.037;10.9385;33.626;5.134
TEL2006615_26;MFD_SETNO26;43.4215;-62.425;287880;50;07-mar-06;22:04:17;32.203;3.7646;5.22097;0.508010322580645;4.484;0.737;5.005;NaN;NaN
TEL2006615_26;MFD_SETNO26;43.4215;-62.425;287881;25;07-mar-06;22:04:17;31.764;2.443;5.47892;0.803365161290323;4.003;0.666;3.957;NaN;NaN
TEL2006615_26;MFD_SETNO26;43.4215;-62.425;287882;5;07-mar-06;22:04:17;31.709;2.4602;5.4847;0.685223225806452;4.442;0.701;4.244;31.705;7.3535
TEL2006615_28;MFD_SETNO28;43.438333;-62.744333;287883;98;08-mar-06;00:22:06;34.786;10.03;3.16;0.0269341935483871;9.478;1.1385;14.639;34.782;4.267
TEL2006615_28;MFD_SETNO28;43.438333;-62.744333;287884;50;08-mar-06;00:22:06;31.961;3.114;5.36355;0.614338064516129;4.9675;0.744;4.506;NaN;NaN
TEL2006615_28;MFD_SETNO28;43.438333;-62.744333;287885;26;08-mar-06;00:22:06;31.645;2.2156;5.53986;0.389868387096774;5.376;0.7505;5.205;NaN;NaN
TEL2006615_28;MFD_SETNO28;43.438333;-62.744333;287886;5;08-mar-06;00:22:06;31.566;2.2025;5.53648;0.779736774193548;4.7975;0.7295;4.4325;31.576;7.4385
TEL2006615_29;MFD_SETNO29;43.441333;-62.914667;287887;106;08-mar-06;03:04:38;34.886;9.7327;2.80034;0.0179561290322581;10.2405;1.19;16.2265;34.88;3.8235
TEL2006615_29;MFD_SETNO29;43.441333;-62.914667;287888;50;08-mar-06;03:04:38;32.299;4.1329;5.07186;0.0878061935483871;8.8015;1.026;8.6315;NaN;NaN
TEL2006615_29;MFD_SETNO29;43.441333;-62.914667;287889;25;08-mar-06;03:04:38;31.539;2.0163;5.55912;0.590709677419355;5.26;0.746;4.7395;NaN;NaN
TEL2006615_29;MFD_SETNO29;43.441333;-62.914667;287890;5;08-mar-06;03:04:38;31.53;2.0216;5.51815;0.637966451612903;5.1625;0.7375;4.712;31.537;7.4595
TEL2006615_3;MFD_SETNO3;44.8135;-61.646333;287791;130;05-mar-06;12:16:22;33.431;5.5988;3.79151;0.0607889032258064;11.986;1.138;11.2165;33.153;5.325
TEL2006615_3;MFD_SETNO3;44.8135;-61.646333;287792;50;05-mar-06;12:16:22;31.252;0.7295;5.63136;0.168858064516129;7.723;0.8785;6.69;NaN;NaN
TEL2006615_3;MFD_SETNO3;44.8135;-61.646333;287793;25;05-mar-06;12:16:22;30.749;-0.5204;5.84111;0.378054193548387;8.8585;0.899;6.8205;NaN;NaN
TEL2006615_3;MFD_SETNO3;44.8135;-61.646333;287794;5;05-mar-06;12:16:22;30.743;-0.5264;5.84035;0.36624;7.5705;0.7985;5.8555;30.755;7.954
TEL2006615_30;MFD_SETNO30;43.0325;-63.194667;287891;155;08-mar-06;06:36:54;35.047;9.6736;2.74604;0.0128258064516129;11.582;1.3165;19.553;35.031;3.7175
TEL2006615_30;MFD_SETNO30;43.0325;-63.194667;287892;50;08-mar-06;06:36:54;33.405;7.3939;4.32818;0.271726451612903;5.1915;0.817;7.4275;NaN;NaN
TEL2006615_30;MFD_SETNO30;43.0325;-63.194667;287893;26;08-mar-06;06:36:54;31.946;2.8833;5.41572;0.952397419354839;3.3245;0.6215;3.536;NaN;NaN
TEL2006615_30;MFD_SETNO30;43.0325;-63.194667;287894;5;08-mar-06;06:36:54;31.807;2.6072;5.51507;0.722508387096774;4.115;0.6835;3.9065;31.808;7.2985
TEL2006615_31;MFD_SETNO31;42.828833;-63.150833;287895;231;08-mar-06;10:02:07;35.121;9.283;2.81486;0.0141083870967742;10.1625;1.246;18.052;35.133;3.8005
TEL2006615_31;MFD_SETNO31;42.828833;-63.150833;287896;50;08-mar-06;10:02:07;34.171;9.319;4.31817;0.165480903225806;4.482;0.7075;7.211;NaN;NaN
TEL2006615_31;MFD_SETNO31;42.828833;-63.150833;287897;26;08-mar-06;10:02:07;32.807;4.9641;5.14816;0.685223225806451;3.409;0.6255;4.325;NaN;NaN
TEL2006615_31;MFD_SETNO31;42.828833;-63.150833;287898;5;08-mar-06;10:02:07;32.547;4.1258;5.26809;0.919556129032258;3.112;0.6315;3.422;32.537;6.979
TEL2006615_32;MFD_SETNO32;42.815;-62.902833;287899;286;08-mar-06;13:56:08;35.179;9.7594;2.67606;0.0115432258064516;10.867;1.3285;19.9785;35.19;3.643
TEL2006615_32;MFD_SETNO32;42.815;-62.902833;287900;50;08-mar-06;13:56:08;33.84;8.4912;4.43583;0.543452903225806;3.18;0.707;5.8345;NaN;NaN
TEL2006615_32;MFD_SETNO32;42.815;-62.902833;287901;25;08-mar-06;13:56:08;32.769;5.0381;5.14737;NaN;NaN;NaN;NaN;NaN;NaN
TEL2006615_32;MFD_SETNO32;42.815;-62.902833;287902;6;08-mar-06;13:56:08;32.478;4.1323;5.32213;1.97047741935484;1.783;0.5735;2.599;32.491;7.0565
TEL2006615_33;MFD_SETNO33;42.8695;-62.547167;287903;297;08-mar-06;16:45:07;27.246;8.9704;2.68272;0.0128258064516129;12.69;1.4455;22.3095;35.154;3.617
TEL2006615_33;MFD_SETNO33;42.8695;-62.547167;287904;51;08-mar-06;16:45:07;33.2;6.1088;5.11816;3.22018064516129;1.0655;0.4925;1.81;NaN;NaN
TEL2006615_33;MFD_SETNO33;42.8695;-62.547167;287905;26;08-mar-06;16:45:07;32.979;5.4896;5.21183;1.28081032258064;1.6845;0.532;2.3935;NaN;NaN
TEL2006615_33;MFD_SETNO33;42.8695;-62.547167;287906;6;08-mar-06;16:45:07;32.831;5.1133;5.23382;1.74058838709677;2.2325;0.585;3.039;32.687;6.9705
TEL2006615_34;MFD_SETNO34;43.063;-62.468833;287907;111;08-mar-06;19:34:43;34.766;9.3854;3.05838;0.0506574193548387;9.7065;1.172;15.899;34.759;4.142
TEL2006615_34;MFD_SETNO34;43.063;-62.468833;287908;50;08-mar-06;19:34:43;32.552;4.9617;4.89412;0.318983225806452;5.4155;0.8285;6.4575;NaN;NaN
TEL2006615_34;MFD_SETNO34;43.063;-62.468833;287909;26;08-mar-06;19:34:43;32.029;3.1095;5.41218;0.744294193548387;3.5295;0.691;3.682;NaN;NaN
TEL2006615_34;MFD_SETNO34;43.063;-62.468833;287910;5;08-mar-06;19:34:43;32.025;3.1045;5.40419;0.73248;3.4245;0.6725;3.606;32.037;7.223
TEL2006615_35;MFD_SETNO35;43.025167;-62.101667;287911;119;08-mar-06;23:18:23;35.03;10.3934;2.95764;0.0574117419354839;9.8085;1.188;16.458;35.017;4.046
TEL2006615_35;MFD_SETNO35;43.025167;-62.101667;287912;50;08-mar-06;23:18:23;33.386;7.1373;4.83257;1.34649290322581;3.5265;0.713;5.869;NaN;NaN
TEL2006615_35;MFD_SETNO35;43.025167;-62.101667;287913;26;08-mar-06;23:18:23;32.454;4.2185;5.44187;3.0860064516129;0.5125;0.454;0.625;NaN;NaN
TEL2006615_35;MFD_SETNO35;43.025167;-62.101667;287914;5;08-mar-06;23:18:23;32.446;4.198;5.40366;2.49593806451613;0.4;0.423;0.408;32.451;7.2185
TEL2006615_36;MFD_SETNO36;43.322;-62.1295;287915;99;09-mar-06;01:51:53;34.034;8.3915;3.55113;0.177212903225806;8.822;1.0165;11.728;34.035;4.753
TEL2006615_36;MFD_SETNO36;43.322;-62.1295;287916;50;09-mar-06;01:51:53;32.513;4.3209;5.27203;1.93763612903226;1.0615;0.5165;2.1175;NaN;NaN
TEL2006615_36;MFD_SETNO36;43.322;-62.1295;287917;25;09-mar-06;01:51:53;32.31;4.0436;5.47632;2.52877935483871;0.493;0.379;0.4365;NaN;NaN
TEL2006615_36;MFD_SETNO36;43.322;-62.1295;287918;5;09-mar-06;01:51:53;32.307;4.0334;5.46507;2.29889032258064;0.418;0.352;0.3145;32.316;7.277
TEL2006615_38;MFD_SETNO38;43.54;-61.906;287919;79;09-mar-06;07:18:16;33.886;8.8385;3.7098;0.106327741935484;6.8065;0.8235;9.3045;33.871;4.9515
TEL2006615_38;MFD_SETNO38;43.54;-61.906;287920;50;09-mar-06;07:18:16;32.536;4.5225;5.14085;1.41217548387097;1.432;0.5825;2.8375;NaN;NaN
TEL2006615_38;MFD_SETNO38;43.54;-61.906;287921;25;09-mar-06;07:18:16;32.336;3.9983;5.43778;1.70774709677419;0.4945;0.4325;0.9575;NaN;NaN
TEL2006615_38;MFD_SETNO38;43.54;-61.906;287922;5;09-mar-06;07:18:16;32.32;3.9965;5.43863;1.80627096774194;0.395;0.402;0.628;32.325;7.1495
TEL2006615_39;MFD_SETNO39;43.446167;-61.729333;287923;72;09-mar-06;09:24:00;33.883;8.88;3.81249;0.44893935483871;5.697;0.7705;8.1025;33.878;5.1265
TEL2006615_39;MFD_SETNO39;43.446167;-61.729333;287924;49;09-mar-06;09:24:00;32.647;5.5457;4.84255;1.83911225806452;2.328;0.659;3.3755;NaN;NaN
TEL2006615_39;MFD_SETNO39;43.446167;-61.729333;287925;25;09-mar-06;09:24:00;32.152;3.7687;5.35174;1.37933419354839;0.4085;0.4435;0.524;NaN;NaN
TEL2006615_39;MFD_SETNO39;43.446167;-61.729333;287926;5;09-mar-06;09:24:00;32.152;3.7571;5.36033;1.28081032258065;0.998;0.5005;0.574;32.151;7.1105
TEL2006615_4;MFD_SETNO4;44.736833;-60.659;287795;164;05-mar-06;17:49:58;32.718;3.0051;4.3455;0.040525935483871;10.911;1.0995;9.8;32.733;5.871
TEL2006615_4;MFD_SETNO4;44.736833;-60.659;287796;49;05-mar-06;17:49:58;31.933;1.9911;5.17205;0.192498193548387;7.147;0.8925;6.6535;NaN;NaN
TEL2006615_4;MFD_SETNO4;44.736833;-60.659;287797;26;05-mar-06;17:49:58;31.341;0.4471;5.74374;0.567081290322581;6.843;0.8555;5.942;NaN;NaN
TEL2006615_4;MFD_SETNO4;44.736833;-60.659;287798;6;05-mar-06;17:49:58;31.337;0.4558;5.75278;0.567081290322581;6.9975;0.854;6.049;31.352;7.7205
TEL2006615_40;MFD_SETNO40;43.0035;-61.656667;287927;324;09-mar-06;13:49:16;NaN;7.1764;NaN;NaN;11.703;1.2815;18.8295;35.065;3.954
TEL2006615_40;MFD_SETNO40;43.0035;-61.656667;287928;49;09-mar-06;13:49:16;NaN;7.4438;NaN;5.09861935483871;1.1195;0.3205;1.846;NaN;NaN
TEL2006615_40;MFD_SETNO40;43.0035;-61.656667;287929;24;09-mar-06;13:49:16;NaN;4.0829;NaN;4.56192258064516;0.594;0.3315;0.4315;NaN;NaN
TEL2006615_40;MFD_SETNO40;43.0035;-61.656667;287930;6;09-mar-06;13:49:16;NaN;3.912;NaN;2.95183225806452;0.486;0.3435;0.242;32.365;7.2905
TEL2006615_41;MFD_SETNO41;43.236667;-61.399833;287931;85;09-mar-06;17:00:40;NaN;8.8619;NaN;1.14944516129032;6.5235;0.8045;8.9395;33.997;5.278
TEL2006615_41;MFD_SETNO41;43.236667;-61.399833;287932;49;09-mar-06;17:00:40;NaN;4.1306;NaN;6.70870967741935;1.3815;0.532;1.622;NaN;NaN
TEL2006615_41;MFD_SETNO41;43.236667;-61.399833;287933;25;09-mar-06;17:00:40;NaN;3.1964;NaN;2.81765806451613;0.4355;0.347;0.074;NaN;NaN
TEL2006615_41;MFD_SETNO41;43.236667;-61.399833;287934;5;09-mar-06;17:00:40;NaN;3.1161;NaN;2.23320774193548;0.4395;0.3185;0.0175;32.127;7.4825
TEL2006615_42;MFD_SETNO42;43.460667;-60.724333;287935;83;09-mar-06;21:23:03;NaN;4.278;NaN;1.41217548387097;5.761;0.8105;6.6475;32.88;6.3195
TEL2006615_42;MFD_SETNO42;43.460667;-60.724333;287936;49;09-mar-06;21:23:03;NaN;2.1792;NaN;8.3188;2.543;0.603;2.2985;NaN;NaN
TEL2006615_42;MFD_SETNO42;43.460667;-60.724333;287937;25;09-mar-06;21:23:03;NaN;1.858;NaN;NaN;NaN;NaN;NaN;NaN;NaN
TEL2006615_42;MFD_SETNO42;43.460667;-60.724333;287938;5;09-mar-06;21:23:03;NaN;1.9254;NaN;9.52636774193548;0.759;0.3965;0.079;32.034;8.038
TEL2006615_43;MFD_SETNO43;43.522833;-60.497667;287939;79;09-mar-06;23:24:19;NaN;3.297;NaN;4.1594;5.816;0.858;6.5875;32.623;6.6195
TEL2006615_43;MFD_SETNO43;43.522833;-60.497667;287940;50;09-mar-06;23:24:19;NaN;1.9225;NaN;7.91627741935484;2.2915;0.5825;1.7735;NaN;NaN
TEL2006615_43;MFD_SETNO43;43.522833;-60.497667;287941;25;09-mar-06;23:24:19;NaN;1.9647;NaN;9.92889032258064;0.992;0.3955;0.3055;NaN;NaN
TEL2006615_43;MFD_SETNO43;43.522833;-60.497667;287942;5;09-mar-06;23:24:19;NaN;1.9616;NaN;10.5997612903226;0.9305;0.35;0.127;32.024;8.0045
TEL2006615_44;MFD_SETNO44;43.514667;-60.917667;287943;66;10-mar-06;01:55:34;NaN;5.3957;NaN;1.11660387096774;4.9225;0.76;5.099;32.792;6.2055
TEL2006615_44;MFD_SETNO44;43.514667;-60.917667;287944;50;10-mar-06;01:55:34;NaN;5.4147;NaN;1.14944516129032;4.7335;0.7375;5.0195;NaN;NaN
TEL2006615_44;MFD_SETNO44;43.514667;-60.917667;287945;26;10-mar-06;01:55:34;NaN;2.334;NaN;7.64792903225806;1.023;0.3605;0.751;NaN;NaN
TEL2006615_44;MFD_SETNO44;43.514667;-60.917667;287946;5;10-mar-06;01:55:34;NaN;2.316;NaN;6.03783870967742;0.89;0.337;0.3225;31.864;7.7415
TEL2006615_45;MFD_SETNO45;43.4785;-61.043167;287947;68;10-mar-06;03:21:39;NaN;5.2346;NaN;4.83027096774194;2.59;0.483;3.2195;32.867;6.386
TEL2006615_45;MFD_SETNO45;43.4785;-61.043167;287948;51;10-mar-06;03:21:39;NaN;3.4819;NaN;8.58714838709677;2.385;0.5585;2.9235;NaN;NaN
TEL2006615_45;MFD_SETNO45;43.4785;-61.043167;287949;26;10-mar-06;03:21:39;NaN;2.6047;NaN;7.64792903225806;0.7645;0.306;0.1585;NaN;NaN
TEL2006615_45;MFD_SETNO45;43.4785;-61.043167;287950;6;10-mar-06;03:21:39;NaN;2.5917;NaN;7.37958064516129;0.7105;0.2735;0.1475;31.922;7.6625
TEL2006615_47;MFD_SETNO47;43.6439;-61.2524;287951;6;10-mar-06;09:18:18;32.147;3.7609;7.02;2.49593806451613;0.7045;0.31;0.1175;31.836;7.6315
TEL2006615_48;MFD_SETNO48;43.541667;-61.256;287952;6;10-mar-06;10:55:25;32.923;5.6261;6.43;2.62730322580645;0.849;0.358;0.4355;32.103;7.339
TEL2006615_49;MFD_SETNO49;43.653667;-61.194667;287953;5;10-mar-06;13:00:53;32.149;3.7616;7;1.97047741935484;0.692;0.3375;0.1365;31.83;7.545
TEL2006615_5;MFD_SETNO5;44.834667;-60.498;287799;210;05-mar-06;20:26:53;32.806;3.0025;4.34229;0.0474554838709677;11.238;1.151;10.709;32.808;5.871
TEL2006615_5;MFD_SETNO5;44.834667;-60.498;287800;50;05-mar-06;20:26:53;31.649;1.3919;5.54749;0.44893935483871;6.6655;0.8565;6.1295;NaN;NaN
TEL2006615_5;MFD_SETNO5;44.834667;-60.498;287801;25;05-mar-06;20:26:53;31.429;0.5958;5.70924;0.543452903225806;6.7565;0.855;6.0975;NaN;NaN
TEL2006615_5;MFD_SETNO5;44.834667;-60.498;287802;5;05-mar-06;20:26:53;31.428;0.6045;5.7002;0.555267096774194;6.3985;0.824;5.729;31.447;7.7135
TEL2006615_50;MFD_SETNO50;43.8985;-61.146;287954;5;10-mar-06;15:10:19;32.276;4.0259;6.91;2.69298580645161;0.8685;0.3385;0.281;31.978;7.46
TEL2006615_51;MFD_SETNO51;43.831333;-60.901167;287955;5;10-mar-06;17:50:15;31.895;2.8804;7.43;1.60922322580645;0.6715;0.3335;0.142;31.878;7.4005
TEL2006615_52;MFD_SETNO52;43.981667;-60.720667;287956;5;10-mar-06;20:10:27;31.873;1.8581;7.9;9.46752258064516;2.073;0.4735;1.557;31.863;7.8985
TEL2006615_53;MFD_SETNO53;43.894833;-60.671;287957;5;10-mar-06;21:42:25;31.869;1.672;7.9;9.83165806451613;2.5665;0.527;2.1675;31.868;7.9085
TEL2006615_54;MFD_SETNO54;43.7385;-60.522;287958;5;11-mar-06;00:00:12;32.358;3.9125;6.87;7.37958064516129;2.1215;0.511;2.1065;31.829;7.8
TEL2006615_57;MFD_SETNO57;43.6142;60.3756;287959;1;11-mar-06;05:45:00;NaN;NaN;NaN;NaN;NaN;NaN;NaN;31.979;NaN
TEL2006615_58;MFD_SETNO58;43.4438;60.5349;287960;1;11-mar-06;08:26:59;NaN;NaN;NaN;NaN;NaN;NaN;NaN;32.089;NaN
TEL2006615_59;MFD_SETNO59;43.409333;-60.489;287961;203;11-mar-06;10:48:31;NaN;8.5536;NaN;0.0128258064516129;11.3895;1.237;18.851;34.942;3.9965
TEL2006615_59;MFD_SETNO59;43.409333;-60.489;287962;50;11-mar-06;10:48:31;NaN;2.0543;NaN;9.83165806451613;2.1655;0.496;1.6585;NaN;NaN
TEL2006615_59;MFD_SETNO59;43.409333;-60.489;287963;25;11-mar-06;10:48:31;NaN;2.0557;NaN;12.0164709677419;1.466;0.413;0.4435;NaN;NaN
TEL2006615_59;MFD_SETNO59;43.409333;-60.489;287964;6;11-mar-06;10:48:31;NaN;2.0444;NaN;11.652335483871;1.3405;0.389;0.3955;32.165;7.9505
TEL2006615_6;MFD_SETNO6;44.925;-60.641833;287803;147;05-mar-06;22:55:36;32.685;2.8726;4.4109;0.030781935483871;9.7205;1.0685;9.3375;32.681;6.006
TEL2006615_6;MFD_SETNO6;44.925;-60.641833;287804;50;05-mar-06;22:55:36;31.477;1.0048;5.57934;0.271726451612903;6.68;0.875;6.2675;NaN;NaN
TEL2006615_6;MFD_SETNO6;44.925;-60.641833;287805;25;05-mar-06;22:55:36;31.034;-0.4467;5.85678;0.496196129032258;7.4365;0.8675;6.3055;NaN;NaN
TEL2006615_6;MFD_SETNO6;44.925;-60.641833;287806;6;05-mar-06;22:55:36;31.015;-0.4748;5.86;0.543452903225806;7.8085;0.898;6.431;31.024;7.9255
TEL2006615_60;MFD_SETNO60;43.509167;-60.2565;287965;109;11-mar-06;13:05:40;NaN;4.4907;NaN;0.192498193548387;10.1825;1.0595;12.1285;33.484;5.6295
TEL2006615_60;MFD_SETNO60;43.509167;-60.2565;287966;50;11-mar-06;13:05:40;NaN;2.0727;NaN;7.78210322580645;2.0945;0.528;1.8685;NaN;NaN
TEL2006615_60;MFD_SETNO60;43.509167;-60.2565;287967;25;11-mar-06;13:05:40;NaN;2.0926;NaN;NaN;NaN;NaN;NaN;NaN;NaN
TEL2006615_60;MFD_SETNO60;43.509167;-60.2565;287968;5;11-mar-06;13:05:40;NaN;2.0967;NaN;7.51375483870968;0.9035;0.3765;0.196;31.907;7.9475
TEL2006615_61;MFD_SETNO61;43.481333;-60.123833;287969;207;11-mar-06;14:54:22;NaN;7.236;NaN;NaN;11.974;1.2435;18.671;34.676;4.3935
TEL2006615_61;MFD_SETNO61;43.481333;-60.123833;287970;49;11-mar-06;14:54:22;NaN;1.9275;NaN;10.4655870967742;2.1535;0.527;1.8465;NaN;NaN
TEL2006615_61;MFD_SETNO61;43.481333;-60.123833;287971;25;11-mar-06;14:54:22;NaN;1.9525;NaN;8.85549677419355;1.5875;0.494;1.1385;NaN;NaN
TEL2006615_61;MFD_SETNO61;43.481333;-60.123833;287972;6;11-mar-06;14:54:22;NaN;1.9804;NaN;7.64792903225806;1.038;0.4005;0.369;31.809;7.9125
TEL2006615_62;MFD_SETNO62;43.704833;-60.2045;287973;51;11-mar-06;17:18:51;NaN;2.6636;NaN;3.35435483870968;2.288;0.6335;2.5865;32.082;7.155
TEL2006615_62;MFD_SETNO62;43.704833;-60.2045;287974;51;11-mar-06;17:18:51;NaN;2.6638;NaN;NaN;NaN;NaN;NaN;NaN;NaN
TEL2006615_62;MFD_SETNO62;43.704833;-60.2045;287975;26;11-mar-06;17:18:51;NaN;2.4552;NaN;7.2454064516129;1.7855;0.48;1.3635;NaN;NaN
TEL2006615_62;MFD_SETNO62;43.704833;-60.2045;287976;5;11-mar-06;17:18:51;NaN;2.4501;NaN;6.84288387096774;1.4275;0.464;1.0865;31.948;7.746
TEL2006615_63;MFD_SETNO63;43.814167;-59.961333;287977;43;11-mar-06;19:25:45;NaN;2.4042;NaN;6.44036129032258;1.5215;0.651;1.7335;31.935;7.277
TEL2006615_63;MFD_SETNO63;43.814167;-59.961333;287978;26;11-mar-06;19:25:45;NaN;2.0319;NaN;7.11123225806451;0.8185;0.4095;0.304;NaN;NaN
TEL2006615_63;MFD_SETNO63;43.814167;-59.961333;287979;5;11-mar-06;19:25:45;NaN;2.0274;NaN;7.11123225806451;1.847;0.408;0.2605;31.747;7.797
TEL2006615_64;MFD_SETNO64;43.847;-59.833833;287980;40;11-mar-06;20:55:43;NaN;1.8078;NaN;9.92889032258064;0.9905;0.45;0.277;31.733;7.7965
TEL2006615_64;MFD_SETNO64;43.847;-59.833833;287981;25;11-mar-06;20:55:43;NaN;1.9844;NaN;9.25801935483871;1.0085;0.4695;0.1575;NaN;NaN
TEL2006615_64;MFD_SETNO64;43.847;-59.833833;287982;6;11-mar-06;20:55:43;NaN;2.0322;NaN;6.97705806451613;0.8895;0.385;0.1085;31.715;7.695
TEL2006615_65;MFD_SETNO65;43.652333;-59.418;287983;218;11-mar-06;23:57:03;NaN;7.0354;NaN;0.03976;11.573;1.2105;17.921;34.718;4.3875
TEL2006615_65;MFD_SETNO65;43.652333;-59.418;287984;50;11-mar-06;23:57:03;NaN;1.7734;NaN;2.13468387096774;4.8485;0.68;4.666;NaN;NaN
TEL2006615_65;MFD_SETNO65;43.652333;-59.418;287985;26;11-mar-06;23:57:03;NaN;1.7067;NaN;12.3806064516129;1.6375;0.4925;0.5695;NaN;NaN
TEL2006615_65;MFD_SETNO65;43.652333;-59.418;287986;6;11-mar-06;23:57:03;NaN;1.9403;NaN;11.652335483871;1.5755;0.43;0.3555;32.101;8.0395
TEL2006615_66;MFD_SETNO66;43.758833;-59.160333;287987;124;12-mar-06;02:08:22;NaN;3.5933;NaN;0.259912258064516;9.275;1.0465;10.6815;33.164;6.023
TEL2006615_66;MFD_SETNO66;43.758833;-59.160333;287988;49;12-mar-06;02:08:22;NaN;1.7897;NaN;4.29357419354839;4.494;0.7275;4.4055;NaN;NaN
TEL2006615_66;MFD_SETNO66;43.758833;-59.160333;287989;25;12-mar-06;02:08:22;NaN;1.792;NaN;12.3806064516129;1.637;0.4825;0.586;NaN;NaN
TEL2006615_66;MFD_SETNO66;43.758833;-59.160333;287990;5;12-mar-06;02:08:22;NaN;1.789;NaN;11.652335483871;1.607;0.4815;0.608;32.108;7.9265
TEL2006615_67;MFD_SETNO67;43.939333;-59.248833;287991;43;12-mar-06;04:34:49;NaN;1.9674;NaN;6.44036129032258;2.3585;0.5995;2.0535;32.127;7.6405
TEL2006615_67;MFD_SETNO67;43.939333;-59.248833;287992;24;12-mar-06;04:34:49;NaN;1.9695;NaN;9.3921935483871;2.321;0.556;1.8625;NaN;NaN
TEL2006615_67;MFD_SETNO67;43.939333;-59.248833;287993;5;12-mar-06;04:34:49;NaN;1.9652;NaN;8.18462580645161;2.1335;0.5795;1.7555;32.052;7.7315
TEL2006615_68;MFD_SETNO68;44.182167;-59.258167;287994;180;12-mar-06;07:25:18;NaN;4.6406;NaN;0.259912258064516;11.4635;1.14;15.018;33.981;5.428
TEL2006615_68;MFD_SETNO68;44.182167;-59.258167;287995;50;12-mar-06;07:25:18;NaN;1.9737;NaN;8.01098064516129;2.728;0.6;2.5845;NaN;NaN
TEL2006615_68;MFD_SETNO68;44.182167;-59.258167;287996;25;12-mar-06;07:25:18;NaN;1.9305;NaN;9.46752258064516;2.601;0.575;2.0825;NaN;NaN
TEL2006615_68;MFD_SETNO68;44.182167;-59.258167;287997;6;12-mar-06;07:25:18;NaN;1.9296;NaN;8.58714838709677;2.4495;0.5615;1.9195;32.059;7.7685
TEL2006615_69;MFD_SETNO69;44.179;-59.381333;287998;258;12-mar-06;09:17:21;NaN;4.7333;NaN;0.0303944516129032;12.3275;1.235;18.3015;34.782;5.4885
TEL2006615_69;MFD_SETNO69;44.179;-59.381333;287999;51;12-mar-06;09:17:21;NaN;1.9374;NaN;8.18462580645161;2.7455;0.59;2.4925;NaN;NaN
TEL2006615_69;MFD_SETNO69;44.179;-59.381333;288000;25;12-mar-06;09:17:21;NaN;1.9436;NaN;9.66054193548387;2.699;0.5925;2.3055;NaN;NaN
TEL2006615_69;MFD_SETNO69;44.179;-59.381333;288001;6;12-mar-06;09:17:21;NaN;1.9435;NaN;7.78210322580645;2.763;0.621;2.3285;32.049;7.842
TEL2006615_70;MFD_SETNO70;44.310833;-59.294;288002;149;12-mar-06;12:00:04;NaN;4.5206;NaN;0.135086451612903;11.2225;1.144;14.3325;33.83;5.581
TEL2006615_70;MFD_SETNO70;44.310833;-59.294;288003;51;12-mar-06;12:00:04;NaN;2.0803;NaN;7.64792903225806;3.068;0.6455;2.9775;NaN;NaN
TEL2006615_70;MFD_SETNO70;44.310833;-59.294;288004;25;12-mar-06;12:00:04;NaN;1.8634;NaN;8.98967096774194;2.283;0.633;2.2695;NaN;NaN
TEL2006615_70;MFD_SETNO70;44.310833;-59.294;288005;6;12-mar-06;12:00:04;NaN;1.8669;NaN;8.05045161290322;2.4315;0.625;2.216;32.054;7.8255
TEL2006615_71;MFD_SETNO71;44.351667;-59.114833;288006;104;12-mar-06;14:01:42;NaN;3.9218;NaN;0.531638709677419;9.133;1.028;11.252;33.433;6.007
TEL2006615_71;MFD_SETNO71;44.351667;-59.114833;288007;50;12-mar-06;14:01:42;NaN;2.2399;NaN;2.43025548387097;6.031;0.912;6.7475;NaN;NaN
TEL2006615_71;MFD_SETNO71;44.351667;-59.114833;288008;26;12-mar-06;14:01:42;NaN;2.0054;NaN;8.05045161290323;2.2185;0.5735;2.031;NaN;NaN
TEL2006615_71;MFD_SETNO71;44.351667;-59.114833;288009;6;12-mar-06;14:01:42;NaN;2.0161;NaN;7.78210322580645;2.2985;0.616;1.9905;32.095;7.854
TEL2006615_72;MFD_SETNO72;44.393833;-58.762333;288010;63;12-mar-06;16:31:30;NaN;2.9523;NaN;1.54354064516129;6.885;0.907;7.8905;32.768;6.6715
TEL2006615_72;MFD_SETNO72;44.393833;-58.762333;288011;48;12-mar-06;16:31:30;NaN;1.9421;NaN;5.90366451612903;3.385;0.703;3.8905;NaN;NaN
TEL2006615_72;MFD_SETNO72;44.393833;-58.762333;288012;26;12-mar-06;16:31:30;NaN;1.7098;NaN;2.26604903225806;4.678;0.769;4.606;NaN;NaN
TEL2006615_72;MFD_SETNO72;44.393833;-58.762333;288013;5;12-mar-06;16:31:30;NaN;1.7259;NaN;2.23320774193548;4.5995;0.7605;4.6215;31.986;7.613
TEL2006615_73;MFD_SETNO73;44.575667;-58.687667;288014;66;12-mar-06;19:20:41;NaN;1.5905;NaN;0.182366709677419;7.5085;0.904;7.0875;32.012;7.1065
TEL2006615_73;MFD_SETNO73;44.575667;-58.687667;288015;49;12-mar-06;19:20:41;NaN;1.5432;NaN;0.342611612903226;7.355;0.885;7.003;NaN;NaN
TEL2006615_73;MFD_SETNO73;44.575667;-58.687667;288016;24;12-mar-06;19:20:41;NaN;1.1817;NaN;NaN;NaN;NaN;NaN;NaN;NaN
TEL2006615_73;MFD_SETNO73;44.575667;-58.687667;288017;5;12-mar-06;19:20:41;NaN;1.1822;NaN;0.543452903225806;6.2565;0.8085;5.8985;31.825;7.6735
TEL2006615_74;MFD_SETNO74;44.566667;-59.058;288018;54;12-mar-06;21:49:42;NaN;1.737;NaN;2.56162064516129;4.929;0.7765;4.6415;31.998;7.583
TEL2006615_74;MFD_SETNO74;44.566667;-59.058;288019;49;12-mar-06;21:49:42;NaN;1.7378;NaN;2.56162064516129;4.8515;0.71;4.6645;NaN;NaN
TEL2006615_74;MFD_SETNO74;44.566667;-59.058;288020;25;12-mar-06;21:49:42;NaN;1.7341;NaN;2.29889032258064;4.8625;0.7105;4.6325;NaN;NaN
TEL2006615_74;MFD_SETNO74;44.566667;-59.058;288021;5;12-mar-06;21:49:42;NaN;1.6764;NaN;1.77342967741935;4.721;0.6675;4.338;31.954;7.642
TEL2006615_75;MFD_SETNO75;44.6615;-59.123667;288022;122;12-mar-06;23:42:16;NaN;2.5423;NaN;0.189121032258065;10.633;1.027;9.4685;32.485;6.2355
TEL2006615_75;MFD_SETNO75;44.6615;-59.123667;288023;49;12-mar-06;23:42:16;NaN;1.4686;NaN;0.378054193548387;5.837;1.0225;5.2855;NaN;NaN
TEL2006615_75;MFD_SETNO75;44.6615;-59.123667;288024;25;12-mar-06;23:42:16;NaN;1.0545;NaN;0.555267096774194;6.599;0.7795;5.8045;NaN;NaN
TEL2006615_75;MFD_SETNO75;44.6615;-59.123667;288025;6;12-mar-06;23:42:16;NaN;1.0497;NaN;0.531638709677419;6.5215;0.7765;5.8705;31.775;7.6525
TEL2006615_76;MFD_SETNO76;44.768;-58.927833;288026;267;13-mar-06;02:03:02;NaN;2.9502;NaN;0.0405259354838709;13.4765;1.1965;11.3005;32.915;5.6805
TEL2006615_76;MFD_SETNO76;44.768;-58.927833;288027;50;13-mar-06;02:03:02;NaN;0.8632;NaN;0.531638709677419;6.495;0.7535;5.967;NaN;NaN
TEL2006615_76;MFD_SETNO76;44.768;-58.927833;288028;26;13-mar-06;02:03:02;NaN;0.8751;NaN;0.567081290322581;6.159;0.7395;5.568;NaN;NaN
TEL2006615_76;MFD_SETNO76;44.768;-58.927833;288029;5;13-mar-06;02:03:02;NaN;0.857;NaN;0.637966451612903;6.3405;0.757;5.732;31.735;7.7385
TEL2006615_78;MFD_SETNO78;44.773333;-59.0165;288030;239;13-mar-06;06:11:48;NaN;2.9328;NaN;NaN;12.7835;1.129;11.361;32.868;4.7295
TEL2006615_78;MFD_SETNO78;44.773333;-59.0165;288031;50;13-mar-06;06:11:48;NaN;0.8487;NaN;0.519824516129032;5.8945;0.6925;5.389;NaN;NaN
TEL2006615_78;MFD_SETNO78;44.773333;-59.0165;288032;26;13-mar-06;06:11:48;NaN;0.873;NaN;0.543452903225806;6.399;0.7705;5.8185;NaN;NaN
TEL2006615_78;MFD_SETNO78;44.773333;-59.0165;288033;5;13-mar-06;06:11:48;NaN;0.8812;NaN;NaN;NaN;NaN;NaN;NaN;NaN
TEL2006615_79;MFD_SETNO79;44.848333;-58.852667;288034;199;13-mar-06;09:06:44;NaN;2.9046;NaN;0.141770322580645;12.643;1.1235;11.2135;32.862;5.833
TEL2006615_79;MFD_SETNO79;44.848333;-58.852667;288035;50;13-mar-06;09:06:44;NaN;1.8593;NaN;0.131709290322581;9.3765;0.982;8.2165;NaN;NaN
TEL2006615_79;MFD_SETNO79;44.848333;-58.852667;288036;25;13-mar-06;09:06:44;NaN;0.7748;NaN;0.162103741935484;6.6925;0.7795;6.067;NaN;NaN
TEL2006615_79;MFD_SETNO79;44.848333;-58.852667;288037;5;13-mar-06;09:06:44;NaN;0.7208;NaN;0.590709677419355;6.3385;0.724;5.651;31.668;7.8495
TEL2006615_8;MFD_SETNO8;45.133833;-60.239;287807;82;06-mar-06;02:03:37;32.278;1.9002;4.99313;0.0607889032258065;7.8595;0.9715;7.7635;32.214;6.795
TEL2006615_8;MFD_SETNO8;45.133833;-60.239;287808;50;06-mar-06;02:03:37;31.729;1.3388;5.43181;0.145217935483871;6.9865;0.9085;6.9595;NaN;NaN
TEL2006615_8;MFD_SETNO8;45.133833;-60.239;287809;25;06-mar-06;02:03:37;31.111;-0.4407;5.83438;0.496196129032258;7.953;0.9075;6.7055;NaN;NaN
TEL2006615_8;MFD_SETNO8;45.133833;-60.239;287810;5;06-mar-06;02:03:37;31.111;-0.448;5.81397;0.519824516129032;8.157;0.9035;6.7065;31.12;7.8585
TEL2006615_80;MFD_SETNO80;44.917;-58.5405;288038;252;13-mar-06;11:53:01;NaN;2.948;NaN;0.0303944516129032;13.643;1.1575;11.624;32.958;5.7415
TEL2006615_80;MFD_SETNO80;44.917;-58.5405;288039;50;13-mar-06;11:53:01;NaN;1.2981;NaN;0.543452903225806;6.508;0.761;6.164;NaN;NaN
TEL2006615_80;MFD_SETNO80;44.917;-58.5405;288040;26;13-mar-06;11:53:01;NaN;0.9806;NaN;NaN;NaN;NaN;NaN;NaN;NaN
TEL2006615_80;MFD_SETNO80;44.917;-58.5405;288041;5;13-mar-06;11:53:01;NaN;0.8162;NaN;0.531638709677419;6.4055;0.7645;5.8315;31.815;7.765
TEL2006615_81;MFD_SETNO81;44.941833;-58.442667;288042;156;13-mar-06;15:27:48;NaN;2.8225;NaN;NaN;12.2635;1.114;10.986;32.887;5.8425
TEL2006615_81;MFD_SETNO81;44.941833;-58.442667;288043;50;13-mar-06;15:27:48;NaN;1.018;NaN;0.318983225806452;7.137;0.8005;6.549;NaN;NaN
TEL2006615_81;MFD_SETNO81;44.941833;-58.442667;288044;26;13-mar-06;15:27:48;NaN;0.8774;NaN;0.543452903225806;6.2115;0.7995;5.7185;NaN;NaN
TEL2006615_81;MFD_SETNO81;44.941833;-58.442667;288045;6;13-mar-06;15:27:48;NaN;0.9072;NaN;0.567081290322581;6.3855;0.77;5.9175;31.836;7.6675
TEL2006615_82;MFD_SETNO82;44.944167;-58.753;288046;92;13-mar-06;19:21:57;NaN;2.3275;NaN;NaN;8.1695;0.888;7.802;32.438;6.4595
TEL2006615_82;MFD_SETNO82;44.944167;-58.753;288047;49;13-mar-06;19:21:57;NaN;1.1403;NaN;0.44893935483871;5.547;0.712;5.3485;NaN;NaN
TEL2006615_82;MFD_SETNO82;44.944167;-58.753;288048;25;13-mar-06;19:21:57;NaN;0.9688;NaN;0.555267096774194;5.4845;0.702;5.184;NaN;NaN
TEL2006615_82;MFD_SETNO82;44.944167;-58.753;288049;5;13-mar-06;19:21:57;NaN;0.9632;NaN;0.555267096774194;5.683;0.702;5.3065;31.778;7.755
TEL2006615_83;MFD_SETNO83;45.185333;-58.941667;288050;75;13-mar-06;22:09:50;NaN;1.6904;NaN;0.129956129032258;7.9145;0.834;7.178;32.075;6.9035
TEL2006615_83;MFD_SETNO83;45.185333;-58.941667;288051;51;13-mar-06;22:09:50;NaN;1.2867;NaN;0.224469677419355;6.898;0.7695;6.2795;NaN;NaN
TEL2006615_83;MFD_SETNO83;45.185333;-58.941667;288052;26;13-mar-06;22:09:50;NaN;0.642;NaN;0.63205935483871;6.6285;0.8035;5.9585;NaN;NaN
TEL2006615_83;MFD_SETNO83;45.185333;-58.941667;288053;5;13-mar-06;22:09:50;NaN;0.6334;NaN;NaN;NaN;NaN;NaN;NaN;NaN
TEL2006615_84;MFD_SETNO84;45.303;-58.876833;288054;81;13-mar-06;23:51:54;NaN;1.7394;NaN;0.108069161290323;9.0745;0.9365;8.1345;32.199;6.4575
TEL2006615_84;MFD_SETNO84;45.303;-58.876833;288055;51;13-mar-06;23:51:54;NaN;0.76;NaN;0.354425806451613;6.9215;0.8;6.555;NaN;NaN
TEL2006615_84;MFD_SETNO84;45.303;-58.876833;288056;26;13-mar-06;23:51:54;NaN;0.7041;NaN;0.496196129032258;6.279;0.7555;5.8805;NaN;NaN
TEL2006615_84;MFD_SETNO84;45.303;-58.876833;288057;6;13-mar-06;23:51:54;NaN;0.6674;NaN;0.519824516129032;5.605;0.6835;5.468;31.798;7.7245
TEL2006615_85;MFD_SETNO85;45.521333;-58.723;288058;79;14-mar-06;02:18:25;NaN;1.2007;NaN;0.135863225806452;6.3925;0.8185;6.5685;32.268;7.2765
TEL2006615_85;MFD_SETNO85;45.521333;-58.723;288059;50;14-mar-06;02:18:25;NaN;0.8895;NaN;0.295354838709677;5.3255;0.7005;5.45;NaN;NaN
TEL2006615_85;MFD_SETNO85;45.521333;-58.723;288060;25;14-mar-06;02:18:25;NaN;0.9444;NaN;0.54936;5.712;0.724;5.6645;NaN;NaN
TEL2006615_85;MFD_SETNO85;45.521333;-58.723;288061;5;14-mar-06;02:18:25;NaN;0.9335;NaN;NaN;NaN;NaN;NaN;NaN;NaN
TEL2006615_86;MFD_SETNO86;45.558;-58.851333;288062;108;14-mar-06;04:06:40;NaN;2.207;NaN;0.0506574193548387;11.288;1.0955;10.781;32.851;6.06
TEL2006615_86;MFD_SETNO86;45.558;-58.851333;288063;50;14-mar-06;04:06:40;NaN;1.1157;NaN;0.171305806451613;5.8475;0.7425;6.193;NaN;NaN
TEL2006615_86;MFD_SETNO86;45.558;-58.851333;288064;26;14-mar-06;04:06:40;NaN;0.9413;NaN;0.531638709677419;5.131;0.664;4.9515;NaN;NaN
TEL2006615_86;MFD_SETNO86;45.558;-58.851333;288065;5;14-mar-06;04:06:40;NaN;0.9027;NaN;NaN;NaN;NaN;NaN;NaN;NaN
TEL2006615_87;MFD_SETNO87;45.5445;-59.624167;288067;50;14-mar-06;08:27:23;NaN;2.1121;NaN;0.271726451612903;7.2075;0.794;6.727;NaN;NaN
TEL2006615_87;MFD_SETNO87;45.5445;-59.624167;288068;25;14-mar-06;08:27:23;NaN;-0.0239;NaN;0.561174193548387;7.0055;0.7435;5.9565;NaN;NaN
TEL2006615_87;MFD_SETNO87;45.5445;-59.624167;288069;5;14-mar-06;08:27:23;NaN;-0.4579;NaN;0.561174193548387;8.6885;0.8635;6.8975;30.997;NaN
TEL2006615_88;MFD_SETNO88;45.510667;-59.729667;288070;141;14-mar-06;09:56:32;NaN;2.1413;NaN;0.0388373548387097;10.341;0.984;9.2455;32.676;6.2205
TEL2006615_88;MFD_SETNO88;45.510667;-59.729667;288071;50;14-mar-06;09:56:32;NaN;0.1238;NaN;0.567081290322581;7.403;0.822;6.1755;NaN;NaN
TEL2006615_88;MFD_SETNO88;45.510667;-59.729667;288072;25;14-mar-06;09:56:32;NaN;0.0319;NaN;0.301261935483871;6.928;0.8605;6.4765;NaN;NaN
TEL2006615_88;MFD_SETNO88;45.510667;-59.729667;288073;5;14-mar-06;09:56:32;NaN;0.0455;NaN;0.567081290322581;7.368;0.7955;6.1985;31.2;7.98
TEL2006615_89;MFD_SETNO89;45.521333;-59.9315;288074;162;14-mar-06;11:59:50;NaN;2.1385;NaN;0.040525935483871;9.3745;0.986;8.6535;32.679;6.244
TEL2006615_89;MFD_SETNO89;45.521333;-59.9315;288075;50;14-mar-06;11:59:50;NaN;0.9469;NaN;0.165398709677419;6.0585;0.768;6.157;NaN;NaN
TEL2006615_89;MFD_SETNO89;45.521333;-59.9315;288076;26;14-mar-06;11:59:50;NaN;0.2619;NaN;0.502103225806452;7.0825;0.801;6.2255;NaN;NaN
TEL2006615_89;MFD_SETNO89;45.521333;-59.9315;288077;5;14-mar-06;11:59:50;NaN;0.2618;NaN;0.54936;7.0505;0.8015;6.072;31.338;7.954
TEL2006615_9;MFD_SETNO9;44.819833;-59.835167;287811;231;06-mar-06;05:57:24;33.355;4.0701;4.07666;0.0294993548387097;12.6455;1.21;12.849;33.346;5.475
TEL2006615_9;MFD_SETNO9;44.819833;-59.835167;287812;50;06-mar-06;05:57:24;32.123;2.3114;5.08258;0.158726580645161;8.2715;1.0175;7.99;NaN;NaN
TEL2006615_9;MFD_SETNO9;44.819833;-59.835167;287813;25;06-mar-06;05:57:24;31.589;0.6741;5.67323;0.543452903225806;6.2005;0.8325;5.769;NaN;NaN
TEL2006615_9;MFD_SETNO9;44.819833;-59.835167;287814;5;06-mar-06;05:57:24;31.561;0.626;5.67471;0.508010322580645;6.059;0.812;5.7145;31.57;7.6275
TEL2006615_90;MFD_SETNO90;45.420833;-60.1665;288078;144;14-mar-06;14:01:23;NaN;2.1673;NaN;0.0388373548387097;11.0295;1.0905;10.2595;32.699;6.1865
TEL2006615_90;MFD_SETNO90;45.420833;-60.1665;288079;50;14-mar-06;14:01:23;NaN;-0.3382;NaN;0.277633548387097;6.7835;0.7615;6.0595;NaN;NaN
TEL2006615_90;MFD_SETNO90;45.420833;-60.1665;288080;24;14-mar-06;14:01:23;NaN;-0.1846;NaN;0.295354838709677;9.071;0.925;6.973;NaN;NaN
TEL2006615_90;MFD_SETNO90;45.420833;-60.1665;288081;5;14-mar-06;14:01:23;NaN;-0.2097;NaN;0.413496774193548;8.7495;0.812;6.63;30.595;8.061
TEL2006615_91;MFD_SETNO91;45.2705;-60.4645;288082;126;14-mar-06;16:14:48;NaN;1.4644;NaN;0.0692318064516129;7.368;0.8695;7.296;32.094;7.018
TEL2006615_91;MFD_SETNO91;45.2705;-60.4645;288083;50;14-mar-06;16:14:48;NaN;-0.2891;NaN;0.157038;8.498;0.855;6.9625;NaN;NaN
TEL2006615_91;MFD_SETNO91;45.2705;-60.4645;288084;25;14-mar-06;16:14:48;NaN;-0.2432;NaN;0.289447741935484;7.943;0.797;6.3665;NaN;NaN
TEL2006615_91;MFD_SETNO91;45.2705;-60.4645;288085;5;14-mar-06;16:14:48;NaN;-0.1995;NaN;0.502103225806452;8.1545;0.781;6.0805;30.639;7.117
TEL2006615_92;MFD_SETNO92;44.268667;-63.323333;288086;163;15-mar-06;05:34:44;NaN;8.5408;NaN;0.0135086451612903;14.2165;1.155;16.7305;34.53;3.859
TEL2006615_92;MFD_SETNO92;44.268667;-63.323333;288087;98;15-mar-06;05:34:44;NaN;2.0529;NaN;0.0928719354838709;7.1675;0.7705;6.8495;NaN;NaN
TEL2006615_92;MFD_SETNO92;44.268667;-63.323333;288088;75;15-mar-06;05:34:44;NaN;1.5529;NaN;0.064166064516129;5.991;0.6985;5.566;NaN;NaN
TEL2006615_92;MFD_SETNO92;44.268667;-63.323333;288089;50;15-mar-06;05:34:44;NaN;1.4026;NaN;0.0658546451612903;6.563;0.729;5.865;31.539;7.3985
TEL2006615_92;MFD_SETNO92;44.268667;-63.323333;288090;41;15-mar-06;05:34:44;NaN;1.2124;NaN;NaN;NaN;NaN;NaN;NaN;NaN
TEL2006615_92;MFD_SETNO92;44.268667;-63.323333;288091;31;15-mar-06;05:34:44;NaN;0.3191;NaN;0.289447741935484;6.673;0.689;5.859;NaN;NaN
TEL2006615_92;MFD_SETNO92;44.268667;-63.323333;288092;21;15-mar-06;05:34:44;NaN;0.2866;NaN;0.513917419354839;7.591;0.676;6.002;NaN;NaN
TEL2006615_92;MFD_SETNO92;44.268667;-63.323333;288093;10;15-mar-06;05:34:44;NaN;0.2984;NaN;0.513917419354839;8.1575;0.763;6.342;NaN;NaN
TEL2006615_92;MFD_SETNO92;44.268667;-63.323333;288094;5;15-mar-06;05:34:44;NaN;0.297;NaN;0.531638709677419;7.705;0.711;5.986;NaN;NaN
TEL2006615_92;MFD_SETNO92;44.268667;-63.323333;288095;3;15-mar-06;05:34:44;NaN;0.2878;NaN;0.531638709677419;8.146;0.7145;6.3225;30.848;8.1295
