CTD;CTD;CTD;CTD;CTD;CTD;CTD;CTD;CTD;CTD;CTD;labo;labo;labo;labo;labo;labo
Fichier;Station;Latitude;Longitude;Echantillon;zbouteille;Date;Heure;PSAL;TEMP_XX;DOXY;CHL_01;Si_01;PO4_01;NOx_01;PSAL_BS;OXY_03
(nom);(nom/no);(degres);(degres);(no_unique);(dbar);(jj-mmm-yyyy);(GMT);(psu);(celsius);(ml/l);(mg/m**3);(mmol/m**3);(mmol/m**3);(mmol/m**3);(PSU);(ml/l)
TEL2008805_1;MFD_SETNO1;44.271217;-63.3224;301310;185;19-mar-08;14:43:31;33.5987;5.3337;2.98993;0.0964039835820895;14.359;1.2365;13.4695;33.603;4.91
TEL2008805_1;MFD_SETNO1;44.271217;-63.3224;301311;101;19-mar-08;14:43:31;31.6807;0.6783;4.66687;0.237566753731343;7.6395;0.8695;6.9185;NaN;NaN
TEL2008805_1;MFD_SETNO1;44.271217;-63.3224;301312;81;19-mar-08;14:43:31;31.6474;0.5329;4.72427;0.437338796641791;7.5485;0.857;6.806;NaN;NaN
TEL2008805_1;MFD_SETNO1;44.271217;-63.3224;301313;50;19-mar-08;14:43:31;31.6038;0.2747;4.82495;0.567764328358209;7.172;0.825;6.3475;NaN;NaN
TEL2008805_1;MFD_SETNO1;44.271217;-63.3224;301314;40;19-mar-08;14:43:31;31.6011;0.2651;4.8326;0.775482985074627;7.073;0.814;6.189;31.615;7.8445
TEL2008805_1;MFD_SETNO1;44.271217;-63.3224;301315;29;19-mar-08;14:43:31;31.5983;0.257;4.8333;0.360045671641791;7.1695;0.827;6.3115;NaN;NaN
TEL2008805_1;MFD_SETNO1;44.271217;-63.3224;301316;20;19-mar-08;14:43:31;31.5964;0.2506;4.83516;0.484676865671642;7.4535;0.8325;6.3185;NaN;NaN
TEL2008805_1;MFD_SETNO1;44.271217;-63.3224;301317;11;19-mar-08;14:43:31;31.5911;0.2561;4.84218;0.484676865671642;7.183;0.8145;6.2145;NaN;NaN
TEL2008805_1;MFD_SETNO1;44.271217;-63.3224;301318;6;19-mar-08;14:43:31;31.5909;0.263;4.84114;1.17014843283582;7.147;0.8285;6.3325;NaN;NaN
TEL2008805_1;MFD_SETNO1;44.271217;-63.3224;301319;3;19-mar-08;14:43:31;31.5905;0.2608;4.84346;0.0484676865671642;7.0965;0.846;6.39;31.606;7.8395
TEL2008805_10;MFD_SETNO10;44.189983;-60.231417;301351;143;20-mar-08;20:09:45;32.8853;2.7861;3.96148;0.151178843283582;9.5945;1.064;10.2095;32.892;6.728
TEL2008805_10;MFD_SETNO10;44.189983;-60.231417;301352;50;20-mar-08;20:09:45;32.2799;1.3935;4.81516;4.0483571641791;4.056;0.818;5.1545;NaN;NaN
TEL2008805_10;MFD_SETNO10;44.189983;-60.231417;301353;25;20-mar-08;20:09:45;32.2414;1.2853;4.83335;2.96837731343284;4.191;0.763;5.2465;NaN;NaN
TEL2008805_10;MFD_SETNO10;44.189983;-60.231417;301354;5;20-mar-08;20:09:45;32.2315;1.285;4.78836;2.71803223880597;4.095;0.7635;5.3705;32.26;8.2555
TEL2008805_11;MFD_SETNO11;44.0604;-59.936533;301355;53;20-mar-08;22:45:23;32.2217;1.3743;4.753;1.93123343283582;4.978;0.834;5.9075;32.256;8.063
TEL2008805_11;MFD_SETNO11;44.0604;-59.936533;301356;50;20-mar-08;22:45:23;32.222;1.3887;4.75857;1.71665194029851;4.9975;0.826;5.869;NaN;NaN
TEL2008805_11;MFD_SETNO11;44.0604;-59.936533;301357;25;20-mar-08;22:45:23;32.2057;1.3437;4.76539;1.85970626865672;5.107;0.826;5.8865;NaN;NaN
TEL2008805_11;MFD_SETNO11;44.0604;-59.936533;301358;6;20-mar-08;22:45:23;32.2014;1.3415;4.75689;1.85970626865672;5.1015;0.8175;5.885;32.228;8.0795
TEL2008805_12;MFD_SETNO12;44.253783;-59.621433;301359;190;21-mar-08;01:23:01;33.8289;4.3737;3.54577;0.104385391791045;10.7395;1.1285;13.546;33.836;6.087
TEL2008805_12;MFD_SETNO12;44.253783;-59.621433;301360;50;21-mar-08;01:23:01;32.172;1.1039;4.8023;0.965616716417911;5.31;0.841;6.265;NaN;NaN
TEL2008805_12;MFD_SETNO12;44.253783;-59.621433;301361;25;21-mar-08;01:23:01;32.159;1.0775;4.8094;1.00138029850746;5.642;0.85;6.3005;NaN;NaN
TEL2008805_12;MFD_SETNO12;44.253783;-59.621433;301362;6;21-mar-08;01:23:01;32.1548;1.0816;4.79204;0.929853134328358;5.9735;0.8515;6.281;32.183;8.22
TEL2008805_13;MFD_SETNO13;44.247767;-59.32155;301363;236;21-mar-08;03:53:56;34.4545;4.7665;3.4165;0.679508059701493;11.685;1.2245;16.499;34.474;5.8105
TEL2008805_13;MFD_SETNO13;44.247767;-59.32155;301364;48;21-mar-08;03:53:56;32.4748;0.955;4.80227;0.803178805970149;5.5185;0.7935;6.102;NaN;NaN
TEL2008805_13;MFD_SETNO13;44.247767;-59.32155;301365;26;21-mar-08;03:53:56;32.4353;0.8491;4.81951;0.858325970149254;5.538;0.811;5.7855;NaN;NaN
TEL2008805_13;MFD_SETNO13;44.247767;-59.32155;301366;6;21-mar-08;03:53:56;32.3996;0.8721;4.76612;0.894089552238806;5.475;0.829;5.752;32.41;8.2955
TEL2008805_14;MFD_SETNO14;44.2518;-59.2069;301367;206;21-mar-08;06:09:28;33.8407;4.3041;3.59381;0.221566567164179;10.328;1.125;13.529;33.851;6.214
TEL2008805_14;MFD_SETNO14;44.2518;-59.2069;301368;49;21-mar-08;06:09:28;32.3214;0.7424;4.86155;1.78817910447761;5.0425;0.7925;5.816;NaN;NaN
TEL2008805_14;MFD_SETNO14;44.2518;-59.2069;301369;26;21-mar-08;06:09:28;32.3207;0.7389;4.86005;1.43054328358209;4.996;0.7915;5.4765;NaN;NaN
TEL2008805_14;MFD_SETNO14;44.2518;-59.2069;301370;5;21-mar-08;06:09:28;32.4163;0.7612;4.52454;1.5735976119403;4.958;0.777;5.489;32.326;8.4655
TEL2008805_15;MFD_SETNO15;44.305617;-59.02995;301371;156;21-mar-08;08:12:40;33.347;3.2159;4.07016;0.429285223880597;8.7075;1.073;11.9465;33.548;6.637
TEL2008805_15;MFD_SETNO15;44.305617;-59.02995;301372;49;21-mar-08;08:12:40;31.9966;0.3693;4.91311;0.609308059701493;6.1205;0.8415;6.3255;NaN;NaN
TEL2008805_15;MFD_SETNO15;44.305617;-59.02995;301373;26;21-mar-08;08:12:40;31.9995;0.4227;4.91096;0.81702671641791;5.9425;0.833;6.296;NaN;NaN
TEL2008805_15;MFD_SETNO15;44.305617;-59.02995;301374;6;21-mar-08;08:12:40;31.9922;0.5026;4.89333;0.894089552238806;5.8225;0.845;6.1145;32.016;8.456
TEL2008805_16;MFD_SETNO16;44.180017;-58.877883;301375;65;21-mar-08;10:37:24;32.3723;0.5821;4.86734;0.66807;5.3985;0.77;5.6265;32.385;8.5165
TEL2008805_16;MFD_SETNO16;44.180017;-58.877883;301376;49;21-mar-08;10:37:24;32.339;0.5899;4.84525;0.775482985074627;5.4315;0.78;5.6275;NaN;NaN
TEL2008805_16;MFD_SETNO16;44.180017;-58.877883;301377;25;21-mar-08;10:37:24;32.1601;0.3658;4.90203;0.81702671641791;5.639;0.8275;5.941;NaN;NaN
TEL2008805_16;MFD_SETNO16;44.180017;-58.877883;301378;5;21-mar-08;10:37:24;32.1521;0.3656;4.87937;0.761635074626866;5.6335;3.0245;5.8935;32.166;8.627
TEL2008805_17;MFD_SETNO17;44.28395;-58.867817;301379;60;21-mar-08;12:14:15;32.4881;0.8104;4.86411;0.786798805970149;5.194;0.748;5.443;32.49;8.306
TEL2008805_17;MFD_SETNO17;44.28395;-58.867817;301380;49;21-mar-08;12:14:15;32.4474;0.7139;4.87751;0.715271641791045;5.2785;0.763;5.4465;NaN;NaN
TEL2008805_17;MFD_SETNO17;44.28395;-58.867817;301381;26;21-mar-08;12:14:15;32.1161;0.321;4.93503;1.14443462686567;5.2735;0.78;5.598;NaN;NaN
TEL2008805_17;MFD_SETNO17;44.28395;-58.867817;301382;5;21-mar-08;12:14:15;32.0406;0.2805;4.93415;1.14443462686567;5.333;0.794;5.6615;32.043;8.6355
TEL2008805_18;MFD_SETNO18;44.4343;-58.902983;301383;61;21-mar-08;14:14:18;31.9696;0.1728;4.93381;0.822562388059702;5.8025;0.819;5.9935;31.986;8.606
TEL2008805_18;MFD_SETNO18;44.4343;-58.902983;301384;51;21-mar-08;14:14:18;31.9702;0.1745;4.93168;0.858325970149254;6.515;0.835;6.308;NaN;NaN
TEL2008805_18;MFD_SETNO18;44.4343;-58.902983;301385;24;21-mar-08;14:14:18;31.9644;0.1457;4.92632;0.822562388059702;6.496;0.82;6.2845;NaN;NaN
TEL2008805_18;MFD_SETNO18;44.4343;-58.902983;301386;5;21-mar-08;14:14:18;31.9624;0.1405;4.89578;0.858325970149254;6.6555;0.839;6.329;31.972;8.5995
TEL2008805_19;MFD_SETNO19;44.41475;-59.335517;301387;154;21-mar-08;18:50:15;33.6022;3.9243;3.75004;0.373893582089552;10.4875;1.068;12.3815;33.6;6.2915
TEL2008805_19;MFD_SETNO19;44.41475;-59.335517;301388;51;21-mar-08;18:50:15;32.0624;0.6055;4.8721;0.553916417910448;7.269;0.859;7.038;NaN;NaN
TEL2008805_19;MFD_SETNO19;44.41475;-59.335517;301389;25;21-mar-08;18:50:15;32.0603;0.6023;4.86556;0.512372686567164;7.2105;0.861;6.9915;NaN;NaN
TEL2008805_19;MFD_SETNO19;44.41475;-59.335517;301390;6;21-mar-08;18:50:15;32.0601;0.599;4.83657;0.512372686567164;7.265;0.8625;6.977;32.069;8.119
TEL2008805_2;MFD_SETNO2;44.26825;-62.034033;301320;174;19-mar-08;21:41:23;34.542;7.8019;2.37874;0.019718996641791;14.9805;1.3525;17.31;34.555;3.9705
TEL2008805_2;MFD_SETNO2;44.26825;-62.034033;301321;52;19-mar-08;21:41:23;32.3543;2.8378;4.54478;0.107290746268657;5.2975;0.7275;5.598;NaN;NaN
TEL2008805_2;MFD_SETNO2;44.26825;-62.034033;301322;25;19-mar-08;21:41:23;32.2682;2.5421;4.65381;1.48418865671642;5.251;0.748;5.345;NaN;NaN
TEL2008805_2;MFD_SETNO2;44.26825;-62.034033;301323;6;19-mar-08;21:41:23;32.2336;2.4124;4.65622;0.804680597014926;5.328;0.7475;5.348;32.271;7.568
TEL2008805_20;MFD_SETNO20;44.77665;-59.444067;301391;175;21-mar-08;22:25:47;32.6362;2.2121;4.07682;0.0863879104477612;10.2155;1.0305;9.803;32.639;6.8605
TEL2008805_20;MFD_SETNO20;44.77665;-59.444067;301392;52;21-mar-08;22:25:47;31.959;0.3484;4.85188;0.373893582089552;7.6325;0.869;7.0705;NaN;NaN
TEL2008805_20;MFD_SETNO20;44.77665;-59.444067;301393;26;21-mar-08;22:25:47;31.9464;0.4027;4.84603;0.401589402985075;7.6625;0.8815;7.16;NaN;NaN
TEL2008805_20;MFD_SETNO20;44.77665;-59.444067;301394;6;21-mar-08;22:25:47;31.9459;0.405;4.83312;0.415437313432836;7.636;0.8655;7.1185;31.954;8.084
TEL2008805_21;MFD_SETNO21;44.7962;-59.974833;301395;225;22-mar-08;03:24:35;32.896;1.8893;3.85745;NaN;11.73;1.0895;10.849;32.899;6.386
TEL2008805_21;MFD_SETNO21;44.7962;-59.974833;301396;49;22-mar-08;03:24:35;32.1093;1.1057;4.71856;0.429285223880597;7.9105;0.896;7.5275;NaN;NaN
TEL2008805_21;MFD_SETNO21;44.7962;-59.974833;301397;26;22-mar-08;03:24:35;32.0203;0.9601;4.74901;0.443133134328358;7.7785;0.8875;7.3265;NaN;NaN
TEL2008805_21;MFD_SETNO21;44.7962;-59.974833;301398;5;22-mar-08;03:24:35;32.0857;0.9351;4.55048;0.429285223880597;7.7525;0.8885;7.3395;32.03;7.7635
TEL2008805_22;MFD_SETNO22;44.777433;-60.399717;301399;81;22-mar-08;07:19:13;32.4537;1.5971;4.2317;0.0647909328358209;9.5375;0.9905;8.8735;32.462;7.061
TEL2008805_22;MFD_SETNO22;44.777433;-60.399717;301400;50;22-mar-08;07:19:13;32.1148;0.8269;4.70784;0.332349850746269;7.853;0.8905;7.3825;NaN;NaN
TEL2008805_22;MFD_SETNO22;44.777433;-60.399717;301401;24;22-mar-08;07:19:13;31.9369;0.5552;4.82242;NaN;NaN;NaN;NaN;NaN;NaN
TEL2008805_22;MFD_SETNO22;44.777433;-60.399717;301402;6;22-mar-08;07:19:13;32.0131;0.5534;4.56284;0.470828955223881;7.479;0.8775;7.123;31.94;8.098
TEL2008805_23;MFD_SETNO23;44.846267;-60.599917;301403;185;22-mar-08;09:56:13;32.5439;1.9383;4.10252;NaN;9.9275;1.0175;9.3515;32.544;6.936
TEL2008805_23;MFD_SETNO23;44.846267;-60.599917;301404;49;22-mar-08;09:56:13;31.8628;0.508;4.86803;0.26476052238806;7.3215;0.856;6.885;NaN;NaN
TEL2008805_23;MFD_SETNO23;44.846267;-60.599917;301405;24;22-mar-08;09:56:13;31.7983;0.239;4.89707;0.540068507462687;7.3475;0.884;6.873;NaN;NaN
TEL2008805_23;MFD_SETNO23;44.846267;-60.599917;301406;5;22-mar-08;09:56:13;31.7976;0.2335;4.88792;0.512372686567164;7.321;0.856;6.858;31.818;8.1885
TEL2008805_24;MFD_SETNO24;45.13895;-60.494533;301407;66;22-mar-08;13:15:39;31.8237;0.096;4.88857;0.332349850746269;7.44;0.8525;6.885;NaN;8.2495
TEL2008805_24;MFD_SETNO24;45.13895;-60.494533;301408;48;22-mar-08;13:15:39;31.7195;0.0382;4.94086;0.498524776119403;7.341;0.842;6.698;NaN;NaN
TEL2008805_24;MFD_SETNO24;45.13895;-60.494533;301409;24;22-mar-08;13:15:39;31.3348;-1.0727;5.10639;0.844722537313433;7.3465;0.8295;6.366;NaN;NaN
TEL2008805_24;MFD_SETNO24;45.13895;-60.494533;301410;5;22-mar-08;13:15:39;31.594;-1.1839;4.92225;1.00138029850746;7.4655;0.8095;6.138;NaN;8.684
TEL2008805_25;MFD_SETNO25;45.034133;-60.191167;301411;117;22-mar-08;16:02:42;32.4409;1.1839;4.34726;0.0899874067164179;9.4925;0.985;8.85;32.434;7.2035
TEL2008805_25;MFD_SETNO25;45.034133;-60.191167;301412;52;22-mar-08;16:02:42;31.6184;-0.2265;4.97144;0.526220597014925;7.6795;0.863;6.9795;NaN;NaN
TEL2008805_25;MFD_SETNO25;45.034133;-60.191167;301413;27;22-mar-08;16:02:42;31.2081;-1.3107;5.13459;1.28748895522388;7.447;0.8235;5.9795;NaN;NaN
TEL2008805_25;MFD_SETNO25;45.034133;-60.191167;301414;5;22-mar-08;16:02:42;31.2079;-1.3029;5.10543;1.25172537313433;7.2265;0.805;5.924;31.218;8.702
TEL2008805_26;MFD_SETNO26;45.063233;-59.8382;301415;115;22-mar-08;18:48:35;32.6202;1.8751;4.07793;0.0719899253731344;10.1995;1.017;9.3745;32.633;6.779
TEL2008805_26;MFD_SETNO26;45.063233;-59.8382;301416;51;22-mar-08;18:48:35;31.9967;0.8972;4.76145;0.34619776119403;7.9655;0.915;7.504;NaN;NaN
TEL2008805_26;MFD_SETNO26;45.063233;-59.8382;301417;26;22-mar-08;18:48:35;31.8836;0.5739;4.83269;0.387741492537313;8.0035;0.904;7.3075;NaN;NaN
TEL2008805_26;MFD_SETNO26;45.063233;-59.8382;301418;6;22-mar-08;18:48:35;31.8057;0.3793;4.81972;0.498524776119403;7.67;0.878;7.049;31.805;8.071
TEL2008805_27;MFD_SETNO27;45.2001;-59.88695;301419;88;22-mar-08;21:10:29;32.3562;1.6197;4.32118;0.0719899253731343;9.6245;1.0075;8.9615;32.39;7.141
TEL2008805_27;MFD_SETNO27;45.2001;-59.88695;301420;51;22-mar-08;21:10:29;31.8829;0.5901;4.82389;0.373893582089552;7.7875;0.89;7.26;NaN;NaN
TEL2008805_27;MFD_SETNO27;45.2001;-59.88695;301421;25;22-mar-08;21:10:29;31.2643;-1.213;5.11305;1.60936119402985;7.256;0.798;5.6855;NaN;NaN
TEL2008805_27;MFD_SETNO27;45.2001;-59.88695;301422;6;22-mar-08;21:10:29;31.2678;-1.2276;5.09013;1.78817910447761;7.326;0.801;5.648;31.213;8.635
TEL2008805_28;MFD_SETNO28;45.389533;-59.726167;301423;136;23-mar-08;00:11:05;32.8367;1.5865;3.97512;0.050392947761194;11.7325;1.0935;10.6355;32.791;6.6095
TEL2008805_28;MFD_SETNO28;45.389533;-59.726167;301424;49;23-mar-08;00:11:05;31.8627;0.0417;4.85875;0.212370279850746;7.9035;0.883;7.199;NaN;NaN
TEL2008805_28;MFD_SETNO28;45.389533;-59.726167;301425;27;23-mar-08;00:11:05;31.8373;0.073;4.8923;0.526220597014925;8.0385;0.8695;6.8765;NaN;NaN
TEL2008805_28;MFD_SETNO28;45.389533;-59.726167;301426;6;23-mar-08;00:11:05;31.4289;-1.084;5.07032;0.872418358208955;7.471;0.822;6.346;31.438;8.553
TEL2008805_29;MFD_SETNO29;45.25975;-59.627217;301427;87;23-mar-08;01:59:21;31.8229;0.0169;4.88108;0.332349850746269;NaN;NaN;NaN;31.821;8.1565
TEL2008805_29;MFD_SETNO29;45.25975;-59.627217;301428;50;23-mar-08;01:59:21;31.7607;-0.2001;4.93231;0.373893582089552;7.6145;0.866;6.988;NaN;NaN
TEL2008805_29;MFD_SETNO29;45.25975;-59.627217;301429;25;23-mar-08;01:59:21;31.4658;-1.0202;5.07479;0.789330895522388;7.475;0.8395;6.48;NaN;NaN
TEL2008805_29;MFD_SETNO29;45.25975;-59.627217;301430;6;23-mar-08;01:59:21;31.4626;-1.0332;5.05064;0.775482985074627;7.377;0.8375;6.4045;31.469;8.6235
TEL2008805_3;MFD_SETNO3;44.1401;-62.11045;301324;146;20-mar-08;00:03:17;33.9151;6.4363;2.86196;0.105167982089552;12.222;1.186;14.0405;33.93;4.7735
TEL2008805_3;MFD_SETNO3;44.1401;-62.11045;301325;50;20-mar-08;00:03:17;32.4002;3.1146;4.53604;1.03714388059702;4.812;0.6925;4.7825;NaN;NaN
TEL2008805_3;MFD_SETNO3;44.1401;-62.11045;301326;26;20-mar-08;00:03:17;32.3422;2.865;4.55432;0.858325970149254;5.0215;0.7205;5.0465;NaN;NaN
TEL2008805_3;MFD_SETNO3;44.1401;-62.11045;301327;6;20-mar-08;00:03:17;32.3346;2.8229;4.54871;0.822562388059701;4.9665;0.7165;5.083;32.366;7.4325
TEL2008805_30;MFD_SETNO30;45.13315;-59.602467;301431;106;23-mar-08;03:35:57;32.1158;1.006;4.5539;0.147579347014925;8.9015;0.958;7.9645;32.114;7.519
TEL2008805_30;MFD_SETNO30;45.13315;-59.602467;301432;50;23-mar-08;03:35:57;31.8936;0.4807;4.8287;0.34619776119403;7.833;0.913;7.1625;NaN;NaN
TEL2008805_30;MFD_SETNO30;45.13315;-59.602467;301433;25;23-mar-08;03:35:57;31.8938;0.4711;4.82434;0.387741492537313;7.899;0.944;7.146;NaN;NaN
TEL2008805_30;MFD_SETNO30;45.13315;-59.602467;301434;5;23-mar-08;03:35:57;31.8947;0.4714;4.82303;0.401589402985075;8.018;0.8975;7.154;31.899;7.961
TEL2008805_31;MFD_SETNO31;44.967217;-59.114517;301435;119;23-mar-08;07:12:43;32.1972;0.7723;4.5502;0.151178843283582;8.856;1.4375;7.99;32.184;7.6475
TEL2008805_31;MFD_SETNO31;44.967217;-59.114517;301436;52;23-mar-08;07:12:43;31.7618;-0.4673;5.01882;0.470828955223881;7.174;0.8595;6.5775;NaN;NaN
TEL2008805_31;MFD_SETNO31;44.967217;-59.114517;301437;26;23-mar-08;07:12:43;31.7579;-0.4806;5.01683;0.498524776119403;7.1715;0.86;6.5315;NaN;NaN
TEL2008805_31;MFD_SETNO31;44.967217;-59.114517;301438;5;23-mar-08;07:12:43;31.7571;-0.4827;5.00293;0.327901231343284;7.0485;0.8585;6.598;31.772;8.366
TEL2008805_32;MFD_SETNO32;44.820067;-59.194217;301439;228;23-mar-08;09:59:19;32.6487;1.7953;3.99605;NaN;10.57;1.0735;9.8265;32.65;6.588
TEL2008805_32;MFD_SETNO32;44.820067;-59.194217;301440;51;23-mar-08;09:59:19;31.9324;0.0183;4.91456;0.360045671641791;7.0765;0.8735;6.8315;NaN;NaN
TEL2008805_32;MFD_SETNO32;44.820067;-59.194217;301441;24;23-mar-08;09:59:19;31.9242;-0.0273;4.91634;0.415437313432836;7.0865;0.8915;6.7425;NaN;NaN
TEL2008805_32;MFD_SETNO32;44.820067;-59.194217;301442;5;23-mar-08;09:59:19;31.9241;-0.032;4.91247;0.401589402985075;7.06;0.8665;6.764;31.952;8.094
TEL2008805_33;MFD_SETNO33;44.80125;-58.86595;301443;261;23-mar-08;13:13:26;32.6563;1.5884;4.08201;NaN;10.168;1.0525;9.7335;32.669;6.651
TEL2008805_33;MFD_SETNO33;44.80125;-58.86595;301444;50;23-mar-08;13:13:26;32.0244;0.1591;4.9175;0.429285223880597;7.0235;0.856;6.8525;NaN;NaN
TEL2008805_33;MFD_SETNO33;44.80125;-58.86595;301445;25;23-mar-08;13:13:26;31.9462;-0.1562;4.9476;0.470828955223881;6.9245;0.8675;6.716;NaN;NaN
TEL2008805_33;MFD_SETNO33;44.80125;-58.86595;301446;5;23-mar-08;13:13:26;31.9466;-0.1539;4.93289;0.58161223880597;6.8415;0.851;6.6835;31.975;8.073
TEL2008805_34;MFD_SETNO34;44.746883;-58.694933;301447;103;23-mar-08;15:29:03;32.2192;0.5681;4.69208;0.197972294776119;7.5095;0.88;7.3375;32.228;7.62
TEL2008805_34;MFD_SETNO34;44.746883;-58.694933;301448;51;23-mar-08;15:29:03;32.1331;0.5023;4.77603;0.332349850746269;7.4425;0.903;7.3455;NaN;NaN
TEL2008805_34;MFD_SETNO34;44.746883;-58.694933;301449;26;23-mar-08;15:29:03;32.0104;0.0917;4.90704;0.484676865671642;7.4875;0.851;6.732;NaN;NaN
TEL2008805_34;MFD_SETNO34;44.746883;-58.694933;301450;5;23-mar-08;15:29:03;31.9657;-0.0691;4.86182;0.498524776119403;7.114;0.8495;6.627;31.978;7.9925
TEL2008805_35;MFD_SETNO35;44.85;-58.525817;301451;166;23-mar-08;18:30:32;32.6342;1.4576;4.16276;0.0575919402985075;9.8815;1.04;9.493;32.64;6.7875
TEL2008805_35;MFD_SETNO35;44.85;-58.525817;301452;50;23-mar-08;18:30:32;32.0709;0.1418;4.88089;0.429285223880597;7.0285;0.861;6.7245;NaN;NaN
TEL2008805_35;MFD_SETNO35;44.85;-58.525817;301453;26;23-mar-08;18:30:32;32.0649;0.1512;4.8799;0.443133134328358;7.027;0.8615;6.71;NaN;NaN
TEL2008805_35;MFD_SETNO35;44.85;-58.525817;301454;5;23-mar-08;18:30:32;32.0638;0.1537;4.8567;0.415437313432836;6.952;0.849;6.727;32.077;8.084
TEL2008805_36;MFD_SETNO36;45.31235;-58.781233;301455;74;23-mar-08;23:14:53;31.9212;-0.3838;4.89679;0.20877078358209;7.571;0.8735;6.974;31.922;8.0475
TEL2008805_36;MFD_SETNO36;45.31235;-58.781233;301456;50;23-mar-08;23:14:53;31.8424;-0.4714;4.97406;0.470828955223881;7.3025;0.855;6.6485;NaN;NaN
TEL2008805_36;MFD_SETNO36;45.31235;-58.781233;301457;26;23-mar-08;23:14:53;31.8057;-0.5244;4.99027;0.567764328358209;7.2335;0.868;6.669;NaN;NaN
TEL2008805_36;MFD_SETNO36;45.31235;-58.781233;301458;6;23-mar-08;23:14:53;31.807;-0.5261;4.97976;0.58161223880597;7.181;0.8445;6.606;31.821;8.2425
TEL2008805_37;MFD_SETNO37;45.417383;-58.969;301459;140;24-mar-08;02:01:12;33.0611;1.8515;3.70821;0.0431939552238806;13.195;1.187;12.1395;33.001;6.119
TEL2008805_37;MFD_SETNO37;45.417383;-58.969;301460;50;24-mar-08;02:01:12;31.7324;-0.4998;5.02628;0.567764328358209;7.174;0.852;6.622;NaN;NaN
TEL2008805_37;MFD_SETNO37;45.417383;-58.969;301461;25;24-mar-08;02:01:12;31.7248;-0.5147;5.01767;0.567764328358209;7.25;0.8525;6.6035;NaN;NaN
TEL2008805_37;MFD_SETNO37;45.417383;-58.969;301462;6;24-mar-08;02:01:12;31.7244;-0.5215;5.01673;0.498524776119403;7.3575;0.8645;6.669;31.744;8.244
TEL2008805_38;MFD_SETNO38;45.464967;-58.583483;301463;78;24-mar-08;04:55:28;32.0595;-0.1665;4.87091;0.107515403731343;7.3365;0.88;7.048;32.073;7.788
TEL2008805_38;MFD_SETNO38;45.464967;-58.583483;301464;50;24-mar-08;04:55:28;31.7816;-0.865;5.06328;0.401589402985075;6.84;0.846;6.4745;NaN;NaN
TEL2008805_38;MFD_SETNO38;45.464967;-58.583483;301465;24;24-mar-08;04:55:28;31.6766;-0.7453;5.0641;0.637003880597015;7.0265;0.8415;6.238;NaN;NaN
TEL2008805_38;MFD_SETNO38;45.464967;-58.583483;301466;5;24-mar-08;04:55:28;31.6593;-0.7495;5.05869;0.553916417910448;7.0945;0.843;6.353;31.701;8.2435
TEL2008805_39;MFD_SETNO39;45.346783;-57.7108;301467;275;24-mar-08;10:42:20;34.6988;5.5046;2.25819;NaN;24.3625;1.6215;22.308;34.735;3.714
TEL2008805_39;MFD_SETNO39;45.346783;-57.7108;301468;51;24-mar-08;10:42:20;32.0991;-0.1547;4.92068;0.276958208955224;6.6115;0.8495;6.6485;NaN;NaN
TEL2008805_39;MFD_SETNO39;45.346783;-57.7108;301469;25;24-mar-08;10:42:20;32.0246;-0.4292;4.97287;0.443133134328358;6.3945;0.831;6.2835;NaN;NaN
TEL2008805_39;MFD_SETNO39;45.346783;-57.7108;301470;6;24-mar-08;10:42:20;32.0243;-0.4373;4.96121;0.498524776119403;6.494;0.8315;6.247;32.045;8.1235
TEL2008805_4;MFD_SETNO4;44.109267;-61.512517;301328;132;20-mar-08;04:00:58;33.9753;6.533;2.66161;0.0431939552238806;14.656;1.277;14.8765;33.993;4.3945
TEL2008805_4;MFD_SETNO4;44.109267;-61.512517;301329;51;20-mar-08;04:00:58;32.2974;2.7173;4.59737;0.900114179104478;5.0855;0.7475;5.3435;NaN;NaN
TEL2008805_4;MFD_SETNO4;44.109267;-61.512517;301330;26;20-mar-08;04:00:58;32.2649;2.5343;4.62905;0.858570447761194;5.1625;0.746;5.3465;NaN;NaN
TEL2008805_4;MFD_SETNO4;44.109267;-61.512517;301331;6;20-mar-08;04:00:58;32.2596;2.5151;4.56595;0.965616716417911;5.1075;0.7305;5.3875;32.287;7.48
TEL2008805_40;MFD_SETNO40;44.8948;-57.503717;301471;41;24-mar-08;15:22:07;32.3508;0.28;4.90503;0.900114179104478;6.156;0.795;6.045;32.363;7.8975
TEL2008805_40;MFD_SETNO40;44.8948;-57.503717;301472;25;24-mar-08;15:22:07;32.3461;0.2715;4.91139;0.92781;6.0655;0.7755;6.0175;NaN;NaN
TEL2008805_40;MFD_SETNO40;44.8948;-57.503717;301473;5;24-mar-08;15:22:07;32.3371;0.3359;4.89021;0.900114179104478;6.155;0.7785;6.04;32.347;7.88
TEL2008805_42;MFD_SETNO42;44.737417;-57.315483;301475;134;24-mar-08;18:02:21;33.4334;2.7751;3.6382;0.035525478358209;11.7055;1.147;12.654;33.426;5.965
TEL2008805_42;MFD_SETNO42;44.737417;-57.315483;301476;50;24-mar-08;18:02:21;32.4269;0.387;4.84363;1.07290746268657;6.052;0.7835;6.0345;NaN;NaN
TEL2008805_42;MFD_SETNO42;44.737417;-57.315483;301477;25;24-mar-08;18:02:21;32.3868;0.2811;4.86911;0.706243432835821;6.126;0.7945;5.967;NaN;NaN
TEL2008805_42;MFD_SETNO42;44.737417;-57.315483;301478;5;24-mar-08;18:02:21;32.3563;0.4868;4.84157;0.553916417910448;5.8705;0.7865;5.8505;32.368;8.009
TEL2008805_43;MFD_SETNO43;44.4324;-57.411317;301479;94;24-mar-08;20:46:42;32.4913;0.3487;4.86849;0.637003880597015;5.874;0.7745;5.8055;32.498;7.877
TEL2008805_43;MFD_SETNO43;44.4324;-57.411317;301480;50;24-mar-08;20:46:42;32.4738;0.3993;4.89051;0.775482985074627;5.5;0.761;5.5005;NaN;NaN
TEL2008805_43;MFD_SETNO43;44.4324;-57.411317;301481;24;24-mar-08;20:46:42;32.4766;0.4303;4.89259;0.941657910447761;5.3865;0.76;5.4425;NaN;NaN
TEL2008805_43;MFD_SETNO43;44.4324;-57.411317;301482;5;24-mar-08;20:46:42;32.4737;0.8663;4.83791;0.678547611940298;5.3665;0.75;5.3835;32.49;7.8625
TEL2008805_44;MFD_SETNO44;44.3436;-57.53065;301483;461;24-mar-08;23:14:18;34.8708;4.5899;3.54023;0.0365166604477612;11.604;1.1955;18.336;34.877;5.651
TEL2008805_44;MFD_SETNO44;44.3436;-57.53065;301484;50;24-mar-08;23:14:18;32.5021;0.346;4.88981;0.595460149253731;5.7175;0.7775;5.9675;NaN;NaN
TEL2008805_44;MFD_SETNO44;44.3436;-57.53065;301485;25;24-mar-08;23:14:18;32.4799;0.4497;4.93065;1.07290746268657;5.384;0.749;5.5205;NaN;NaN
TEL2008805_44;MFD_SETNO44;44.3436;-57.53065;301486;6;24-mar-08;23:14:18;32.48;0.6096;4.92144;1.00138029850746;5.45;0.745;5.453;32.498;7.905
TEL2008805_45;MFD_SETNO45;44.493233;-57.70935;301487;66;25-mar-08;01:27:03;32.6617;1.0307;4.77283;0.526220597014925;5.892;0.7395;5.8855;32.672;7.734
TEL2008805_45;MFD_SETNO45;44.493233;-57.70935;301488;51;25-mar-08;01:27:03;32.652;0.9965;4.81071;0.470828955223881;5.5815;0.7325;5.7995;NaN;NaN
TEL2008805_45;MFD_SETNO45;44.493233;-57.70935;301489;25;25-mar-08;01:27:03;32.5716;0.8586;4.86582;0.761635074626866;5.146;0.7045;5.2315;NaN;NaN
TEL2008805_45;MFD_SETNO45;44.493233;-57.70935;301490;5;25-mar-08;01:27:03;32.5548;1.1093;4.77989;0.775482985074627;4.8915;0.692;5.2;32.639;7.914
TEL2008805_46;MFD_SETNO46;44.442817;-58.0358;301491;48;25-mar-08;03:51:38;32.5851;0.971;4.81925;0.429285223880597;5.364;0.7485;5.6325;32.489;7.612
TEL2008805_46;MFD_SETNO46;44.442817;-58.0358;301492;25;25-mar-08;03:51:38;32.5785;0.9407;4.83803;NaN;NaN;NaN;NaN;NaN;NaN
TEL2008805_46;MFD_SETNO46;44.442817;-58.0358;301493;6;25-mar-08;03:51:38;32.4788;0.9422;4.9147;0.595460149253731;5.305;0.7275;5.601;NaN;NaN
TEL2008805_46;MFD_SETNO46;44.442817;-58.0358;301494;6;25-mar-08;03:51:38;32.4788;0.9422;4.9147;0.913962089552239;5.285;0.7025;5.346;32.6;7.8525
TEL2008805_47;MFD_SETNO47;43.834367;-62.294683;301495;139;26-mar-08;05:45:39;34.3066;8.3865;3.10552;NaN;7.309;0.859;10.9255;34.31;5.159
TEL2008805_47;MFD_SETNO47;43.834367;-62.294683;301496;51;26-mar-08;05:45:39;32.5996;3.6049;4.3649;0.664699701492537;4.181;0.617;4.1025;NaN;NaN
TEL2008805_47;MFD_SETNO47;43.834367;-62.294683;301497;26;26-mar-08;05:45:39;32.578;3.5329;4.35914;0.747787164179105;4.1835;0.6055;3.9755;NaN;NaN
TEL2008805_47;MFD_SETNO47;43.834367;-62.294683;301498;5;26-mar-08;05:45:39;32.5694;3.4802;4.34039;0.720091343283582;4.2805;0.6155;4.015;32.577;7.227
TEL2008805_48;MFD_SETNO48;43.671033;-62.1265;57571;98;26-mar-08;08:02:04;33.3919;5.4715;3.83997;0.304654029850746;5.5275;0.7585;6.3805;33.393;6.3195
TEL2008805_48;MFD_SETNO48;43.671033;-62.1265;57572;50;26-mar-08;08:02:04;32.5166;3.4147;4.45274;0.650851791044776;4.209;0.622;4.0715;NaN;NaN
TEL2008805_48;MFD_SETNO48;43.671033;-62.1265;57573;26;26-mar-08;08:02:04;32.5154;3.4054;4.45172;0.733939253731343;4.2285;0.623;4.0575;NaN;NaN
TEL2008805_48;MFD_SETNO48;43.671033;-62.1265;57574;5;26-mar-08;08:02:04;32.5151;3.3935;4.44657;0.706243432835821;4.8025;0.6345;4.102;32.523;7.3045
TEL2008805_49;MFD_SETNO49;43.7097;-61.933567;57575;88;26-mar-08;09:52:10;33.6831;6.0684;3.34789;0.165576828358209;8.276;0.952;10.77;33.668;5.4935
TEL2008805_49;MFD_SETNO49;43.7097;-61.933567;57576;51;26-mar-08;09:52:10;32.4917;3.3463;4.48328;0.733939253731343;4.223;0.646;4.3375;NaN;NaN
TEL2008805_49;MFD_SETNO49;43.7097;-61.933567;57577;26;26-mar-08;09:52:10;32.4911;3.34;4.48428;0.678547611940298;4.2565;0.636;4.3225;NaN;NaN
TEL2008805_49;MFD_SETNO49;43.7097;-61.933567;57578;6;26-mar-08;09:52:10;32.4912;3.3182;4.47794;0.720091343283582;4.291;0.653;4.393;32.497;7.3155
TEL2008805_5;MFD_SETNO5;44.329933;-61.324183;301332;179;20-mar-08;07:03:40;34.0477;6.6511;2.49894;0.0539924440298507;15.7995;1.3185;15.2615;34.067;4.0695
TEL2008805_5;MFD_SETNO5;44.329933;-61.324183;301333;51;20-mar-08;07:03:40;32.2808;1.4582;4.72417;1.10867104477612;7.1165;0.9265;7.56;NaN;NaN
TEL2008805_5;MFD_SETNO5;44.329933;-61.324183;301334;25;20-mar-08;07:03:40;32.0825;1.1079;4.82428;1.96699701492537;5.6205;0.8125;5.9705;NaN;NaN
TEL2008805_5;MFD_SETNO5;44.329933;-61.324183;301335;5;20-mar-08;07:03:40;32.0788;1.086;4.81772;1.68088835820896;5.714;0.8355;5.9875;32.108;7.76
TEL2008805_50;MFD_SETNO50;43.883983;-61.74865;57579;81;26-mar-08;12:05:47;32.8917;3.9888;4.1667;0.540068507462687;4.396;0.73;4.6385;32.72;7.0015
TEL2008805_50;MFD_SETNO50;43.883983;-61.74865;57580;50;26-mar-08;12:05:47;32.5059;3.4288;4.47589;0.595460149253731;4.3525;0.658;4.213;NaN;NaN
TEL2008805_50;MFD_SETNO50;43.883983;-61.74865;57581;26;26-mar-08;12:05:47;32.4671;3.2669;4.52676;1.31555149253731;4.0355;0.6265;3.0625;NaN;NaN
TEL2008805_50;MFD_SETNO50;43.883983;-61.74865;57582;5;26-mar-08;12:05:47;32.4452;3.1286;4.54587;0.96561671641791;3.5465;0.5825;2.395;32.456;7.448
TEL2008805_51;MFD_SETNO51;43.705167;-61.272133;57583;47;26-mar-08;15:04:43;32.2082;2.2852;4.80875;5.6054176119403;2.262;0.552;1.876;32.218;7.918
TEL2008805_51;MFD_SETNO51;43.705167;-61.272133;57584;25;26-mar-08;15:04:43;32.1671;2.0725;4.88638;6.22824179104478;2.0155;0.489;1.0125;NaN;NaN
TEL2008805_51;MFD_SETNO51;43.705167;-61.272133;57585;5;26-mar-08;15:04:43;32.144;1.9526;4.8466;6.22824179104478;1.4255;0.476;0.6655;32.149;8.0395
TEL2008805_52;MFD_SETNO52;43.726917;-60.7815;57587;47;26-mar-08;17:49:50;32.0978;1.1551;4.92884;4.35976925373134;5.115;0.756;5.2115;32.102;8.068
TEL2008805_52;MFD_SETNO52;43.726917;-60.7815;57588;24;26-mar-08;17:49:50;32.088;1.1498;4.94957;4.51547529850746;4.985;0.7535;4.933;NaN;NaN
TEL2008805_52;MFD_SETNO52;43.726917;-60.7815;57589;7;26-mar-08;17:49:50;32.0807;1.1604;4.93368;4.20406320895522;4.9335;0.7485;4.816;32.088;8.1305
TEL2008805_53;MFD_SETNO53;43.837683;-60.853917;57591;38;26-mar-08;19:57:02;32.0395;1.1706;5.02328;6.38394783582089;2.9135;0.6635;3.2115;32.043;8.307
TEL2008805_53;MFD_SETNO53;43.837683;-60.853917;57592;25;26-mar-08;19:57:02;32.0392;1.1704;5.00794;5.93340848412698;3.026;0.659;3.148;NaN;NaN
TEL2008805_53;MFD_SETNO53;43.837683;-60.853917;57593;5;26-mar-08;19:57:02;32.0421;1.1878;4.71368;5.18234411904762;2.967;0.6615;3.0985;32.047;8.259
TEL2008805_54;MFD_SETNO54;43.86255;-60.454517;57595;35;26-mar-08;22:19:10;32.1617;1.2653;4.9226;4.35617331746032;4.861;0.743;5.029;32.166;8.0535
TEL2008805_54;MFD_SETNO54;43.86255;-60.454517;57596;26;26-mar-08;22:19:10;32.1619;1.2767;4.93684;4.39372653571429;5.3405;0.738;4.924;NaN;NaN
TEL2008805_54;MFD_SETNO54;43.86255;-60.454517;57597;6;26-mar-08;22:19:10;32.1487;1.315;4.95835;5.10723768253968;4.398;0.6985;4.089;32.153;8.26
TEL2008805_55;MFD_SETNO55;43.707083;-60.4704;203947;58;27-mar-08;00:16:06;32.1235;1.2787;4.81568;7.89959861904762;3.4875;0.8325;4.2995;32.138;8.0585
TEL2008805_55;MFD_SETNO55;43.707083;-60.4704;203948;25;27-mar-08;00:16:06;32.0899;1.3365;4.92939;2.21563987698413;2.3125;0.591;2.452;NaN;NaN
TEL2008805_55;MFD_SETNO55;43.707083;-60.4704;203949;6;27-mar-08;00:16:06;32.0872;1.3416;4.90568;2.2531930952381;2.2925;0.595;2.3885;32.091;8.227
TEL2008805_56;MFD_SETNO56;43.70875;-60.36105;203951;60;27-mar-08;01:32:09;32.0892;1.2511;4.83192;1.95276734920635;2.2565;0.7245;2.894;32.09;7.999
TEL2008805_56;MFD_SETNO56;43.70875;-60.36105;203952;50;27-mar-08;01:32:09;32.0741;1.2117;4.88367;1.72744803968254;2.3695;0.711;2.8485;NaN;NaN
TEL2008805_56;MFD_SETNO56;43.70875;-60.36105;203953;25;27-mar-08;01:32:09;32.0632;1.1926;4.91928;3.94979930952381;2.474;0.6505;2.839;NaN;NaN
TEL2008805_56;MFD_SETNO56;43.70875;-60.36105;203954;5;27-mar-08;01:32:09;32.0618;1.1906;4.86981;4.08599928571429;2.5;0.646;2.8905;32.076;8.1735
TEL2008805_57;MFD_SETNO57;43.598517;-60.304433;203955;73;27-mar-08;03:26:38;32.3786;1.4902;4.69059;4.90319914285714;3.5645;0.8865;5.309;32.39;7.7245
TEL2008805_57;MFD_SETNO57;43.598517;-60.304433;203956;51;27-mar-08;03:26:38;32.3753;1.4823;4.72599;4.90319914285714;4.0055;0.8785;5.2585;NaN;NaN
TEL2008805_57;MFD_SETNO57;43.598517;-60.304433;203957;26;27-mar-08;03:26:38;32.2355;1.4267;5.03421;2.62872527777778;2.0265;0.567;2.601;NaN;NaN
TEL2008805_57;MFD_SETNO57;43.598517;-60.304433;203958;6;27-mar-08;03:26:38;32.2223;1.4113;4.99366;2.06542700396825;2.147;0.5785;2.5555;32.229;8.3045
TEL2008805_58;MFD_SETNO58;43.438417;-60.279567;203959;197;27-mar-08;05:36:02;34.5787;6.7349;2.97361;NaN;10.4765;1.2095;17.049;34.575;4.8795
TEL2008805_58;MFD_SETNO58;43.438417;-60.279567;203960;50;27-mar-08;05:36:02;32.3058;1.2793;4.95833;4.35617331746032;2.7315;0.673;3.922;NaN;NaN
TEL2008805_58;MFD_SETNO58;43.438417;-60.279567;203961;25;27-mar-08;05:36:02;32.2416;1.2816;4.99014;3.45489607936508;2.4615;0.627;3.0465;NaN;NaN
TEL2008805_58;MFD_SETNO58;43.438417;-60.279567;203962;5;27-mar-08;05:36:02;32.24;1.2694;4.94294;3.49244929761905;2.4225;0.5895;2.9025;32.266;8.2225
TEL2008805_59;MFD_SETNO59;43.469017;-60.441083;203963;116;27-mar-08;07:23:04;32.9895;2.4788;4.32824;2.06542700396825;6.4605;0.887;8.1495;33.012;7.1255
TEL2008805_59;MFD_SETNO59;43.469017;-60.441083;203964;50;27-mar-08;07:23:04;32.2828;1.2676;5.04982;5.59542951984127;1.4265;0.518;1.996;NaN;NaN
TEL2008805_59;MFD_SETNO59;43.469017;-60.441083;203965;26;27-mar-08;07:23:04;32.2688;1.264;5.01322;3.71776860714286;1.5005;0.5205;1.9475;NaN;NaN
TEL2008805_59;MFD_SETNO59;43.469017;-60.441083;203966;5;27-mar-08;07:23:04;32.2415;1.2486;5.00737;4.61904584523809;1.3345;0.518;1.93;32.257;8.279
TEL2008805_6;MFD_SETNO6;44.537767;-60.806717;301336;61;20-mar-08;10:40:29;32.1302;1.2654;4.61492;0.540068507462687;6.765;0.902;7.0125;32.154;7.3455
TEL2008805_6;MFD_SETNO6;44.537767;-60.806717;301337;51;20-mar-08;10:40:29;31.7131;0.0303;4.88987;1.03714388059702;7.3555;0.8995;6.769;NaN;NaN
TEL2008805_6;MFD_SETNO6;44.537767;-60.806717;301338;26;20-mar-08;10:40:29;31.5752;-0.1104;4.98094;1.18019820895522;6.803;0.843;6.2745;NaN;NaN
TEL2008805_6;MFD_SETNO6;44.537767;-60.806717;301339;5;20-mar-08;10:40:29;32.0911;-0.1956;4.83715;1.21596179104478;6.6235;0.8275;6.115;31.581;7.942
TEL2008805_60;MFD_SETNO60;43.427767;-60.573517;203967;129;27-mar-08;08:58:29;33.3665;3.4695;3.95832;1.76500125793651;6.6945;0.863;8.7685;33.387;6.4155
TEL2008805_60;MFD_SETNO60;43.427767;-60.573517;203968;50;27-mar-08;08:58:29;32.2777;1.2665;4.91728;4.31862009920635;1.9395;0.597;3.2315;NaN;NaN
TEL2008805_60;MFD_SETNO60;43.427767;-60.573517;203969;25;27-mar-08;08:58:29;32.1742;1.2216;4.99509;2.85404458730159;2.1895;0.575;2.98;NaN;NaN
TEL2008805_60;MFD_SETNO60;43.427767;-60.573517;203970;5;27-mar-08;08:58:29;32.1719;1.2453;4.96093;2.44095918650794;2.0355;0.5555;2.8355;32.182;8.1415
TEL2008805_61;MFD_SETNO61;43.258067;-60.977783;203971;254;27-mar-08;11:53:12;34.826;7.0316;2.71739;NaN;12.1235;1.2645;19.876;34.827;4.412
TEL2008805_61;MFD_SETNO61;43.258067;-60.977783;203972;49;27-mar-08;11:53:12;32.3762;1.3388;4.83456;2.85404458730159;3.1935;0.6295;4.2005;NaN;NaN
TEL2008805_61;MFD_SETNO61;43.258067;-60.977783;203973;25;27-mar-08;11:53:12;32.1668;1.5479;4.89791;0.9353575;2.4025;0.563;2.2935;NaN;NaN
TEL2008805_61;MFD_SETNO61;43.258067;-60.977783;203974;6;27-mar-08;11:53:12;32.0593;1.7512;4.82235;0.89527075;2.1645;0.49;1.3385;32.081;7.843
TEL2008805_62;MFD_SETNO62;43.443983;-60.855167;203975;85;27-mar-08;14:29:39;32.6027;2.2435;4.43056;1.02889325;9.6415;0.801;5.275;32.608;7.1305
TEL2008805_62;MFD_SETNO62;43.443983;-60.855167;203976;50;27-mar-08;14:29:39;31.9975;1.5442;4.86538;1.229327;1.8805;0.4295;1.0055;NaN;NaN
TEL2008805_62;MFD_SETNO62;43.443983;-60.855167;203977;25;27-mar-08;14:29:39;31.9841;1.6796;4.84164;1.389674;1.8185;0.4035;0.5885;NaN;NaN
TEL2008805_62;MFD_SETNO62;43.443983;-60.855167;203978;5;27-mar-08;14:29:39;31.9805;1.8116;4.81359;1.4163985;1.7775;0.384;0.576;31.992;7.8505
TEL2008805_63;MFD_SETNO63;43.4225;-61.23915;203979;70;27-mar-08;16:57:56;32.2015;2.2937;4.64627;1.2560515;4.847;0.559;2.044;32.199;7.558
TEL2008805_63;MFD_SETNO63;43.4225;-61.23915;203980;51;27-mar-08;16:57:56;32.0863;2.0208;4.76213;0.694837;3.1345;0.5265;1.714;NaN;NaN
TEL2008805_63;MFD_SETNO63;43.4225;-61.23915;203981;25;27-mar-08;16:57:56;32.0797;2.0198;4.76607;0.694837;3.1445;0.5215;1.6215;NaN;NaN
TEL2008805_63;MFD_SETNO63;43.4225;-61.23915;203982;5;27-mar-08;16:57:56;32.0762;2.1148;4.72613;0.694837;2.9465;0.507;1.591;32.088;7.801
TEL2008805_64;MFD_SETNO64;43.3881;-62.0067;203983;90;27-mar-08;20:44:36;33.3565;5.3254;4.09698;2.40340596825397;3.9825;0.6745;4.943;33.357;6.619
TEL2008805_64;MFD_SETNO64;43.3881;-62.0067;203984;51;27-mar-08;20:44:36;32.5481;2.4519;4.82895;2.17808665873016;2.3665;0.454;2.0805;NaN;NaN
TEL2008805_64;MFD_SETNO64;43.3881;-62.0067;203985;26;27-mar-08;20:44:36;32.5417;2.4187;4.87727;2.44095918650794;1.8325;0.5065;1.7015;NaN;NaN
TEL2008805_64;MFD_SETNO64;43.3881;-62.0067;203986;6;27-mar-08;20:44:36;32.5388;2.6239;4.84044;2.2531930952381;2.0145;0.469;1.693;32.548;7.948
TEL2008805_65;MFD_SETNO65;43.295183;-62.267617;203987;98;27-mar-08;22:45:23;33.8863;7.1517;3.7294;2.06542700396825;4.925;0.6815;7.0065;33.891;5.9865
TEL2008805_65;MFD_SETNO65;43.295183;-62.267617;203988;51;27-mar-08;22:45:23;32.4466;1.6454;5.0006;9.53399833333333;1.7875;0.5185;2.648;NaN;NaN
TEL2008805_65;MFD_SETNO65;43.295183;-62.267617;203989;25;27-mar-08;22:45:23;32.4178;1.6043;5.04779;3.30468320634921;1.5015;0.4125;1.4205;NaN;NaN
TEL2008805_65;MFD_SETNO65;43.295183;-62.267617;203990;5;27-mar-08;22:45:23;32.4129;1.9244;5.01848;3.04181067857143;1.6555;0.404;1.509;32.428;8.151
TEL2008805_66;MFD_SETNO66;43.274467;-62.603583;203991;92;28-mar-08;01:40:57;34.6076;9.29;3.0648;1.91521413095238;7.3405;0.8275;11.598;34.558;4.9945
TEL2008805_66;MFD_SETNO66;43.274467;-62.603583;203992;50;28-mar-08;01:40:57;32.8971;3.6183;4.75828;1.80255447619048;1.6195;0.3275;1.034;NaN;NaN
TEL2008805_66;MFD_SETNO66;43.274467;-62.603583;203993;26;28-mar-08;01:40:57;32.712;3.1963;4.73056;1.5396819484127;3.055;0.467;2.11;NaN;NaN
TEL2008805_66;MFD_SETNO66;43.274467;-62.603583;203994;5;28-mar-08;01:40:57;32.6571;3.0795;4.78551;1.50212873015873;2.3005;0.4435;2.1595;32.67;7.6305
TEL2008805_67;MFD_SETNO67;43.44525;-62.7144;203995;96;28-mar-08;03:33:11;34.79;9.5934;2.87773;0.481041;7.692;0.8585;13.4605;34.806;4.6385
TEL2008805_67;MFD_SETNO67;43.44525;-62.7144;203996;51;28-mar-08;03:33:11;33.1748;4.9297;4.55143;2.96670424206349;2.529;0.4145;2.6735;NaN;NaN
TEL2008805_67;MFD_SETNO67;43.44525;-62.7144;203997;26;28-mar-08;03:33:11;32.7847;3.9105;4.6479;1.61478838492064;3.1395;0.431;2.5055;NaN;NaN
TEL2008805_67;MFD_SETNO67;43.44525;-62.7144;203998;5;28-mar-08;03:33:11;32.6971;3.8226;4.66392;1.61478838492064;3.4465;0.447;2.612;32.69;7.422
TEL2008805_7;MFD_SETNO7;44.514067;-60.451467;301340;30;20-mar-08;13:03:12;32.1653;1.0689;4.72038;0.512372686567164;7.396;0.9205;7.519;32.199;7.61
TEL2008805_7;MFD_SETNO7;44.514067;-60.451467;301341;25;20-mar-08;13:03:12;32.1651;1.0677;4.7128;0.484676865671642;7.547;0.9315;7.5455;NaN;NaN
TEL2008805_7;MFD_SETNO7;44.514067;-60.451467;301342;6;20-mar-08;13:03:12;32.1732;1.0752;4.6602;0.484676865671642;7.376;0.924;7.563;32.189;7.5735
TEL2008805_8;MFD_SETNO8;44.265183;-60.641683;301343;137;20-mar-08;15:53:43;32.6864;2.3738;4.16424;0.498524776119403;7.387;0.9025;7.906;32.627;7.175
TEL2008805_8;MFD_SETNO8;44.265183;-60.641683;301344;50;20-mar-08;15:53:43;32.2075;1.2779;4.74801;1.78817910447761;6.1625;0.878;6.524;NaN;NaN
TEL2008805_8;MFD_SETNO8;44.265183;-60.641683;301345;25;20-mar-08;15:53:43;32.2065;1.2853;4.74968;1.5735976119403;5.8925;0.8765;6.49;NaN;NaN
TEL2008805_8;MFD_SETNO8;44.265183;-60.641683;301346;6;20-mar-08;15:53:43;32.2069;1.2873;4.72295;1.5735976119403;5.8045;0.8715;6.4425;32.228;7.9945
TEL2008805_9;MFD_SETNO9;44.291717;-60.3377;301347;138;20-mar-08;18:22:33;33.2297;3.5077;3.7344;0.115183880597015;11.5605;1.142;11.839;33.246;6.323
TEL2008805_9;MFD_SETNO9;44.291717;-60.3377;301348;50;20-mar-08;18:22:33;32.0816;0.8888;4.78559;0.803178805970149;6.726;0.883;6.919;NaN;NaN
TEL2008805_9;MFD_SETNO9;44.291717;-60.3377;301349;25;20-mar-08;18:22:33;32.0772;0.8889;4.78155;0.789330895522388;6.836;0.885;6.903;NaN;NaN
TEL2008805_9;MFD_SETNO9;44.291717;-60.3377;301350;5;20-mar-08;18:22:33;32.0724;0.9046;4.73907;0.789330895522388;6.7725;0.887;6.86;32.121;8.194
