CTD;CTD;CTD;CTD;CTD;CTD;CTD;CTD;CTD;CTD;CTD;labo;labo;labo;labo;labo;labo
Fichier;Station;Latitude;Longitude;Echantillon;zbouteille;Date;Heure;PSAL;TEMP_XX;DOXY;CHL_01;Si_01;PO4_01;NOx_01;PSAL_BS;OXY_03
(nom);(nom/no);(degres);(degres);(no_unique);(dbar);(jj-mmm-yyyy);(GMT);(psu);(celsius);(ml/l);(mg/m**3);(mmol/m**3);(mmol/m**3);(mmol/m**3);(PSU);(ml/l)
TEM2008775_100;MFD_SETNO100;42.666267;-65.360383;321129;94;20-mar-08;17:05:00;32.7952;4.2769;5.5187;0.0519914793650794;11.716;1.1395;10.5195;32.861;6.151
TEM2008775_100;MFD_SETNO100;42.666267;-65.360383;321130;5;20-mar-08;17:05:00;31.4968;1.4843;7.35018;0.49440325;7.613;0.906;5.44;NaN;8.234
TEM2008775_101;MFD_SETNO101;44.27075;-63.31605;321131;138;21-mar-08;05:48:00;33.0086;3.8173;5.59068;0.0355731174603175;10.006;1.0465;8.6955;32.933;6.2345
TEM2008775_101;MFD_SETNO101;44.27075;-63.31605;321132;101;21-mar-08;05:48:00;31.889;1.0809;7.37084;0.125874107936508;7.8995;0.827;7.3545;NaN;NaN
TEM2008775_101;MFD_SETNO101;44.27075;-63.31605;321133;77;21-mar-08;05:48:00;31.6689;0.4941;7.60196;0.163021333333333;7.2815;0.757;6.456;NaN;NaN
TEM2008775_101;MFD_SETNO101;44.27075;-63.31605;321134;51;21-mar-08;05:48:00;31.4115;-0.0648;7.68798;0.7215615;8.6445;0.9645;5.961;NaN;NaN
TEM2008775_101;MFD_SETNO101;44.27075;-63.31605;321135;42;21-mar-08;05:48:00;31.4005;-0.1021;7.69558;0.6681125;7.487;0.799;6.4155;31.443;8.565
TEM2008775_101;MFD_SETNO101;44.27075;-63.31605;321136;30;21-mar-08;05:48:00;31.3674;-0.1967;7.68497;0.54785225;6.627;0.742;5.6915;NaN;NaN
TEM2008775_101;MFD_SETNO101;44.27075;-63.31605;321137;21;21-mar-08;05:48:00;31.3661;-0.2019;7.68736;0.60130125;7.298;0.796;6.334;NaN;NaN
TEM2008775_101;MFD_SETNO101;44.27075;-63.31605;321138;11;21-mar-08;05:48:00;31.4046;-0.2128;6.63546;0.5612145;8.805;0.932;6.3135;NaN;NaN
TEM2008775_101;MFD_SETNO101;44.27075;-63.31605;321139;6;21-mar-08;05:48:00;31.5024;-0.211;6.62324;0.6681125;7.514;0.8235;6.3975;NaN;NaN
TEM2008775_101;MFD_SETNO101;44.27075;-63.31605;321140;2;21-mar-08;05:48:00;32.1003;-0.2097;10.76426;0.84182175;8.1695;0.7845;6.2005;31.517;8.4655
TEM2008775_11;MFD_SETNO11;42.1342;-66.8113;321019;77;06-mar-08;13:07:28;33.0699;4.934;6.60539;0.6681125;9.0095;0.9295;10.651;33.103;6.889
TEM2008775_11;MFD_SETNO11;42.1342;-66.8113;321020;6;06-mar-08;13:07:28;33.0656;4.9281;6.60238;0.65475025;9.0225;0.937;10.561;NaN;6.857
TEM2008775_14;MFD_SETNO14;42.075267;-67.72805;321021;179;06-mar-08;22:49:24;34.3453;7.6991;4.23276;0.0164183619047619;13.6655;1.2605;17.5845;34.348;4.691
TEM2008775_14;MFD_SETNO14;42.075267;-67.72805;321022;5;06-mar-08;22:49:24;33.1018;5.1935;6.55476;0.6681125;9.657;0.9575;11.0225;NaN;7.139
TEM2008775_18;MFD_SETNO18;41.383067;-68.658883;321023;94;07-mar-08;10:09:32;33.0543;5.3745;6.48052;0.5612145;11.002;1.058;11.835;33.087;7.0015
TEM2008775_18;MFD_SETNO18;41.383067;-68.658883;321024;6;07-mar-08;10:09:32;33.054;5.3987;6.50623;0.5612145;10.704;1.045;11.366;NaN;7.0645
TEM2008775_2;MFD_SETNO2;42.111933;-66.105517;321011;132;05-mar-08;02:26:00;33.3943;5.636;5.943;0.256176380952381;10.0785;1.032;12.4385;33.365;6.2235
TEM2008775_2;MFD_SETNO2;42.111933;-66.105517;321012;5;05-mar-08;02:26:00;32.736;4.4761;6.739;0.8284595;7.673;0.855;8.519;NaN;6.9275
TEM2008775_20;MFD_SETNO20;40.493067;-68.65645;321025;75;07-mar-08;18:19:39;33.1766;6.6765;6.24973;0.7750105;5.976;0.851;7.078;33.207;6.7455
TEM2008775_20;MFD_SETNO20;40.493067;-68.65645;321026;5;07-mar-08;18:19:39;32.6925;5.5592;6.87473;1.21596475;1.821;0.5715;3.5115;NaN;7.4295
TEM2008775_21;MFD_SETNO21;40.5261;-69.473283;321027;57;07-mar-08;22:54:36;32.8263;4.7887;7.14357;7.89959861904762;8.4295;0.8245;7.6345;32.856;7.7085
TEM2008775_21;MFD_SETNO21;40.5261;-69.473283;321028;6;07-mar-08;22:54:36;32.8263;4.7917;7.15862;7.89959861904762;8.384;0.8255;7.5915;NaN;7.7275
TEM2008775_23;MFD_SETNO23;41.234367;-69.3878;321029;47;08-mar-08;05:24:20;32.6741;4.1473;6.8508;1.91521413095238;10.546;0.943;9.875;32.71;7.431
TEM2008775_23;MFD_SETNO23;41.234367;-69.3878;321030;6;08-mar-08;05:24:20;32.6724;4.1644;6.83597;1.6523416031746;10.694;0.9605;10.515;NaN;7.4875
TEM2008775_25;MFD_SETNO25;41.785067;-69.575983;321031;120;08-mar-08;12:11:59;33.1465;4.9247;6.27497;0.178547174603175;10.7245;0.9925;11.6605;33.203;6.8695
TEM2008775_25;MFD_SETNO25;41.785067;-69.575983;321032;6;08-mar-08;12:11:59;32.5686;3.9319;6.94697;2.85404458730159;10.5105;0.9255;10.162;NaN;7.56
TEM2008775_27;MFD_SETNO27;42.029483;-68.93645;321033;124;08-mar-08;20:35:24;33.1402;5.0602;6.37647;0.209598857142857;12.826;1.0365;12.5525;33.188;7.078
TEM2008775_27;MFD_SETNO27;42.029483;-68.93645;321034;6;08-mar-08;20:35:24;33.0375;5.1143;6.6178;0.7215615;11.2965;1.0365;11.9525;NaN;7.273
TEM2008775_28;MFD_SETNO28;44.886;-66.774283;321035;136;10-mar-08;02:57:21;32.2203;3.0529;6.91925;0.197954476190476;8.9025;1.078;9.8565;32.275;7.287
TEM2008775_28;MFD_SETNO28;44.886;-66.774283;321036;6;10-mar-08;02:57:21;31.4835;1.9005;7.21825;0.256176380952381;9.7585;0.917;9.2045;NaN;7.4845
TEM2008775_29;MFD_SETNO29;44.949433;-66.852367;321037;90;10-mar-08;05:37:22;31.7814;2.6031;7.03443;0.244532;9.09;0.904;8.978;31.824;6.9885
TEM2008775_29;MFD_SETNO29;44.949433;-66.852367;321038;6;10-mar-08;05:37:22;31.3012;2.1836;7.11765;0.24065053968254;10.6865;0.913;9.7355;NaN;7.057
TEM2008775_3;MFD_SETNO3;42.014667;-66.036133;321013;94;05-mar-08;04:27:14;33.2457;5.4096;6.12979;0.232887619047619;9.802;1.034;11.9695;33.274;6.4445
TEM2008775_3;MFD_SETNO3;42.014667;-66.036133;321014;6;05-mar-08;04:27:14;32.5326;4.1593;6.84961;1.0422555;6.5975;0.768;7.0185;NaN;7.09
TEM2008775_30;MFD_SETNO30;44.905767;-66.618633;321039;94;10-mar-08;08:33:06;32.2825;3.1677;6.90728;0.4008675;8.9655;1.1205;9.575;NaN;6.7515
TEM2008775_30;MFD_SETNO30;44.905767;-66.618633;321040;6;10-mar-08;08:33:06;31.2421;1.5489;7.28007;0.24841346031746;10.8315;0.95;9.766;NaN;7.246
TEM2008775_32;MFD_SETNO32;44.065967;-66.923533;321041;173;10-mar-08;16:51:09;33.6735;6.6645;5.03743;0.0492550857142857;10.2385;1.0455;13.4315;NaN;5.0475
TEM2008775_32;MFD_SETNO32;44.065967;-66.923533;321042;5;10-mar-08;16:51:09;32.4823;3.9122;6.82541;0.62802575;7.1305;0.818;8.4105;NaN;6.784
TEM2008775_33;MFD_SETNO33;43.252517;-65.257983;321043;141;12-mar-08;01:08:05;33.0336;4.561;5.07306;0.0342049206349206;12.0365;1.104;11.8635;33.066;5.072
TEM2008775_33;MFD_SETNO33;43.252517;-65.257983;321044;6;12-mar-08;01:08:05;31.6243;2.3681;7.18277;0.641388;6.1345;0.742;6.003;NaN;7.0915
TEM2008775_34;MFD_SETNO34;42.796633;-65.489317;321045;121;12-mar-08;05:28:03;32.2612;3.6723;6.57236;0.232887619047619;7.2575;0.8155;7.6875;32.294;6.5515
TEM2008775_34;MFD_SETNO34;42.796633;-65.489317;321046;22;12-mar-08;05:28:03;31.9238;3.0279;6.76105;0.73492375;5.624;0.7205;5.818;NaN;6.9905
TEM2008775_35;MFD_SETNO35;42.807667;-65.566467;321047;124;12-mar-08;07:34:15;32.5005;4.1431;6.51977;0.326042666666667;6.705;0.823;8.238;32.548;6.485
TEM2008775_35;MFD_SETNO35;42.807667;-65.566467;321048;6;12-mar-08;07:34:15;31.8165;2.7234;7.14474;0.81509725;5.4165;0.704;5.3615;NaN;7.101
TEM2008775_36;MFD_SETNO36;42.480683;-65.729667;321049;85;12-mar-08;10:49:00;33.2036;5.0187;5.6413;0.147495492063492;8.212;0.943;11.257;33.256;5.864
TEM2008775_36;MFD_SETNO36;42.480683;-65.729667;321050;5;12-mar-08;10:49:00;31.8493;2.7195;7.061;0.748286;4.848;0.667;5.045;NaN;7.5235
TEM2008775_37;MFD_SETNO37;42.5016;-65.93575;321051;131;12-mar-08;13:24:00;33.7793;5.9692;5.097;0.105351155555556;9.1915;1.0405;14.0275;33.802;5.401
TEM2008775_37;MFD_SETNO37;42.5016;-65.93575;321052;21;12-mar-08;13:24:00;31.7016;2.2842;6.94758;0.65475025;5.0625;0.6775;5.05;NaN;7.5295
TEM2008775_38;MFD_SETNO38;42.379;-66.183883;321053;241;12-mar-08;16:07:00;34.8404;6.2521;5.74771;0.0164183619047619;11.769;1.247;19.6465;34.87;4.9005
TEM2008775_38;MFD_SETNO38;42.379;-66.183883;321054;18;12-mar-08;16:07:00;31.691;2.0824;7.7046;0.68147475;5.0905;0.673;5.043;NaN;7.7305
TEM2008775_39;MFD_SETNO39;42.2699;-66.00765;321055;229;12-mar-08;18:59:59;34.8542;5.96;5.77221;0.0164183619047619;12.3525;1.292;19.7355;34.902;5.006
TEM2008775_39;MFD_SETNO39;42.2699;-66.00765;321056;13;12-mar-08;18:59:59;32.0019;2.9294;6.73424;0.641388;5.7215;0.736;6.042;NaN;7.5885
TEM2008775_40;MFD_SETNO40;41.84765;-66.266433;321057;81;12-mar-08;23:54:54;33.0805;5.0501;6.69671;0.84182175;7.289;0.9015;9.9805;33.114;6.989
TEM2008775_40;MFD_SETNO40;41.84765;-66.266433;321058;5;12-mar-08;23:54:54;33.0806;5.0416;6.69289;0.7750105;7.782;0.925;10.6965;NaN;7.022
TEM2008775_43;MFD_SETNO43;41.716917;-66.224983;321059;81;13-mar-08;08:00:00;33.0006;4.9966;6.63155;0.6681125;7.865;0.894;10.196;33.03;6.87
TEM2008775_43;MFD_SETNO43;41.716917;-66.224983;321060;11;13-mar-08;08:00:00;32.9965;4.9769;6.77642;0.6681125;7.8535;0.977;10.2795;NaN;6.839
TEM2008775_46;MFD_SETNO46;41.641017;-66.09695;321061;99;13-mar-08;21:13:38;33.1709;5.355;6.31007;0.427592;8.2705;0.9045;11.08;33.198;6.515
TEM2008775_46;MFD_SETNO46;41.641017;-66.09695;321062;3;13-mar-08;21:13:38;32.7451;4.8186;7.06004;1.2560515;6.134;0.7215;7.0015;NaN;6.978
TEM2008775_48;MFD_SETNO48;41.61315;-65.9398;321063;155;13-mar-08;23:55:08;33.5473;6.3007;5.78957;0.197954476190476;7.6;0.9205;12.982;34.295;5.2385
TEM2008775_48;MFD_SETNO48;41.61315;-65.9398;321064;5;13-mar-08;23:55:08;32.1522;3.8742;6.89385;1.91080175;4.3915;0.6065;4.106;NaN;7.392
TEM2008775_49;MFD_SETNO49;41.417917;-66.043083;321065;157;14-mar-08;04:52:20;34.7426;8.6553;4.16975;0.0396777079365079;9.729;1.132;17.5225;34.774;4.395
TEM2008775_49;MFD_SETNO49;41.417917;-66.043083;321066;6;14-mar-08;04:52:20;32.4558;4.6317;7.04987;2.40340596825397;4.494;0.58;3.912;NaN;7.2625
TEM2008775_50;MFD_SETNO50;41.5416;-66.344917;321067;88;14-mar-08;07:15:24;33.015;5.0087;6.55572;0.60130125;8.489;0.8885;10.3115;33.057;6.7715
TEM2008775_50;MFD_SETNO50;41.5416;-66.344917;321068;5;14-mar-08;07:15:24;33.0166;5.0044;6.55837;0.6146635;8.0735;0.9075;10.465;NaN;6.73
TEM2008775_51;MFD_SETNO51;41.38925;-66.378467;321069;93;14-mar-08;09:20:45;33.084;5.1357;6.57633;0.92199525;7.9445;0.872;9.821;33.118;6.8455
TEM2008775_51;MFD_SETNO51;41.38925;-66.378467;321070;6;14-mar-08;09:20:45;32.9053;5.1912;6.59806;1.50993425;5.7085;0.7245;6.7885;NaN;6.8705
TEM2008775_54;MFD_SETNO54;40.928833;-66.832667;321071;86;14-mar-08;16:01:00;32.943;5.0916;6.81824;2.0043375;4.356;0.7755;7.977;32.997;7.012
TEM2008775_54;MFD_SETNO54;40.928833;-66.832667;321072;6;14-mar-08;16:01:00;32.9263;5.0976;6.86645;1.763817;4.6045;0.832;8.8095;NaN;7.118
TEM2008775_56;MFD_SETNO56;40.59345;-67.1771;321073;133;14-mar-08;20:08:38;35.1138;11.8556;4.49299;0.166902793650794;6.3625;0.7975;12.2285;35.145;4.7075
TEM2008775_56;MFD_SETNO56;40.59345;-67.1771;321074;6;14-mar-08;20:08:38;33.161;5.9364;6.6758;1.2560515;6.1075;0.7945;8.1745;NaN;7.024
TEM2008775_59;MFD_SETNO59;40.977117;-68.001733;321075;50;15-mar-08;02:52:07;32.7133;5.1425;7.0635;7.89959861904762;0.001;0.344;0.575;32.748;7.342
TEM2008775_59;MFD_SETNO59;40.977117;-68.001733;321076;5;15-mar-08;02:52:07;32.7129;5.1411;7.03972;5.85659897619048;0;0.35;0.6205;NaN;7.275
TEM2008775_6;MFD_SETNO6;41.9892;-66.3128;321015;80;05-mar-08;13:52:54;33.0562;5.0387;6.47782;0.53449;8.9695;0.955;10.7935;33.11;6.831
TEM2008775_6;MFD_SETNO6;41.9892;-66.3128;321016;6;05-mar-08;13:52:54;33.0541;5.0587;6.4741;0.54785225;9.784;1.079;10.6475;NaN;6.77
TEM2008775_60;MFD_SETNO60;41.09005;-68.166067;321077;45;15-mar-08;04:44:45;32.8484;5.3954;7.22275;15.1181973571429;0.6255;0.582;3.441;32.882;7.5235
TEM2008775_60;MFD_SETNO60;41.09005;-68.166067;321078;5;15-mar-08;04:44:45;32.8485;5.3942;7.21523;12.3941978333333;0.7815;0.4955;2.921;NaN;7.495
TEM2008775_62;MFD_SETNO62;41.3526;-67.508817;321079;41;15-mar-08;09:58:40;32.8937;5.2131;7.49027;20.5661964047619;0;0.387;0.912;32.938;7.755
TEM2008775_62;MFD_SETNO62;41.3526;-67.508817;321080;6;15-mar-08;09:58:40;32.8915;5.2084;7.46081;20.4299964285714;0;0.4415;1.0365;NaN;7.785
TEM2008775_65;MFD_SETNO65;41.326417;-66.750967;321081;73;15-mar-08;17:37:44;33.0252;5.0542;6.88503;3.53000251587302;4.982;0.8415;8.8525;33.076;7.219
TEM2008775_65;MFD_SETNO65;41.326417;-66.750967;321082;5;15-mar-08;17:37:44;33.0258;5.0531;6.88963;3.1920235515873;4.7525;0.8205;8.331;NaN;7.237
TEM2008775_69;MFD_SETNO69;43.598733;-66.761817;321083;107;16-mar-08;15:00:57;33.3354;5.6197;5.61185;0.109455746031746;8.3825;0.978;11.805;33.376;5.753
TEM2008775_69;MFD_SETNO69;43.598733;-66.761817;321084;5;16-mar-08;15:00:57;32.6062;4.069;6.77067;0.801735;6.358;0.835;7.7495;NaN;6.9325
TEM2008775_70;MFD_SETNO70;43.596233;-67.442933;321085;219;16-mar-08;18:38:25;34.1084;7.2964;4.74614;0.0246275428571429;13.488;1.243;16.975;34.141;3.8555
TEM2008775_70;MFD_SETNO70;43.596233;-67.442933;321086;5;16-mar-08;18:38:25;32.715;4.1494;6.8319;0.694837;5.9665;0.74;7.4155;NaN;7.05
TEM2008775_71;MFD_SETNO71;43.704283;-67.417917;321087;202;16-mar-08;20:43:31;34.1346;7.3651;5.55923;0.0136819682539683;13.111;1.2405;17.0725;34.167;4.7935
TEM2008775_71;MFD_SETNO71;43.704283;-67.417917;321088;6;16-mar-08;20:43:31;32.5673;3.9451;6.87555;0.694837;6.7735;0.82;8.3825;NaN;7.423
TEM2008775_72;MFD_SETNO72;43.761817;-67.06015;321089;149;17-mar-08;00:00:00;33.7418;6.5717;6.08463;0.054727873015873;10.497;1.1015;14.202;33.77;5.476
TEM2008775_72;MFD_SETNO72;43.761817;-67.06015;321090;6;17-mar-08;00:00:00;32.5582;4.0297;6.76304;0.694837;6.415;0.8325;8.1925;NaN;7.3425
TEM2008775_73;MFD_SETNO73;43.82835;-66.949733;321091;188;17-mar-08;02:28:16;33.6735;6.4402;6.39198;0.0670416444444445;9.5265;1.034;12.9135;33.716;5.558
TEM2008775_73;MFD_SETNO73;43.82835;-66.949733;321092;5;17-mar-08;02:28:16;32.4815;3.9259;6.74292;0.65475025;6.411;0.8335;8.1925;NaN;7.325
TEM2008775_74;MFD_SETNO74;43.885517;-67.022767;321093;160;17-mar-08;04:50:59;33.853;6.8735;5.25508;0.031468526984127;10.914;1.1125;14.5405;33.896;5.301
TEM2008775_74;MFD_SETNO74;43.885517;-67.022767;321094;6;17-mar-08;04:50:59;32.4777;3.9016;6.77301;0.641388;6.5055;0.8415;8.251;NaN;7.3675
TEM2008775_75;MFD_SETNO75;44.1173;-67.251317;321095;153;17-mar-08;07:27:00;33.2507;5.5994;5.49955;0.151869847619048;10.1015;1.0365;12.2935;33.173;6.176
TEM2008775_75;MFD_SETNO75;44.1173;-67.251317;321096;5;17-mar-08;07:27:00;32.5071;3.8888;6.60451;0.310516825396825;8.4775;0.926;9.98;NaN;7.105
TEM2008775_76;MFD_SETNO76;44.328017;-67.104833;321097;132;17-mar-08;10:46:25;33.3336;5.7595;5.40703;0.11644380952381;11.75;1.105;13.218;33.273;5.8905
TEM2008775_76;MFD_SETNO76;44.328017;-67.104833;321098;6;17-mar-08;10:46:25;32.2689;3.3168;6.774;0.271702222222222;8.9665;0.9665;9.7145;NaN;7.326
TEM2008775_78;MFD_SETNO78;45.062267;-66.326967;321099;50;17-mar-08;19:54:12;31.9767;2.4008;7.11728;0.287228063492063;8.6715;0.9645;9.4245;32.026;7.6295
TEM2008775_78;MFD_SETNO78;45.062267;-66.326967;321100;6;17-mar-08;19:54:12;30.3158;1.4871;7.39984;0.341568507936508;12.423;0.9145;10.0105;NaN;7.962
TEM2008775_79;MFD_SETNO79;44.943883;-66.050117;321101;108;17-mar-08;22:04:44;32.238;3.1762;6.95321;0.283346603174603;7.709;0.9135;8.9105;32.281;7.476
TEM2008775_79;MFD_SETNO79;44.943883;-66.050117;321102;6;17-mar-08;22:04:44;32.2338;3.1488;6.99573;0.244532;7.84;0.9215;8.9;NaN;7.4315
TEM2008775_80;MFD_SETNO80;45.192483;-65.54065;321103;67;18-mar-08;02:47:40;32.0071;2.231;7.18224;0.551167365079365;7.6105;0.895;8.81;32.047;7.7035
TEM2008775_80;MFD_SETNO80;45.192483;-65.54065;321104;5;18-mar-08;02:47:40;31.848;1.82;7.26215;0.415316253968254;7.6995;0.876;8.415;NaN;7.7895
TEM2008775_81;MFD_SETNO81;45.3084;-65.357867;321105;51;18-mar-08;05:19:27;31.1868;0.7583;7.46756;0.68147475;9.8695;0.9875;9.469;31.223;8.0785
TEM2008775_81;MFD_SETNO81;45.3084;-65.357867;321106;6;18-mar-08;05:19:27;31.1845;0.7573;7.46673;0.53449;10.1515;1.0095;9.745;NaN;6.9975
TEM2008775_82;MFD_SETNO82;45.205283;-65.07435;321107;58;18-mar-08;07:53:00;31.5677;1.8562;7.28504;0.641388;8.259;0.908;8.916;31.603;7.809
TEM2008775_82;MFD_SETNO82;45.205283;-65.07435;321108;5;18-mar-08;07:53:00;31.5474;1.7999;7.31356;0.6146635;8.2615;0.9025;8.9615;NaN;7.7895
TEM2008775_83;MFD_SETNO83;44.90835;-65.981883;321109;99;18-mar-08;13:18:00;32.2555;3.1578;6.97642;0.24841346031746;7.102;0.8335;7.6735;32.292;7.475
TEM2008775_83;MFD_SETNO83;44.90835;-65.981883;321110;5;18-mar-08;13:18:00;32.2503;3.1324;6.97915;0.236769079365079;7.063;0.8035;6.723;NaN;7.452
TEM2008775_84;MFD_SETNO84;41.855033;-66.44335;321111;73;19-mar-08;07:07:58;32.8745;4.5047;6.6575;0.496826920634921;8.8285;0.9565;9.929;32.915;7.177
TEM2008775_84;MFD_SETNO84;41.855033;-66.44335;321112;4;19-mar-08;07:07:58;32.2987;3.3419;7.04575;0.8284595;6.4165;0.807;6.875;NaN;7.535
TEM2008775_86;MFD_SETNO86;41.818917;-66.493717;321113;76;19-mar-08;11:57:00;32.8264;4.424;6.66255;0.57457675;7.7215;0.9005;8.804;32.912;6.963
TEM2008775_86;MFD_SETNO86;41.818917;-66.493717;321114;6;19-mar-08;11:57:00;32.2473;3.2816;7.04816;0.78837275;7.2395;0.879;6.671;NaN;7.623
TEM2008775_9;MFD_SETNO9;42.069567;-66.77055;321017;76;05-mar-08;19:35:28;33.0558;4.8802;6.60064;0.641388;8.896;0.9345;10.4505;33.096;6.9465
TEM2008775_9;MFD_SETNO9;42.069567;-66.77055;321018;5;05-mar-08;19:35:28;33.0472;4.9198;6.63778;0.65475025;8.9175;0.9275;10.402;NaN;6.925
TEM2008775_90;MFD_SETNO90;41.664133;-66.564283;321115;69;19-mar-08;17:41:00;32.7915;4.3329;6.80986;0.694837;7.6805;0.878;8.7605;32.828;7.461
TEM2008775_90;MFD_SETNO90;41.664133;-66.564283;321116;6;19-mar-08;17:41:00;32.2336;3.2778;7.04863;0.855184;6.8245;0.789;6.348;NaN;7.7375
TEM2008775_91;MFD_SETNO91;41.586717;-66.790133;321117;71;19-mar-08;20:26:59;33.0651;4.7962;6.79205;1.64355675;7.6105;0.9015;10.1635;33.11;7.4415
TEM2008775_91;MFD_SETNO91;41.586717;-66.790133;321118;5;19-mar-08;20:26:59;33.0599;4.7744;6.8072;1.4163985;7.646;0.9225;10.0125;NaN;7.4795
TEM2008775_92;MFD_SETNO92;41.698883;-66.98565;321119;61;19-mar-08;22:20:00;33.0659;4.7978;6.85496;2.14053344047619;6.507;0.885;9.184;33.115;7.5525
TEM2008775_92;MFD_SETNO92;41.698883;-66.98565;321120;5;19-mar-08;22:20:00;33.0652;4.7877;6.86187;1.76500125793651;7.0005;0.9095;9.7245;NaN;7.5205
TEM2008775_94;MFD_SETNO94;41.701883;-66.658983;321121;66;20-mar-08;01:48:13;32.7567;4.2551;6.81003;0.70819925;8.0205;0.922;8.1015;32.793;7.5695
TEM2008775_94;MFD_SETNO94;41.701883;-66.658983;321122;5;20-mar-08;01:48:13;32.2253;3.2403;7.02844;0.7750105;5.824;0.755;6.3305;NaN;7.845
TEM2008775_97;MFD_SETNO97;41.97015;-66.267217;321123;75;20-mar-08;07:01:00;32.9279;4.6638;6.61106;0.49440325;9.5895;1.0135;9.469;32.961;7.396
TEM2008775_97;MFD_SETNO97;41.97015;-66.267217;321124;5;20-mar-08;07:01:00;32.3397;3.4448;7.05757;0.748286;6.5415;0.7835;7.156;NaN;7.861
TEM2008775_98;MFD_SETNO98;42.152433;-66.254333;321125;184;20-mar-08;09:51:42;33.6831;6.2652;6.7334;0.100917968253968;12.1025;1.164;14.767;33.723;6.054
TEM2008775_98;MFD_SETNO98;42.152433;-66.254333;321126;6;20-mar-08;09:51:42;32.9173;4.5186;6.78681;0.68147475;8.52;0.925;9.156;NaN;7.5015
TEM2008775_99;MFD_SETNO99;42.47275;-65.6039;321127;90;20-mar-08;14:48:16;32.1858;3.1941;6.5487;0.135851111111111;7.281;0.8605;6.9465;32.222;7.2495
TEM2008775_99;MFD_SETNO99;42.47275;-65.6039;321128;6;20-mar-08;14:48:16;31.6446;1.5713;7.40476;0.539522984126984;6.3025;0.7915;5.9135;NaN;8.192
