CTD;CTD;CTD;CTD;CTD;CTD;CTD;CTD;CTD;CTD;CTD;labo;labo;terrain;labo;labo;labo;labo;calc;calc
Fichier;Station;Latitude;Longitude;Echantillon;zbouteille;Date;Heure;PSAL;TEMP_XX;DOXY;OXY_XX;Q_OXY;TEMP_RT;Q_TEMP_RT;SSAL_BS;Q_SSAL;QCFF;N_P;N_Si
(nom);(nom/no);(degres);(degres);(no_unique);(dbar);(jj-mmm-yyyy);(GMT);(psu);(celsius);(ml/l);(ml/l);((none));(celsius);((none));(g/kg);((none));((none));((none));((none))
NED2003036_00A;MFD_SETNO00A;44.2555;63.32;257004;50;26-jun-03;13:05:16;32.106;0.622;3.5086;3.5086;1;0.622;1;32.106;1;0;NaN;NaN
NED2003036_00A;MFD_SETNO00A;44.2555;63.32;257003;75;26-jun-03;13:05:16;32.328;0.635;3.4207;3.4207;1;0.635;1;32.328;1;0;NaN;NaN
NED2003036_00A;MFD_SETNO00A;44.2555;63.32;257001;139;26-jun-03;13:05:16;34.363;8.391;2.2939;2.2939;1;8.391;1;34.363;1;0;NaN;NaN
NED2003036_00E;MFD_SETNO00A;44.2555;63.32;-999999;100;26-jun-03;13:05:16;2.7056;3.3845;2.8202;2.8202;1;3.3845;1;2.7056;1;0;NaN;NaN
NED2003036_00B;MFD_SETNO00B;44.256333;63.301;257007;20;26-jun-03;13:39:20;31.794;6.619;2.2938;2.2938;1;6.619;1;31.794;1;0;NaN;NaN
NED2003036_00B;MFD_SETNO00B;44.256333;63.301;257006;30;26-jun-03;13:39:20;31.934;3.249;2.6958;2.6958;1;3.249;1;31.934;1;0;NaN;NaN
NED2003036_00B;MFD_SETNO00B;44.256333;63.301;257002;100;26-jun-03;13:39:20;32.59;1.542;2.8266;2.8266;1;1.542;1;32.59;1;0;NaN;NaN
NED2003036_00C;MFD_SETNO00C;44.258667;63.302667;257010;1;26-jun-03;14:11:18;29.196;10.792;1.6162;1.6162;1;10.792;1;29.196;1;0;NaN;NaN
NED2003036_00C;MFD_SETNO00C;44.258667;63.302667;257009;5;26-jun-03;14:11:18;31.027;10.802;1.5222;1.5222;1;10.802;1;31.027;1;0;NaN;NaN
NED2003036_00C;MFD_SETNO00C;44.258667;63.302667;257008;10;26-jun-03;14:11:18;31.289;10.289;1.9464;1.9464;1;10.289;1;31.289;1;0;NaN;NaN
NED2003036_00C;MFD_SETNO00C;44.258667;63.302667;257005;40;26-jun-03;14:11:18;32.101;1.508;2.6377;2.6377;1;1.508;1;32.101;1;0;NaN;NaN
NED2003036_1;MFD_SETNO1;44.024833;63.764;257014;5;02-jul-03;23:48:00;2.3229;1.8853;2.5992;2.5992;1;1.8853;1;2.3229;1;0;NaN;NaN
NED2003036_1;MFD_SETNO1;44.024833;63.764;257013;25;02-jul-03;23:48:00;2.1127;2.471;2.5597;2.5597;1;2.471;1;2.1127;1;0;NaN;NaN
NED2003036_1;MFD_SETNO1;44.024833;63.764;257012;50;02-jul-03;23:48:00;2.8879;1.8766;1.8812;1.8812;1;1.8766;1;2.8879;1;0;NaN;NaN
NED2003036_1;MFD_SETNO1;44.024833;63.764;257011;191;02-jul-03;23:48:00;2.8335;2.5696;3.4443;3.4443;1;2.5696;1;2.8335;3;16;NaN;NaN
NED2003036_2;MFD_SETNO2;43.685833;64.311333;257018;5;03-jul-03;03:24:59;NaN;3.06615910852713;NaN;NaN;9;3.06615910852713;1;NaN;9;0;NaN;NaN
NED2003036_2;MFD_SETNO2;43.685833;64.311333;257017;25;03-jul-03;03:24:59;NaN;2.81110813953488;6.146;6.146;1;2.81110813953488;1;NaN;9;0;NaN;NaN
NED2003036_2;MFD_SETNO2;43.685833;64.311333;257016;50;03-jul-03;03:24:59;33.054;0.607338178294574;NaN;NaN;9;0.607338178294574;1;33.054;1;0;NaN;NaN
NED2003036_2;MFD_SETNO2;43.685833;64.311333;257015;179;03-jul-03;03:24:59;30.872;0.642043217054264;5.846;5.846;1;0.642043217054264;1;30.872;1;0;NaN;NaN
NED2003036_3;MFD_SETNO3;43.631667;64.094333;257022;5;03-jul-03;06:01:19;NaN;1.21467635658915;NaN;NaN;9;1.21467635658915;1;NaN;9;0;NaN;NaN
NED2003036_3;MFD_SETNO3;43.631667;64.094333;257021;25;03-jul-03;06:01:19;NaN;1.8914246124031;NaN;NaN;9;1.8914246124031;1;NaN;9;0;NaN;NaN
NED2003036_3;MFD_SETNO3;43.631667;64.094333;257020;50;03-jul-03;06:01:19;33.777;0.884978488372093;5.114;5.114;1;0.884978488372093;1;33.777;1;0;NaN;NaN
NED2003036_3;MFD_SETNO3;43.631667;64.094333;257019;215;03-jul-03;06:01:19;32.319;0.0311546511627907;4.528;4.528;1;0.0311546511627907;1;32.319;1;0;NaN;NaN
NED2003036_4;MFD_SETNO4;43.434667;64.757167;257026;5;03-jul-03;09:49:00;NaN;5.56066143410853;NaN;NaN;9;5.56066143410853;1;NaN;9;0;NaN;NaN
NED2003036_4;MFD_SETNO4;43.434667;64.757167;257025;25;03-jul-03;09:49:00;NaN;2.96222151162791;NaN;NaN;9;2.96222151162791;1;NaN;9;0;NaN;NaN
NED2003036_4;MFD_SETNO4;43.434667;64.757167;257024;50;03-jul-03;09:49:00;33.434;2.89787073643411;5.254;5.254;1;2.89787073643411;1;33.434;1;0;NaN;NaN
NED2003036_4;MFD_SETNO4;43.434667;64.757167;257023;59;03-jul-03;09:49:00;NaN;0.209916666666667;NaN;NaN;9;0.209916666666667;1;NaN;9;0;NaN;NaN
NED2003036_5;MFD_SETNO5;43.318167;64.7665;257030;5;03-jul-03;11:57:27;NaN;1.83936705426357;NaN;NaN;9;1.83936705426357;1;NaN;9;0;NaN;NaN
NED2003036_5;MFD_SETNO5;43.318167;64.7665;257029;25;03-jul-03;11:57:27;32.108;2.59843992248062;7.0615;7.0615;1;2.59843992248062;1;32.108;1;0;NaN;NaN
NED2003036_5;MFD_SETNO5;43.318167;64.7665;257028;50;03-jul-03;11:57:27;31.603;2.23465833333333;7.215;7.215;1;2.23465833333333;1;31.603;1;0;NaN;NaN
NED2003036_5;MFD_SETNO5;43.318167;64.7665;257027;78;03-jul-03;11:57:27;NaN;1.31879147286822;NaN;NaN;9;1.31879147286822;1;NaN;9;0;NaN;NaN
NED2003036_6;MFD_SETNO6;43.261667;64.927667;257034;5;03-jul-03;14:29:48;NaN;2.79375562015504;NaN;NaN;9;2.79375562015504;1;NaN;9;0;NaN;NaN
NED2003036_6;MFD_SETNO6;43.261667;64.927667;257033;25;03-jul-03;14:29:48;NaN;0.902331007751938;NaN;NaN;9;0.902331007751938;1;NaN;9;0;NaN;NaN
NED2003036_6;MFD_SETNO6;43.261667;64.927667;257032;50;03-jul-03;14:29:48;33.851;0.21968023255814;4.652;4.652;1;0.21968023255814;1;33.851;1;0;NaN;NaN
NED2003036_6;MFD_SETNO6;43.261667;64.927667;257031;156;03-jul-03;14:29:48;32.716;0.0634631782945737;7.5265;7.5265;1;0.0634631782945737;1;32.716;1;0;NaN;NaN
NED2003036_7;MFD_SETNO7;43.203833;64.9455;257038;5;03-jul-03;15:53:55;NaN;0.390542635658915;NaN;NaN;9;0.390542635658915;1;NaN;9;0;NaN;NaN
NED2003036_7;MFD_SETNO7;43.203833;64.9455;257037;25;03-jul-03;15:53:55;NaN;1.05850368217054;NaN;NaN;9;1.05850368217054;1;NaN;9;0;NaN;NaN
NED2003036_7;MFD_SETNO7;43.203833;64.9455;257036;50;03-jul-03;15:53:55;35.128;0.34172480620155;4.072;4.072;1;0.34172480620155;1;35.128;1;0;NaN;NaN
NED2003036_7;MFD_SETNO7;43.203833;64.9455;257035;163;03-jul-03;15:53:55;32.278;NaN;6.2745;6.2745;1;NaN;9;32.278;1;0;NaN;NaN
NED2003036_9;MFD_SETNO9;43.213333;65.264333;257042;5;03-jul-03;20:12:46;NaN;0.28802519379845;NaN;NaN;9;0.28802519379845;1;NaN;9;0;NaN;NaN
NED2003036_9;MFD_SETNO9;43.213333;65.264333;257041;25;03-jul-03;20:12:46;NaN;0.62975;NaN;NaN;9;0.62975;1;NaN;9;0;NaN;NaN
NED2003036_9;MFD_SETNO9;43.213333;65.264333;257040;50;03-jul-03;20:12:46;33.129;0.258734496124031;4.9965;4.9965;1;0.258734496124031;1;33.129;1;0;NaN;NaN
NED2003036_9;MFD_SETNO9;43.213333;65.264333;257039;138;03-jul-03;20:12:46;31.246;0.0519244186046512;6.314;6.314;1;0.0519244186046512;1;31.246;1;0;NaN;NaN
NED2003036_10;MFD_SETNO10;43.056833;65.545833;257046;5;03-jul-03;22:59:43;31.891;31.896;30.922;30.922;4;31.896;1;31.891;1;6;NaN;NaN
NED2003036_10;MFD_SETNO10;43.056833;65.545833;257045;25;03-jul-03;22:59:43;31.839;32.094;32.35;32.35;4;32.094;1;31.839;1;6;NaN;NaN
NED2003036_10;MFD_SETNO10;43.056833;65.545833;257044;50;03-jul-03;22:59:43;32.079;34.508;31.818;31.818;4;34.508;1;32.079;7;518;NaN;NaN
NED2003036_10;MFD_SETNO10;43.056833;65.545833;257043;125;03-jul-03;22:59:43;6.5285;NaN;1.5684;1.5684;1;NaN;9;6.5285;7;512;NaN;NaN
NED2003036_12;MFD_SETNO12;42.732333;65.602833;257050;5;04-jul-03;02:47:25;0.21968023255814;5.916;NaN;NaN;9;5.916;1;0.21968023255814;1;0;NaN;NaN
NED2003036_12;MFD_SETNO12;42.732333;65.602833;257049;25;04-jul-03;02:47:25;0.595577519379845;NaN;NaN;NaN;9;NaN;9;0.595577519379845;1;0;NaN;NaN
NED2003036_12;MFD_SETNO12;42.732333;65.602833;257048;50;04-jul-03;02:47:25;0.317315891472868;NaN;34.145;34.145;4;NaN;9;0.317315891472868;1;6;NaN;NaN
NED2003036_12;MFD_SETNO12;42.732333;65.602833;257047;101;04-jul-03;02:47:25;0.060578488372093;5.5985;32.606;32.606;4;5.5985;1;0.060578488372093;3;22;NaN;NaN
NED2003036_15;MFD_SETNO15;42.737;65.734;257054;5;04-jul-03;09:16:28;0.107310465116279;6.1965;31.318;31.318;4;6.1965;1;0.107310465116279;1;6;NaN;NaN
NED2003036_15;MFD_SETNO15;42.737;65.734;257053;25;04-jul-03;09:16:28;0.253852713178295;5.931;NaN;NaN;9;5.931;1;0.253852713178295;1;0;NaN;NaN
NED2003036_15;MFD_SETNO15;42.737;65.734;257052;50;04-jul-03;09:16:28;0.919683527131783;NaN;NaN;NaN;9;NaN;9;0.919683527131783;1;0;NaN;NaN
NED2003036_15;MFD_SETNO15;42.737;65.734;257051;97;04-jul-03;09:16:28;1.35349651162791;NaN;33.487;33.487;4;NaN;9;1.35349651162791;1;6;NaN;NaN
NED2003036_16;MFD_SETNO16;42.775;65.895833;257058;5;04-jul-03;11:10:05;32.596;2.88051821705426;5.979;5.979;1;2.88051821705426;1;32.596;1;0;NaN;NaN
NED2003036_16;MFD_SETNO16;42.775;65.895833;257057;25;04-jul-03;11:10:05;31.67;0.0934639534883721;5.7435;5.7435;1;0.0934639534883721;1;31.67;1;0;NaN;NaN
NED2003036_16;MFD_SETNO16;42.775;65.895833;257056;50;04-jul-03;11:10:05;NaN;0.253852713178295;NaN;NaN;9;0.253852713178295;1;NaN;9;0;NaN;NaN
NED2003036_16;MFD_SETNO16;42.775;65.895833;257055;89;04-jul-03;11:10:05;NaN;3.58584709302326;NaN;NaN;9;3.58584709302326;1;NaN;9;0;NaN;NaN
NED2003036_17;MFD_SETNO17;42.699;65.986667;257062;5;04-jul-03;12:35:50;34.377;0.0553860465116279;3.53733333333333;3.53733333333333;1;0.0553860465116279;1;34.377;7;512;NaN;NaN
NED2003036_17;MFD_SETNO17;42.699;65.986667;257061;25;04-jul-03;12:35:50;31.328;0.0553860465116279;6.015;6.015;1;0.0553860465116279;1;31.328;7;512;NaN;NaN
NED2003036_17;MFD_SETNO17;42.699;65.986667;257060;50;04-jul-03;12:35:50;NaN;0.209916666666667;NaN;NaN;9;0.209916666666667;1;NaN;9;0;NaN;NaN
NED2003036_17;MFD_SETNO17;42.699;65.986667;257059;80;04-jul-03;12:35:50;NaN;17.5389147286822;NaN;NaN;9;17.5389147286822;1;NaN;9;0;NaN;NaN
NED2003036_18;MFD_SETNO18;42.778333;66.075833;257066;5;04-jul-03;14:29:34;32.159;0.302670542635659;6.98966666666667;6.98966666666667;1;0.302670542635659;1;32.159;1;0;NaN;NaN
NED2003036_18;MFD_SETNO18;42.778333;66.075833;257065;25;04-jul-03;14:29:34;NaN;1.17997131782946;NaN;NaN;9;1.17997131782946;1;NaN;9;0;NaN;NaN
NED2003036_18;MFD_SETNO18;42.778333;66.075833;257064;50;04-jul-03;14:29:34;NaN;0.134115891472868;NaN;NaN;9;0.134115891472868;1;NaN;9;0;NaN;NaN
NED2003036_18;MFD_SETNO18;42.778333;66.075833;257063;61;04-jul-03;14:29:34;NaN;0.0692325581395349;NaN;NaN;9;0.0692325581395349;1;NaN;9;0;NaN;NaN
NED2003036_19;MFD_SETNO19;42.751333;66.189333;257070;5;04-jul-03;16:41:24;NaN;0.221544186046512;NaN;NaN;9;0.221544186046512;1;NaN;9;0;NaN;NaN
NED2003036_19;MFD_SETNO19;42.751333;66.189333;257069;25;04-jul-03;16:41:24;NaN;0.224562015503876;NaN;NaN;9;0.224562015503876;1;NaN;9;0;NaN;NaN
NED2003036_19;MFD_SETNO19;42.751333;66.189333;257068;50;04-jul-03;16:41:24;NaN;0.27337984496124;NaN;NaN;9;0.27337984496124;1;NaN;9;0;NaN;NaN
NED2003036_19;MFD_SETNO19;42.751333;66.189333;257067;58;04-jul-03;16:41:24;NaN;0.532114341085271;NaN;NaN;9;0.532114341085271;1;NaN;9;0;NaN;NaN
NED2003036_21;MFD_SETNO21;42.7745;66.494333;257074;5;04-jul-03;21:36:46;NaN;0.867625968992248;NaN;NaN;9;0.867625968992248;1;NaN;9;0;NaN;NaN
NED2003036_21;MFD_SETNO21;42.7745;66.494333;257073;25;04-jul-03;21:36:46;NaN;2.77640310077519;NaN;NaN;9;2.77640310077519;1;NaN;9;0;NaN;NaN
NED2003036_21;MFD_SETNO21;42.7745;66.494333;257072;50;04-jul-03;21:36:46;32.872;0.571168604651163;6.2255;6.2255;1;0.571168604651163;1;32.872;1;0;NaN;NaN
NED2003036_21;MFD_SETNO21;42.7745;66.494333;257071;116;04-jul-03;21:36:46;32.438;0.405187984496124;6.868;6.868;1;0.405187984496124;1;32.438;1;0;NaN;NaN
NED2003036_22;MFD_SETNO22;42.779667;66.818333;257078;5;05-jul-03;00:32:41;NaN;2.98463333333333;NaN;NaN;9;2.98463333333333;1;NaN;9;0;NaN;NaN
NED2003036_22;MFD_SETNO22;42.779667;66.818333;257077;25;05-jul-03;00:32:41;NaN;1.0411511627907;NaN;NaN;9;1.0411511627907;1;NaN;9;0;NaN;NaN
NED2003036_22;MFD_SETNO22;42.779667;66.818333;257076;50;05-jul-03;00:32:41;32.963;0.763510852713178;6.2035;6.2035;1;0.763510852713178;1;32.963;1;0;NaN;NaN
NED2003036_22;MFD_SETNO22;42.779667;66.818333;257075;209;05-jul-03;00:32:41;31.875;0.763510852713178;6.797;6.797;1;0.763510852713178;1;31.875;1;0;NaN;NaN
NED2003036_23;MFD_SETNO23;43.047167;67.332;257082;5;05-jul-03;04:16:39;NaN;3.22206550387597;NaN;NaN;9;3.22206550387597;1;NaN;9;0;NaN;NaN
NED2003036_23;MFD_SETNO23;43.047167;67.332;257081;25;05-jul-03;04:16:39;NaN;1.24938139534884;NaN;NaN;9;1.24938139534884;1;NaN;9;0;NaN;NaN
NED2003036_23;MFD_SETNO23;43.047167;67.332;257080;50;05-jul-03;04:16:39;32.825;1.11056124031008;6.4835;6.4835;1;1.11056124031008;1;32.825;1;0;NaN;NaN
NED2003036_23;MFD_SETNO23;43.047167;67.332;257079;199;05-jul-03;04:16:39;32.55;1.12791375968992;6.856;6.856;1;1.12791375968992;1;32.55;1;0;NaN;NaN
NED2003036_24;MFD_SETNO24;43.106;67.3865;257086;5;05-jul-03;06:19:50;NaN;0.317315891472868;NaN;NaN;9;0.317315891472868;1;NaN;9;0;NaN;NaN
NED2003036_24;MFD_SETNO24;43.106;67.3865;257085;25;05-jul-03;06:19:50;NaN;0.919683527131783;NaN;NaN;9;0.919683527131783;1;NaN;9;0;NaN;NaN
NED2003036_24;MFD_SETNO24;43.106;67.3865;257084;50;05-jul-03;06:19:50;34.965;0.780863372093023;2.9215;2.9215;1;0.780863372093023;1;34.965;1;0;NaN;NaN
NED2003036_24;MFD_SETNO24;43.106;67.3865;257083;183;05-jul-03;06:19:50;32.408;0.0328854651162791;7.0455;7.0455;1;0.0328854651162791;1;32.408;1;0;NaN;NaN
NED2003036_25;MFD_SETNO25;43.8215;66.932167;257090;5;05-jul-03;11:27:49;NaN;1.26673391472868;NaN;NaN;9;1.26673391472868;1;NaN;9;0;NaN;NaN
NED2003036_25;MFD_SETNO25;43.8215;66.932167;257089;25;05-jul-03;11:27:49;NaN;1.8914246124031;NaN;NaN;9;1.8914246124031;1;NaN;9;0;NaN;NaN
NED2003036_25;MFD_SETNO25;43.8215;66.932167;257088;50;05-jul-03;11:27:49;33.931;1.68319437984496;5.334;5.334;1;1.68319437984496;1;33.931;1;0;NaN;NaN
NED2003036_25;MFD_SETNO25;43.8215;66.932167;257087;148;05-jul-03;11:27:49;31.13;0.0813482558139535;6.201;6.201;1;0.0813482558139535;1;31.13;1;0;NaN;NaN
NED2003036_26;MFD_SETNO26;43.849833;66.9805;257094;5;05-jul-03;12:08:53;NaN;0.676748255813953;NaN;NaN;9;0.676748255813953;1;NaN;9;0;NaN;NaN
NED2003036_26;MFD_SETNO26;43.849833;66.9805;257093;25;05-jul-03;12:08:53;NaN;2.56817286821705;NaN;NaN;9;2.56817286821705;1;NaN;9;0;NaN;NaN
NED2003036_26;MFD_SETNO26;43.849833;66.9805;257092;50;05-jul-03;12:08:53;34.952;0.124618604651163;4.435;4.435;1;0.124618604651163;1;34.952;1;0;NaN;NaN
NED2003036_26;MFD_SETNO26;43.849833;66.9805;257091;142;05-jul-03;12:08:53;31.996;NaN;4.155;4.155;1;NaN;9;31.996;1;0;NaN;NaN
NED2003036_27;MFD_SETNO27;43.931333;66.941167;257098;5;05-jul-03;14:33:24;NaN;0.850273449612403;NaN;NaN;9;0.850273449612403;1;NaN;9;0;NaN;NaN
NED2003036_27;MFD_SETNO27;43.931333;66.941167;257097;25;05-jul-03;14:33:24;NaN;2.18641744186047;NaN;NaN;9;2.18641744186047;1;NaN;9;0;NaN;NaN
NED2003036_27;MFD_SETNO27;43.931333;66.941167;257096;50;05-jul-03;14:33:24;34.698;0.317315891472868;6.717;6.717;1;0.317315891472868;1;34.698;1;0;NaN;NaN
NED2003036_27;MFD_SETNO27;43.931333;66.941167;257095;156;05-jul-03;14:33:24;32.326;0.013668992248062;6.8085;6.8085;1;0.013668992248062;1;32.326;1;0;NaN;NaN
NED2003036_28;MFD_SETNO28;43.929167;66.501167;257102;5;05-jul-03;18:39:27;NaN;0.832920930232558;NaN;NaN;9;0.832920930232558;1;NaN;9;0;NaN;NaN
NED2003036_28;MFD_SETNO28;43.929167;66.501167;257101;25;05-jul-03;18:39:27;NaN;3.01933837209302;NaN;NaN;9;3.01933837209302;1;NaN;9;0;NaN;NaN
NED2003036_28;MFD_SETNO28;43.929167;66.501167;257100;50;05-jul-03;18:39:27;34.644;0.327079457364341;6.9015;6.9015;1;0.327079457364341;1;34.644;1;0;NaN;NaN
NED2003036_28;MFD_SETNO28;43.929167;66.501167;257099;93;05-jul-03;18:39:27;32.351;NaN;4.4915;4.4915;1;NaN;9;32.351;1;0;NaN;NaN
NED2003036_30;MFD_SETNO30;43.962;66.371333;257106;5;05-jul-03;21:35:42;NaN;2.30788507751938;NaN;NaN;9;2.30788507751938;1;NaN;9;0;NaN;NaN
NED2003036_30;MFD_SETNO30;43.962;66.371333;257105;25;05-jul-03;21:35:42;NaN;2.04759728682171;NaN;NaN;9;2.04759728682171;1;NaN;9;0;NaN;NaN
NED2003036_30;MFD_SETNO30;43.962;66.371333;257104;50;05-jul-03;21:35:42;33.874;1.05850368217054;4.76;4.76;1;1.05850368217054;1;33.874;1;0;NaN;NaN
NED2003036_30;MFD_SETNO30;43.962;66.371333;257103;67;05-jul-03;21:35:42;32.577;0.0380779069767442;6.804;6.804;1;0.0380779069767442;1;32.577;1;0;NaN;NaN
NED2003036_31;MFD_SETNO31;44.086;66.4545;257110;5;05-jul-03;23:16:02;NaN;0.780863372093023;NaN;NaN;9;0.780863372093023;1;NaN;9;0;NaN;NaN
NED2003036_31;MFD_SETNO31;44.086;66.4545;257109;25;05-jul-03;23:16:02;NaN;5.24884864341085;NaN;NaN;9;5.24884864341085;1;NaN;9;0;NaN;NaN
NED2003036_31;MFD_SETNO31;44.086;66.4545;257108;50;05-jul-03;23:16:02;33.789;0.937036046511628;4.8895;4.8895;1;0.937036046511628;1;33.789;1;0;NaN;NaN
NED2003036_31;MFD_SETNO31;44.086;66.4545;257107;83;05-jul-03;23:16:02;32.621;0.0311546511627907;6.8435;6.8435;1;0.0311546511627907;1;32.621;1;0;NaN;NaN
NED2003036_32;MFD_SETNO32;44.119667;66.584667;257114;5;06-jul-03;00:38:31;NaN;0.512587209302326;NaN;NaN;9;0.512587209302326;1;NaN;9;0;NaN;NaN
NED2003036_32;MFD_SETNO32;44.119667;66.584667;257113;25;06-jul-03;00:38:31;NaN;0.463769379844961;NaN;NaN;9;0.463769379844961;1;NaN;9;0;NaN;NaN
NED2003036_32;MFD_SETNO32;44.119667;66.584667;257112;50;06-jul-03;00:38:31;32.657;0.454005813953488;6.3525;6.3525;1;0.454005813953488;1;32.657;1;0;NaN;NaN
NED2003036_32;MFD_SETNO32;44.119667;66.584667;257111;87;06-jul-03;00:38:31;32.613;0.312434108527132;6.733;6.733;1;0.312434108527132;1;32.613;1;0;NaN;NaN
NED2003036_33;MFD_SETNO33;44.329667;66.652;257118;5;06-jul-03;02:44:51;NaN;0.302670542635659;NaN;NaN;9;0.302670542635659;1;NaN;9;0;NaN;NaN
NED2003036_33;MFD_SETNO33;44.329667;66.652;257117;25;06-jul-03;02:44:51;NaN;0.798215891472868;NaN;NaN;9;0.798215891472868;1;NaN;9;0;NaN;NaN
NED2003036_33;MFD_SETNO33;44.329667;66.652;257116;50;06-jul-03;02:44:51;35.037;0.468518023255814;2.4765;2.4765;1;0.468518023255814;1;35.037;1;0;NaN;NaN
NED2003036_33;MFD_SETNO33;44.329667;66.652;257115;190;06-jul-03;02:44:51;32.315;0.0242313953488372;6.5335;6.5335;1;0.0242313953488372;1;32.315;1;0;NaN;NaN
NED2003036_34;MFD_SETNO34;44.297333;66.6045;257122;5;06-jul-03;04:44:53;NaN;1.26673391472868;NaN;NaN;9;1.26673391472868;1;NaN;9;0;NaN;NaN
NED2003036_34;MFD_SETNO34;44.297333;66.6045;257121;25;06-jul-03;04:44:53;NaN;0.937036046511628;NaN;NaN;9;0.937036046511628;1;NaN;9;0;NaN;NaN
NED2003036_34;MFD_SETNO34;44.297333;66.6045;257120;50;06-jul-03;04:44:53;32.084;0.728805813953488;6.5515;6.5515;1;0.728805813953488;1;32.084;1;0;NaN;NaN
NED2003036_34;MFD_SETNO34;44.297333;66.6045;257119;198;06-jul-03;04:44:53;31.369;0.555280620155039;6.228;6.228;1;0.555280620155039;1;31.369;1;0;NaN;NaN
NED2003036_35;MFD_SETNO35;44.437833;66.442;257126;5;06-jul-03;06:50:51;NaN;1.1973238372093;NaN;NaN;9;1.1973238372093;1;NaN;9;0;NaN;NaN
NED2003036_35;MFD_SETNO35;44.437833;66.442;257125;25;06-jul-03;06:50:51;NaN;1.21467635658915;NaN;NaN;9;1.21467635658915;1;NaN;9;0;NaN;NaN
NED2003036_35;MFD_SETNO35;44.437833;66.442;257124;50;06-jul-03;06:50:51;32.44;1.00644612403101;6.4795;6.4795;1;1.00644612403101;1;32.44;1;0;NaN;NaN
NED2003036_35;MFD_SETNO35;44.437833;66.442;257123;194;06-jul-03;06:50:51;31.814;0.589985658914729;6.7395;6.7395;1;0.589985658914729;1;31.814;1;0;NaN;NaN
NED2003036_36;MFD_SETNO36;44.467;66.543667;257130;5;06-jul-03;08:42:31;NaN;1.71789941860465;NaN;NaN;9;1.71789941860465;1;NaN;9;0;NaN;NaN
NED2003036_36;MFD_SETNO36;44.467;66.543667;257129;25;06-jul-03;08:42:31;NaN;2.16906492248062;NaN;NaN;9;2.16906492248062;1;NaN;9;0;NaN;NaN
NED2003036_36;MFD_SETNO36;44.467;66.543667;257128;50;06-jul-03;08:42:31;32.749;0.832920930232558;6.2505;6.2505;1;0.832920930232558;1;32.749;1;0;NaN;NaN
NED2003036_36;MFD_SETNO36;44.467;66.543667;257127;201;06-jul-03;08:42:31;32.125;0.537928100775194;6.6995;6.6995;1;0.537928100775194;1;32.125;1;0;NaN;NaN
NED2003036_37;MFD_SETNO37;44.522333;66.330333;257134;5;06-jul-03;10:57:08;NaN;3.58584709302326;NaN;NaN;9;3.58584709302326;1;NaN;9;0;NaN;NaN
NED2003036_37;MFD_SETNO37;44.522333;66.330333;257133;25;06-jul-03;10:57:08;NaN;1.56172674418605;NaN;NaN;9;1.56172674418605;1;NaN;9;0;NaN;NaN
NED2003036_37;MFD_SETNO37;44.522333;66.330333;257132;50;06-jul-03;10:57:08;33.391;0.497941860465116;5.3955;5.3955;1;0.497941860465116;1;33.391;1;0;NaN;NaN
NED2003036_37;MFD_SETNO37;44.522333;66.330333;257131;153;06-jul-03;10:57:08;32.525;0.0976356589147287;6.743;6.743;1;0.0976356589147287;1;32.525;1;0;NaN;NaN
NED2003036_38;MFD_SETNO38;44.6055;66.334833;257138;5;06-jul-03;12:22:52;NaN;1.56172674418605;NaN;NaN;9;1.56172674418605;1;NaN;9;0;NaN;NaN
NED2003036_38;MFD_SETNO38;44.6055;66.334833;257137;25;06-jul-03;12:22:52;NaN;1.75260445736434;NaN;NaN;9;1.75260445736434;1;NaN;9;0;NaN;NaN
NED2003036_38;MFD_SETNO38;44.6055;66.334833;257136;50;06-jul-03;12:22:52;33.393;0.572633139534884;6.637;6.637;1;0.572633139534884;1;33.393;1;0;NaN;NaN
NED2003036_38;MFD_SETNO38;44.6055;66.334833;257135;122;06-jul-03;12:22:52;32.325;NaN;6.9415;6.9415;1;NaN;9;32.325;1;0;NaN;NaN
NED2003036_39;MFD_SETNO39;44.832833;65.786167;257142;5;06-jul-03;15:57:17;32.387;5.4567238372093;6.792;6.792;1;5.4567238372093;1;32.387;1;0;NaN;NaN
NED2003036_39;MFD_SETNO39;44.832833;65.786167;257141;25;06-jul-03;15:57:17;32.565;NaN;6.2005;6.2005;1;NaN;9;32.565;1;0;NaN;NaN
NED2003036_39;MFD_SETNO39;44.832833;65.786167;257140;50;06-jul-03;15:57:17;NaN;1.02379864341085;NaN;NaN;9;1.02379864341085;1;NaN;9;0;NaN;NaN
NED2003036_39;MFD_SETNO39;44.832833;65.786167;257139;84;06-jul-03;15:57:17;32.44;NaN;5.4295;5.4295;1;NaN;9;32.44;1;0;NaN;NaN
NED2003036_40;MFD_SETNO40;44.997333;65.248667;257146;5;06-jul-03;18:42:14;NaN;6.65200620155039;NaN;NaN;9;6.65200620155039;1;NaN;9;0;NaN;NaN
NED2003036_40;MFD_SETNO40;44.997333;65.248667;257145;25;06-jul-03;18:42:14;NaN;3.68978468992248;NaN;NaN;9;3.68978468992248;1;NaN;9;0;NaN;NaN
NED2003036_40;MFD_SETNO40;44.997333;65.248667;257144;50;06-jul-03;18:42:14;33.024;0.317315891472868;5.6285;5.6285;1;0.317315891472868;1;33.024;1;0;NaN;NaN
NED2003036_40;MFD_SETNO40;44.997333;65.248667;257143;64;06-jul-03;18:42:14;32.329;0.277640310077519;6.955;6.955;1;0.277640310077519;1;32.329;1;0;NaN;NaN
NED2003036_42;MFD_SETNO42;45.045667;65.291167;257150;5;06-jul-03;21:12:50;NaN;4.6252230620155;NaN;NaN;9;4.6252230620155;1;NaN;9;0;NaN;NaN
NED2003036_42;MFD_SETNO42;45.045667;65.291167;257149;25;06-jul-03;21:12:50;NaN;2.60287790697674;NaN;NaN;9;2.60287790697674;1;NaN;9;0;NaN;NaN
NED2003036_42;MFD_SETNO42;45.045667;65.291167;257148;50;06-jul-03;21:12:50;33.092;0.649277131782946;5.5625;5.5625;1;0.649277131782946;1;33.092;1;0;NaN;NaN
NED2003036_42;MFD_SETNO42;45.045667;65.291167;257147;72;06-jul-03;21:12:50;32.111;0.190389534883721;7.108;7.108;1;0.190389534883721;1;32.111;1;0;NaN;NaN
NED2003036_43;MFD_SETNO43;45.260833;65.089333;257154;5;06-jul-03;23:46:36;NaN;1.70054689922481;NaN;NaN;9;1.70054689922481;1;NaN;9;0;NaN;NaN
NED2003036_43;MFD_SETNO43;45.260833;65.089333;257153;25;06-jul-03;23:46:36;NaN;2.49450232558139;NaN;NaN;9;2.49450232558139;1;NaN;9;0;NaN;NaN
NED2003036_43;MFD_SETNO43;45.260833;65.089333;257152;50;06-jul-03;23:46:36;32.332;2.44253352713178;6.396;6.396;1;2.44253352713178;1;32.332;1;0;NaN;NaN
NED2003036_43;MFD_SETNO43;45.260833;65.089333;257151;59;06-jul-03;23:46:36;31.873;5.19687984496124;7.456;7.456;1;5.19687984496124;1;31.873;1;0;NaN;NaN
NED2003036_44;MFD_SETNO44;45.213833;65.642333;257158;5;07-jul-03;02:27:07;NaN;0.27337984496124;NaN;NaN;9;0.27337984496124;1;NaN;9;0;NaN;NaN
NED2003036_44;MFD_SETNO44;45.213833;65.642333;257157;25;07-jul-03;02:27:07;NaN;0.737149224806201;NaN;NaN;9;0.737149224806201;1;NaN;9;0;NaN;NaN
NED2003036_44;MFD_SETNO44;45.213833;65.642333;257156;50;07-jul-03;02:27:07;32.184;0.263616279069767;6.755;6.755;1;0.263616279069767;1;32.184;1;0;NaN;NaN
NED2003036_44;MFD_SETNO44;45.213833;65.642333;257155;59;07-jul-03;02:27:07;32.062;0.239207364341085;6.78;6.78;1;0.239207364341085;1;32.062;1;0;NaN;NaN
NED2003036_45;MFD_SETNO45;45.124333;65.652833;257162;5;07-jul-03;03:47:42;NaN;1.63113682170543;NaN;NaN;9;1.63113682170543;1;NaN;9;0;NaN;NaN
NED2003036_45;MFD_SETNO45;45.124333;65.652833;257161;25;07-jul-03;03:47:42;NaN;1.76995697674419;NaN;NaN;9;1.76995697674419;1;NaN;9;0;NaN;NaN
NED2003036_45;MFD_SETNO45;45.124333;65.652833;257160;50;07-jul-03;03:47:42;32.159;1.8914246124031;6.703;6.703;1;1.8914246124031;1;32.159;1;0;NaN;NaN
NED2003036_45;MFD_SETNO45;45.124333;65.652833;257159;68;07-jul-03;03:47:42;30.879;1.59643178294574;6.3555;6.3555;1;1.59643178294574;1;30.879;1;0;NaN;NaN
NED2003036_47;MFD_SETNO47;45.1875;65.8015;257166;5;07-jul-03;07:06:08;NaN;2.09965484496124;NaN;NaN;9;2.09965484496124;1;NaN;9;0;NaN;NaN
NED2003036_47;MFD_SETNO47;45.1875;65.8015;257165;25;07-jul-03;07:06:08;NaN;1.21467635658915;NaN;NaN;9;1.21467635658915;1;NaN;9;0;NaN;NaN
NED2003036_47;MFD_SETNO47;45.1875;65.8015;257164;50;07-jul-03;07:06:08;32.196;1.30143895348837;6.7475;6.7475;1;1.30143895348837;1;32.196;1;0;NaN;NaN
NED2003036_47;MFD_SETNO47;45.1875;65.8015;257163;63;07-jul-03;07:06:08;32.179;1.47496414728682;6.706;6.706;1;1.47496414728682;1;32.179;1;0;NaN;NaN
NED2003036_48;MFD_SETNO48;45.128333;66.111;257170;5;07-jul-03;09:16:47;NaN;1.11056124031008;NaN;NaN;9;1.11056124031008;1;NaN;9;0;NaN;NaN
NED2003036_48;MFD_SETNO48;45.128333;66.111;257169;25;07-jul-03;09:16:47;NaN;1.56172674418605;NaN;NaN;9;1.56172674418605;1;NaN;9;0;NaN;NaN
NED2003036_48;MFD_SETNO48;45.128333;66.111;257168;50;07-jul-03;09:16:47;31.941;1.81890794573643;7.1675;7.1675;1;1.81890794573643;1;31.941;1;0;NaN;NaN
NED2003036_48;MFD_SETNO48;45.128333;66.111;257167;67;07-jul-03;09:16:47;32.107;1.71497034883721;6.7575;6.7575;1;1.71497034883721;1;32.107;1;0;NaN;NaN
NED2003036_49;MFD_SETNO49;45.075333;66.3545;257173;5;07-jul-03;11:03:46;NaN;1.96083468992248;NaN;NaN;9;1.96083468992248;1;NaN;9;0;NaN;NaN
NED2003036_49;MFD_SETNO49;45.075333;66.3545;257172;25;07-jul-03;11:03:46;31.851;2.03024476744186;7.2155;7.2155;1;2.03024476744186;1;31.851;1;0;NaN;NaN
NED2003036_49;MFD_SETNO49;45.075333;66.3545;257171;49;07-jul-03;11:03:46;31.741;2.35994263565892;7.2375;7.2375;1;2.35994263565892;1;31.741;1;0;NaN;NaN
NED2003036_50;MFD_SETNO50;45.018667;66.528167;257176;5;07-jul-03;12:24:23;31.754;2.28662713178295;7.2055;7.2055;1;2.28662713178295;1;31.754;1;0;NaN;NaN
NED2003036_50;MFD_SETNO50;45.018667;66.528167;257175;25;07-jul-03;12:24:23;32.111;3.53926600775194;7.179;7.179;1;3.53926600775194;1;32.111;1;0;NaN;NaN
NED2003036_50;MFD_SETNO50;45.018667;66.528167;257174;53;07-jul-03;12:24:23;NaN;1.33614399224806;NaN;NaN;9;1.33614399224806;1;NaN;9;0;NaN;NaN
NED2003036_51;MFD_SETNO51;44.968;66.763;257180;5;07-jul-03;14:04:50;32.208;0.971741085271318;6.9305;6.9305;1;0.971741085271318;1;32.208;1;0;NaN;NaN
NED2003036_51;MFD_SETNO51;44.968;66.763;257179;25;07-jul-03;14:04:50;31.687;0.902331007751938;7.195;7.195;1;0.902331007751938;1;31.687;1;0;NaN;NaN
NED2003036_51;MFD_SETNO51;44.968;66.763;257178;50;07-jul-03;14:04:50;NaN;1.07585620155039;NaN;NaN;9;1.07585620155039;1;NaN;9;0;NaN;NaN
NED2003036_51;MFD_SETNO51;44.968;66.763;257177;76;07-jul-03;14:04:50;NaN;1.14526627906977;NaN;NaN;9;1.14526627906977;1;NaN;9;0;NaN;NaN
NED2003036_52;MFD_SETNO52;44.829167;66.813167;257184;5;07-jul-03;15:48:46;31.915;0.989093604651163;7.0815;7.0815;1;0.989093604651163;1;31.915;1;0;NaN;NaN
NED2003036_52;MFD_SETNO52;44.829167;66.813167;257183;25;07-jul-03;15:48:46;31.561;1.05850368217054;7.1505;7.1505;1;1.05850368217054;1;31.561;1;0;NaN;NaN
NED2003036_52;MFD_SETNO52;44.829167;66.813167;257182;50;07-jul-03;15:48:46;NaN;1.12791375968992;NaN;NaN;9;1.12791375968992;1;NaN;9;0;NaN;NaN
NED2003036_52;MFD_SETNO52;44.829167;66.813167;257181;114;07-jul-03;15:48:46;NaN;0.954388565891473;NaN;NaN;9;0.954388565891473;1;NaN;9;0;NaN;NaN
NED2003036_53;MFD_SETNO53;44.791667;66.8325;257188;5;07-jul-03;18:34:24;NaN;0.790848837209302;NaN;NaN;9;0.790848837209302;1;NaN;9;0;NaN;NaN
NED2003036_53;MFD_SETNO53;44.791667;66.8325;257187;25;07-jul-03;18:34:24;32.495;0.175744186046512;6.1715;6.1715;1;0.175744186046512;1;32.495;1;0;NaN;NaN
NED2003036_53;MFD_SETNO53;44.791667;66.8325;257186;50;07-jul-03;18:34:24;31.387;0.0709633720930233;7.3275;7.3275;1;0.0709633720930233;1;31.387;1;0;NaN;NaN
NED2003036_53;MFD_SETNO53;44.791667;66.8325;257185;94;07-jul-03;18:34:24;NaN;1.57907926356589;NaN;NaN;9;1.57907926356589;1;NaN;9;0;NaN;NaN
NED2003036_54;MFD_SETNO54;44.165;67.031167;257192;5;07-jul-03;23:10:24;NaN;5.71656782945736;NaN;NaN;9;5.71656782945736;1;NaN;9;0;NaN;NaN
NED2003036_54;MFD_SETNO54;44.165;67.031167;257191;25;07-jul-03;23:10:24;31.919;1.30143895348837;6.9745;6.9745;1;1.30143895348837;1;31.919;1;0;NaN;NaN
NED2003036_54;MFD_SETNO54;44.165;67.031167;257190;50;07-jul-03;23:10:24;30.948;1.21467635658915;6.216;6.216;1;1.21467635658915;1;30.948;1;0;NaN;NaN
NED2003036_54;MFD_SETNO54;44.165;67.031167;257189;150;07-jul-03;23:10:24;NaN;0.234325581395349;NaN;NaN;9;0.234325581395349;1;NaN;9;0;NaN;NaN
NED2003036_55;MFD_SETNO55;44.137167;67.093167;257196;5;08-jul-03;00:55:25;NaN;2.7416980620155;NaN;NaN;9;2.7416980620155;1;NaN;9;0;NaN;NaN
NED2003036_55;MFD_SETNO55;44.137167;67.093167;257195;25;08-jul-03;00:55:25;NaN;1.8914246124031;NaN;NaN;9;1.8914246124031;1;NaN;9;0;NaN;NaN
NED2003036_55;MFD_SETNO55;44.137167;67.093167;257194;50;08-jul-03;00:55:25;32.254;0.642043217054264;6.554;6.554;1;0.642043217054264;1;32.254;1;0;NaN;NaN
NED2003036_55;MFD_SETNO55;44.137167;67.093167;257193;67;08-jul-03;00:55:25;31.637;0.642043217054264;7.9595;7.9595;1;0.642043217054264;1;31.637;1;0;NaN;NaN
NED2003036_56;MFD_SETNO56;44.147333;67.2335;257200;5;08-jul-03;02:42:51;NaN;2.81110813953488;NaN;NaN;9;2.81110813953488;1;NaN;9;0;NaN;NaN
NED2003036_56;MFD_SETNO56;44.147333;67.2335;257199;25;08-jul-03;02:42:51;NaN;1.37084903100775;NaN;NaN;9;1.37084903100775;1;NaN;9;0;NaN;NaN
NED2003036_56;MFD_SETNO56;44.147333;67.2335;257198;50;08-jul-03;02:42:51;32.445;0.711453294573643;6.455;6.455;1;0.711453294573643;1;32.445;1;0;NaN;NaN
NED2003036_56;MFD_SETNO56;44.147333;67.2335;257197;140;08-jul-03;02:42:51;31.672;0.659395736434109;7.841;7.841;1;0.659395736434109;1;31.672;1;0;NaN;NaN
NED2003036_57;MFD_SETNO57;43.7095;67.216167;257204;5;08-jul-03;06:11:26;NaN;1.66584186046512;NaN;NaN;9;1.66584186046512;1;NaN;9;0;NaN;NaN
NED2003036_57;MFD_SETNO57;43.7095;67.216167;257203;25;08-jul-03;06:11:26;NaN;1.44025910852713;NaN;NaN;9;1.44025910852713;1;NaN;9;0;NaN;NaN
NED2003036_57;MFD_SETNO57;43.7095;67.216167;257202;50;08-jul-03;06:11:26;32.066;1.11056124031008;6.909;6.909;1;1.11056124031008;1;32.066;1;0;NaN;NaN
NED2003036_57;MFD_SETNO57;43.7095;67.216167;257201;160;08-jul-03;06:11:26;31.548;0.971741085271318;7.69;7.69;1;0.971741085271318;1;31.548;1;0;NaN;NaN
NED2003036_58;MFD_SETNO58;43.2045;67.579667;257208;5;08-jul-03;10:44:45;NaN;2.13072073643411;NaN;NaN;9;2.13072073643411;1;NaN;9;0;NaN;NaN
NED2003036_58;MFD_SETNO58;43.2045;67.579667;257207;25;08-jul-03;10:44:45;NaN;3.53387829457364;NaN;NaN;9;3.53387829457364;1;NaN;9;0;NaN;NaN
NED2003036_58;MFD_SETNO58;43.2045;67.579667;257206;50;08-jul-03;10:44:45;33.463;0.615104651162791;5.4115;5.4115;1;0.615104651162791;1;33.463;1;0;NaN;NaN
NED2003036_58;MFD_SETNO58;43.2045;67.579667;257205;202;08-jul-03;10:44:45;31.917;0.112281007751938;7.172;7.172;1;0.112281007751938;1;31.917;1;0;NaN;NaN
NED2003036_59;MFD_SETNO59;42.732167;67.46;257212;5;08-jul-03;14:37:07;NaN;1.90877713178295;NaN;NaN;9;1.90877713178295;1;NaN;9;0;NaN;NaN
NED2003036_59;MFD_SETNO59;42.732167;67.46;257211;25;08-jul-03;14:37:07;NaN;4.72916065891473;NaN;NaN;9;4.72916065891473;1;NaN;9;0;NaN;NaN
NED2003036_59;MFD_SETNO59;42.732167;67.46;257210;50;08-jul-03;14:37:07;33.559;0.190389534883721;5.3165;5.3165;1;0.190389534883721;1;33.559;1;0;NaN;NaN
NED2003036_59;MFD_SETNO59;42.732167;67.46;257209;203;08-jul-03;14:37:07;32.714;0.122044573643411;7.6065;7.6065;1;0.122044573643411;1;32.714;1;0;NaN;NaN
NED2003036_60;MFD_SETNO60;42.4305;67.1735;257216;5;08-jul-03;17:43:26;NaN;0.390542635658915;NaN;NaN;9;0.390542635658915;1;NaN;9;0;NaN;NaN
NED2003036_60;MFD_SETNO60;42.4305;67.1735;257215;25;08-jul-03;17:43:26;NaN;3.48190949612403;NaN;NaN;9;3.48190949612403;1;NaN;9;0;NaN;NaN
NED2003036_60;MFD_SETNO60;42.4305;67.1735;257214;50;08-jul-03;17:43:26;34.066;0.209916666666667;4.669;4.669;1;0.209916666666667;1;34.066;1;0;NaN;NaN
NED2003036_60;MFD_SETNO60;42.4305;67.1735;257213;358;08-jul-03;17:43:26;32.738;0.0328854651162791;7.0815;7.0815;1;0.0328854651162791;1;32.738;1;0;NaN;NaN
NED2003036_61;MFD_SETNO61;42.4255;66.805667;257220;5;08-jul-03;20:33:10;NaN;0.336843023255814;NaN;NaN;9;0.336843023255814;1;NaN;9;0;NaN;NaN
NED2003036_61;MFD_SETNO61;42.4255;66.805667;257219;25;08-jul-03;20:33:10;NaN;1.1973238372093;NaN;NaN;9;1.1973238372093;1;NaN;9;0;NaN;NaN
NED2003036_61;MFD_SETNO61;42.4255;66.805667;257218;50;08-jul-03;20:33:10;34.549;0.13668992248062;6.5055;6.5055;1;0.13668992248062;1;34.549;1;0;NaN;NaN
NED2003036_61;MFD_SETNO61;42.4255;66.805667;257217;351;08-jul-03;20:33:10;32.586;NaN;6.4765;6.4765;1;NaN;9;32.586;1;0;NaN;NaN
NED2003036_62;MFD_SETNO62;42.725833;66.479833;257224;5;08-jul-03;23:53:55;NaN;1.21467635658915;NaN;NaN;9;1.21467635658915;1;NaN;9;0;NaN;NaN
NED2003036_62;MFD_SETNO62;42.725833;66.479833;257223;25;08-jul-03;23:53:55;NaN;2.0787519379845;NaN;NaN;9;2.0787519379845;1;NaN;9;0;NaN;NaN
NED2003036_62;MFD_SETNO62;42.725833;66.479833;257222;50;08-jul-03;23:53:55;34.793;0.522350775193798;4.1835;4.1835;1;0.522350775193798;1;34.793;1;0;NaN;NaN
NED2003036_62;MFD_SETNO62;42.725833;66.479833;257221;127;08-jul-03;23:53:55;32.337;NaN;4.381;4.381;1;NaN;9;32.337;1;0;NaN;NaN
NED2003036_63;MFD_SETNO63;42.604;66.409833;257228;5;09-jul-03;01:35:18;NaN;0.28802519379845;NaN;NaN;9;0.28802519379845;1;NaN;9;0;NaN;NaN
NED2003036_63;MFD_SETNO63;42.604;66.409833;257227;25;09-jul-03;01:35:18;NaN;2.464;NaN;NaN;9;2.464;1;NaN;9;0;NaN;NaN
NED2003036_63;MFD_SETNO63;42.604;66.409833;257226;50;09-jul-03;01:35:18;33.541;0.283143410852713;4.3185;4.3185;1;0.283143410852713;1;33.541;1;0;NaN;NaN
NED2003036_63;MFD_SETNO63;42.604;66.409833;257225;178;09-jul-03;01:35:18;32.369;0.0398087209302325;6.886;6.886;1;0.0398087209302325;1;32.369;1;0;NaN;NaN
NED2003036_64;MFD_SETNO64;42.389833;66.406833;257232;5;09-jul-03;05:04:34;NaN;0.676748255813953;NaN;NaN;9;0.676748255813953;1;NaN;9;0;NaN;NaN
NED2003036_64;MFD_SETNO64;42.389833;66.406833;257231;25;09-jul-03;05:04:34;NaN;2.23465833333333;NaN;NaN;9;2.23465833333333;1;NaN;9;0;NaN;NaN
NED2003036_64;MFD_SETNO64;42.389833;66.406833;257230;50;09-jul-03;05:04:34;35.03;0.317315891472868;4.0305;4.0305;1;0.317315891472868;1;35.03;1;0;NaN;NaN
NED2003036_64;MFD_SETNO64;42.389833;66.406833;257229;264;09-jul-03;05:04:34;30.823;NaN;5.243;5.243;1;NaN;9;30.823;1;0;NaN;NaN
NED2003036_65;MFD_SETNO65;42.383833;66.085333;257236;5;09-jul-03;07:36:55;NaN;0.468651162790698;NaN;NaN;9;0.468651162790698;1;NaN;9;0;NaN;NaN
NED2003036_65;MFD_SETNO65;42.383833;66.085333;257235;25;09-jul-03;07:36:55;NaN;1.99553972868217;NaN;NaN;9;1.99553972868217;1;NaN;9;0;NaN;NaN
NED2003036_65;MFD_SETNO65;42.383833;66.085333;257234;50;09-jul-03;07:36:55;35.025;0.156217054263566;4.0295;4.0295;1;0.156217054263566;1;35.025;1;0;NaN;NaN
NED2003036_65;MFD_SETNO65;42.383833;66.085333;257233;255;09-jul-03;07:36:55;32.312;NaN;6.594;6.594;1;NaN;9;32.312;1;0;NaN;NaN
NED2003036_66;MFD_SETNO66;42.468333;65.9645;257240;5;09-jul-03;09:44:26;NaN;0.488178294573643;NaN;NaN;9;0.488178294573643;1;NaN;9;0;NaN;NaN
NED2003036_66;MFD_SETNO66;42.468333;65.9645;257239;25;09-jul-03;09:44:26;NaN;1.59643178294574;NaN;NaN;9;1.59643178294574;1;NaN;9;0;NaN;NaN
NED2003036_66;MFD_SETNO66;42.468333;65.9645;257238;50;09-jul-03;09:44:26;34.052;1.40555406976744;5.078;5.078;1;1.40555406976744;1;34.052;1;0;NaN;NaN
NED2003036_66;MFD_SETNO66;42.468333;65.9645;257237;175;09-jul-03;09:44:26;32.322;0.060578488372093;6.508;6.508;1;0.060578488372093;1;32.322;1;0;NaN;NaN
NED2003036_67;MFD_SETNO67;42.555;65.922333;257244;5;09-jul-03;11:24:25;NaN;0.307552325581395;NaN;NaN;9;0.307552325581395;1;NaN;9;0;NaN;NaN
NED2003036_67;MFD_SETNO67;42.555;65.922333;257243;25;09-jul-03;11:24:25;NaN;1.0411511627907;NaN;NaN;9;1.0411511627907;1;NaN;9;0;NaN;NaN
NED2003036_67;MFD_SETNO67;42.555;65.922333;257242;50;09-jul-03;11:24:25;34.647;0.170862403100775;4.602;4.602;1;0.170862403100775;1;34.647;1;0;NaN;NaN
NED2003036_67;MFD_SETNO67;42.555;65.922333;257241;101;09-jul-03;11:24:25;31.775;NaN;6.4675;6.4675;1;NaN;9;31.775;1;0;NaN;NaN
NED2003036_68;MFD_SETNO68;42.587167;65.816;257248;5;09-jul-03;12:28:14;NaN;0.468651162790698;NaN;NaN;9;0.468651162790698;1;NaN;9;0;NaN;NaN
NED2003036_68;MFD_SETNO68;42.587167;65.816;257247;25;09-jul-03;12:28:14;NaN;0.639513565891473;NaN;NaN;9;0.639513565891473;1;NaN;9;0;NaN;NaN
NED2003036_68;MFD_SETNO68;42.587167;65.816;257246;50;09-jul-03;12:28:14;34.991;0.649277131782946;4.003;4.003;1;0.649277131782946;1;34.991;1;0;NaN;NaN
NED2003036_68;MFD_SETNO68;42.587167;65.816;257245;85;09-jul-03;12:28:14;32;NaN;6.32;6.32;1;NaN;9;32;1;0;NaN;NaN
NED2003036_70;MFD_SETNO70;42.594;65.738167;257252;5;09-jul-03;17:21:44;NaN;0.234325581395349;NaN;NaN;9;0.234325581395349;1;NaN;9;0;NaN;NaN
NED2003036_70;MFD_SETNO70;42.594;65.738167;257251;25;09-jul-03;17:21:44;NaN;0.536996124031008;NaN;NaN;9;0.536996124031008;1;NaN;9;0;NaN;NaN
NED2003036_70;MFD_SETNO70;42.594;65.738167;257250;50;09-jul-03;17:21:44;34.84;0.380779069767442;4.4445;4.4445;1;0.380779069767442;1;34.84;1;0;NaN;NaN
NED2003036_70;MFD_SETNO70;42.594;65.738167;257249;90;09-jul-03;17:21:44;31.964;NaN;6.349;6.349;1;NaN;9;31.964;1;0;NaN;NaN
NED2003036_71;MFD_SETNO71;42.479333;65.737667;257256;5;09-jul-03;19:34:14;NaN;0.419833333333333;NaN;NaN;9;0.419833333333333;1;NaN;9;0;NaN;NaN
NED2003036_71;MFD_SETNO71;42.479333;65.737667;257255;25;09-jul-03;19:34:14;NaN;0.395424418604651;NaN;NaN;9;0.395424418604651;1;NaN;9;0;NaN;NaN
NED2003036_71;MFD_SETNO71;42.479333;65.737667;257254;50;09-jul-03;19:34:14;33.915;0.146453488372093;5.2265;5.2265;1;0.146453488372093;1;33.915;1;0;NaN;NaN
NED2003036_71;MFD_SETNO71;42.479333;65.737667;257253;92;09-jul-03;19:34:14;32.886;0.120091860465116;5.995;5.995;1;0.120091860465116;1;32.886;1;0;NaN;NaN
NED2003036_72;MFD_SETNO72;42.599167;65.438833;257260;5;09-jul-03;21:55:38;NaN;0.375897286821705;NaN;NaN;9;0.375897286821705;1;NaN;9;0;NaN;NaN
NED2003036_72;MFD_SETNO72;42.599167;65.438833;257259;25;09-jul-03;21:55:38;NaN;0.663922480620155;NaN;NaN;9;0.663922480620155;1;NaN;9;0;NaN;NaN
NED2003036_72;MFD_SETNO72;42.599167;65.438833;257258;50;09-jul-03;21:55:38;33.862;0.380779069767442;5.28;5.28;1;0.380779069767442;1;33.862;1;0;NaN;NaN
NED2003036_72;MFD_SETNO72;42.599167;65.438833;257257;92;09-jul-03;21:55:38;32.323;0.117162790697674;6.3495;6.3495;1;0.117162790697674;1;32.323;1;0;NaN;NaN
NED2003036_73;MFD_SETNO73;42.529667;65.396;257264;5;09-jul-03;23:25:56;NaN;0.214798449612403;NaN;NaN;9;0.214798449612403;1;NaN;9;0;NaN;NaN
NED2003036_73;MFD_SETNO73;42.529667;65.396;257263;25;09-jul-03;23:25:56;NaN;0.248970930232558;NaN;NaN;9;0.248970930232558;1;NaN;9;0;NaN;NaN
NED2003036_73;MFD_SETNO73;42.529667;65.396;257262;50;09-jul-03;23:25:56;33.549;0.253852713178295;4.3555;4.3555;1;0.253852713178295;1;33.549;1;0;NaN;NaN
NED2003036_73;MFD_SETNO73;42.529667;65.396;257261;98;09-jul-03;23:25:56;32.257;0.0242313953488372;6.296;6.296;1;0.0242313953488372;1;32.257;1;0;NaN;NaN
NED2003036_74;MFD_SETNO74;42.384333;65.199333;257268;5;10-jul-03;01:34:49;NaN;1.11056124031008;NaN;NaN;9;1.11056124031008;1;NaN;9;0;NaN;NaN
NED2003036_74;MFD_SETNO74;42.384333;65.199333;257267;25;10-jul-03;01:34:49;NaN;1.49231666666667;NaN;NaN;9;1.49231666666667;1;NaN;9;0;NaN;NaN
NED2003036_74;MFD_SETNO74;42.384333;65.199333;257266;50;10-jul-03;01:34:49;33.921;0.126926356589147;5.2855;5.2855;1;0.126926356589147;1;33.921;1;0;NaN;NaN
NED2003036_74;MFD_SETNO74;42.384333;65.199333;257265;117;10-jul-03;01:34:49;30.884;0.117162790697674;6.1355;6.1355;1;0.117162790697674;1;30.884;1;0;NaN;NaN
NED2003036_75;MFD_SETNO75;42.323;64.947167;257272;5;10-jul-03;04:19:53;NaN;0.28802519379845;NaN;NaN;9;0.28802519379845;1;NaN;9;0;NaN;NaN
NED2003036_75;MFD_SETNO75;42.323;64.947167;257271;25;10-jul-03;04:19:53;NaN;0.541877906976744;NaN;NaN;9;0.541877906976744;1;NaN;9;0;NaN;NaN
NED2003036_75;MFD_SETNO75;42.323;64.947167;257270;50;10-jul-03;04:19:53;34.008;0.161098837209302;5.2415;5.2415;1;0.161098837209302;1;34.008;1;0;NaN;NaN
NED2003036_75;MFD_SETNO75;42.323;64.947167;257269;648;10-jul-03;04:19:53;32.071;0.161098837209302;6.9565;6.9565;1;0.161098837209302;1;32.071;1;0;NaN;NaN
NED2003036_76;MFD_SETNO76;42.407833;64.982;257276;5;10-jul-03;07:51:02;NaN;0.954388565891473;NaN;NaN;9;0.954388565891473;1;NaN;9;0;NaN;NaN
NED2003036_76;MFD_SETNO76;42.407833;64.982;257275;25;10-jul-03;07:51:02;NaN;1.07585620155039;NaN;NaN;9;1.07585620155039;1;NaN;9;0;NaN;NaN
NED2003036_76;MFD_SETNO76;42.407833;64.982;257274;50;10-jul-03;07:51:02;33.284;0.239207364341085;5.76;5.76;1;0.239207364341085;1;33.284;1;0;NaN;NaN
NED2003036_76;MFD_SETNO76;42.407833;64.982;257273;133;10-jul-03;07:51:02;32.373;0.165980620155039;6.179;6.179;1;0.165980620155039;1;32.373;1;0;NaN;NaN
NED2003036_77;MFD_SETNO77;42.710167;65.0405;257280;5;10-jul-03;10:21:38;NaN;0.850273449612403;NaN;NaN;9;0.850273449612403;1;NaN;9;0;NaN;NaN
NED2003036_77;MFD_SETNO77;42.710167;65.0405;257279;25;10-jul-03;10:21:38;NaN;1.49231666666667;NaN;NaN;9;1.49231666666667;1;NaN;9;0;NaN;NaN
NED2003036_77;MFD_SETNO77;42.710167;65.0405;257278;50;10-jul-03;10:21:38;33.218;0.610222868217054;5.745;5.745;1;0.610222868217054;1;33.218;1;0;NaN;NaN
NED2003036_77;MFD_SETNO77;42.710167;65.0405;257277;103;10-jul-03;10:21:38;32.063;0.185507751937984;6.522;6.522;1;0.185507751937984;1;32.063;1;0;NaN;NaN
NED2003036_78;MFD_SETNO78;42.988167;64.981333;257284;5;10-jul-03;12:45:36;NaN;0.711453294573644;NaN;NaN;9;0.711453294573644;1;NaN;9;0;NaN;NaN
NED2003036_78;MFD_SETNO78;42.988167;64.981333;257283;25;10-jul-03;12:45:36;NaN;0.971741085271318;NaN;NaN;9;0.971741085271318;1;NaN;9;0;NaN;NaN
NED2003036_78;MFD_SETNO78;42.988167;64.981333;257282;50;10-jul-03;12:45:36;33.202;0.520575581395349;5.845;5.845;1;0.520575581395349;1;33.202;1;0;NaN;NaN
NED2003036_78;MFD_SETNO78;42.988167;64.981333;257281;106;10-jul-03;12:45:36;31.885;0.0398087209302325;6.5775;6.5775;1;0.0398087209302325;1;31.885;1;0;NaN;NaN
NED2003036_79;MFD_SETNO79;42.918667;64.828833;257288;5;10-jul-03;14:31:46;NaN;0.185507751937984;NaN;NaN;9;0.185507751937984;1;NaN;9;0;NaN;NaN
NED2003036_79;MFD_SETNO79;42.918667;64.828833;257287;25;10-jul-03;14:31:46;NaN;0.283143410852713;NaN;NaN;9;0.283143410852713;1;NaN;9;0;NaN;NaN
NED2003036_79;MFD_SETNO79;42.918667;64.828833;257286;50;10-jul-03;14:31:46;34.956;0.634631782945736;5.5915;5.5915;1;0.634631782945736;1;34.956;1;0;NaN;NaN
NED2003036_79;MFD_SETNO79;42.918667;64.828833;257285;90;10-jul-03;14:31:46;31.751;NaN;7.3465;7.3465;1;NaN;9;31.751;1;0;NaN;NaN
NED2003036_81;MFD_SETNO81;42.581;64.79;257292;5;10-jul-03;18:36:37;NaN;0.200153100775194;NaN;NaN;9;0.200153100775194;1;NaN;9;0;NaN;NaN
NED2003036_81;MFD_SETNO81;42.581;64.79;257291;25;10-jul-03;18:36:37;NaN;0.312434108527132;NaN;NaN;9;0.312434108527132;1;NaN;9;0;NaN;NaN
NED2003036_81;MFD_SETNO81;42.581;64.79;257290;50;10-jul-03;18:36:37;34.833;0.366133720930232;4.538;4.538;1;0.366133720930232;1;34.833;1;0;NaN;NaN
NED2003036_81;MFD_SETNO81;42.581;64.79;257289;122;10-jul-03;18:36:37;31.319;NaN;6.379;6.379;1;NaN;9;31.319;1;0;NaN;NaN
NED2003036_82;MFD_SETNO82;42.514;64.645333;257296;5;10-jul-03;20:57:46;NaN;0.434478682170543;NaN;NaN;9;0.434478682170543;1;NaN;9;0;NaN;NaN
NED2003036_82;MFD_SETNO82;42.514;64.645333;257295;25;10-jul-03;20:57:46;NaN;0.937036046511628;NaN;NaN;9;0.937036046511628;1;NaN;9;0;NaN;NaN
NED2003036_82;MFD_SETNO82;42.514;64.645333;257294;50;10-jul-03;20:57:46;32.819;0.190389534883721;6.0385;6.0385;1;0.190389534883721;1;32.819;1;0;NaN;NaN
NED2003036_82;MFD_SETNO82;42.514;64.645333;257293;182;10-jul-03;20:57:46;31.231;0.0588476744186047;6.336;6.336;1;0.0588476744186047;1;31.231;1;0;NaN;NaN
NED2003036_83;MFD_SETNO83;42.702167;64.455833;257300;5;10-jul-03;23:04:21;NaN;0.351488372093023;NaN;NaN;9;0.351488372093023;1;NaN;9;0;NaN;NaN
NED2003036_83;MFD_SETNO83;42.702167;64.455833;257299;25;10-jul-03;23:04:21;NaN;1.99553972868217;NaN;NaN;9;1.99553972868217;1;NaN;9;0;NaN;NaN
NED2003036_83;MFD_SETNO83;42.702167;64.455833;257298;50;10-jul-03;23:04:21;33.046;0.136734302325581;5.4005;5.4005;1;0.136734302325581;1;33.046;1;0;NaN;NaN
NED2003036_83;MFD_SETNO83;42.702167;64.455833;257297;126;10-jul-03;23:04:21;31.613;0.0346162790697675;6.839;6.839;1;0.0346162790697675;1;31.613;1;0;NaN;NaN
NED2003036_84;MFD_SETNO84;42.711667;64.164;257304;5;11-jul-03;02:01:26;NaN;0.405187984496124;NaN;NaN;9;0.405187984496124;1;NaN;9;0;NaN;NaN
NED2003036_84;MFD_SETNO84;42.711667;64.164;257303;25;11-jul-03;02:01:26;NaN;1.35349651162791;NaN;NaN;9;1.35349651162791;1;NaN;9;0;NaN;NaN
NED2003036_84;MFD_SETNO84;42.711667;64.164;257302;50;11-jul-03;02:01:26;32.757;0.47841472868217;6.119;6.119;1;0.47841472868217;1;32.757;1;0;NaN;NaN
NED2003036_84;MFD_SETNO84;42.711667;64.164;257301;346;11-jul-03;02:01:26;31.228;0.0501936046511628;6.3305;6.3305;1;0.0501936046511628;1;31.228;1;0;NaN;NaN
NED2003036_85;MFD_SETNO85;42.963333;64.428667;257308;5;11-jul-03;05:00:08;NaN;0.253852713178295;NaN;NaN;9;0.253852713178295;1;NaN;9;0;NaN;NaN
NED2003036_85;MFD_SETNO85;42.963333;64.428667;257307;25;11-jul-03;05:00:08;NaN;1.76995697674419;NaN;NaN;9;1.76995697674419;1;NaN;9;0;NaN;NaN
NED2003036_85;MFD_SETNO85;42.963333;64.428667;257306;50;11-jul-03;05:00:08;34.031;0.263616279069767;5.288;5.288;1;0.263616279069767;1;34.031;1;0;NaN;NaN
NED2003036_85;MFD_SETNO85;42.963333;64.428667;257305;125;11-jul-03;05:00:08;31.387;NaN;6.8975;6.8975;1;NaN;9;31.387;1;0;NaN;NaN
NED2003036_86;MFD_SETNO86;43.126833;63.946333;257312;5;11-jul-03;08:03:11;NaN;0.170862403100775;NaN;NaN;9;0.170862403100775;1;NaN;9;0;NaN;NaN
NED2003036_86;MFD_SETNO86;43.126833;63.946333;257311;25;11-jul-03;08:03:11;NaN;0.35637015503876;NaN;NaN;9;0.35637015503876;1;NaN;9;0;NaN;NaN
NED2003036_86;MFD_SETNO86;43.126833;63.946333;257310;50;11-jul-03;08:03:11;35.208;0.258734496124031;3.5395;3.5395;1;0.258734496124031;1;35.208;1;0;NaN;NaN
NED2003036_86;MFD_SETNO86;43.126833;63.946333;257309;94;11-jul-03;08:03:11;31.169;NaN;6.583;6.583;1;NaN;9;31.169;1;0;NaN;NaN
NED2003036_87;MFD_SETNO87;43.251;64.026167;257316;5;11-jul-03;09:37:18;NaN;0.190389534883721;NaN;NaN;9;0.190389534883721;1;NaN;9;0;NaN;NaN
NED2003036_87;MFD_SETNO87;43.251;64.026167;257315;25;11-jul-03;09:37:18;NaN;0.336843023255814;NaN;NaN;9;0.336843023255814;1;NaN;9;0;NaN;NaN
NED2003036_87;MFD_SETNO87;43.251;64.026167;257314;50;11-jul-03;09:37:18;34.744;0.263616279069767;4.432;4.432;1;0.263616279069767;1;34.744;1;0;NaN;NaN
NED2003036_87;MFD_SETNO87;43.251;64.026167;257313;91;11-jul-03;09:37:18;31.408;0.0259622093023256;5.765;5.765;1;0.0259622093023256;1;31.408;1;0;NaN;NaN
NED2003036_88;MFD_SETNO88;43.381333;63.7625;257320;5;11-jul-03;12:29:16;NaN;0.195271317829457;NaN;NaN;9;0.195271317829457;1;NaN;9;0;NaN;NaN
NED2003036_88;MFD_SETNO88;43.381333;63.7625;257319;25;11-jul-03;12:29:16;NaN;0.263616279069767;NaN;NaN;9;0.263616279069767;1;NaN;9;0;NaN;NaN
NED2003036_88;MFD_SETNO88;43.381333;63.7625;257318;50;11-jul-03;12:29:16;35.111;0.283143410852713;3.477;3.477;1;0.283143410852713;1;35.111;1;0;NaN;NaN
NED2003036_88;MFD_SETNO88;43.381333;63.7625;257317;206;11-jul-03;12:29:16;31.55;NaN;5.5875;5.5875;1;NaN;9;31.55;1;0;NaN;NaN
NED2003036_89;MFD_SETNO89;43.2605;63.803;257324;5;11-jul-03;15:12:34;NaN;0.307552325581395;NaN;NaN;9;0.307552325581395;1;NaN;9;0;NaN;NaN
NED2003036_89;MFD_SETNO89;43.2605;63.803;257323;25;11-jul-03;15:12:34;NaN;0.56140503875969;NaN;NaN;9;0.56140503875969;1;NaN;9;0;NaN;NaN
NED2003036_89;MFD_SETNO89;43.2605;63.803;257322;50;11-jul-03;15:12:34;34.338;0.585813953488372;4.6295;4.6295;1;0.585813953488372;1;34.338;1;0;NaN;NaN
NED2003036_89;MFD_SETNO89;43.2605;63.803;257321;135;11-jul-03;15:12:34;31.789;NaN;5.584;5.584;1;NaN;9;31.789;1;0;NaN;NaN
NED2003036_90;MFD_SETNO90;43.038833;63.772;257328;5;11-jul-03;17:41:40;NaN;0.239207364341085;NaN;NaN;9;0.239207364341085;1;NaN;9;0;NaN;NaN
NED2003036_90;MFD_SETNO90;43.038833;63.772;257327;25;11-jul-03;17:41:40;NaN;0.884978488372093;NaN;NaN;9;0.884978488372093;1;NaN;9;0;NaN;NaN
NED2003036_90;MFD_SETNO90;43.038833;63.772;257326;50;11-jul-03;17:41:40;33.012;0.152311627906977;5.2465;5.2465;1;0.152311627906977;1;33.012;1;0;NaN;NaN
NED2003036_90;MFD_SETNO90;43.038833;63.772;257325;126;11-jul-03;17:41:40;31.401;0.0467319767441861;6.533;6.533;1;0.0467319767441861;1;31.401;1;0;NaN;NaN
NED2003036_92;MFD_SETNO92;42.992667;63.444333;257332;5;11-jul-03;21:33:56;NaN;0.248970930232558;NaN;NaN;9;0.248970930232558;1;NaN;9;0;NaN;NaN
NED2003036_92;MFD_SETNO92;42.992667;63.444333;257331;25;11-jul-03;21:33:56;NaN;0.41006976744186;NaN;NaN;9;0.41006976744186;1;NaN;9;0;NaN;NaN
NED2003036_92;MFD_SETNO92;42.992667;63.444333;257330;50;11-jul-03;21:33:56;35.015;0.395424418604651;2.614;2.614;1;0.395424418604651;1;35.015;1;0;NaN;NaN
NED2003036_92;MFD_SETNO92;42.992667;63.444333;257329;154;11-jul-03;21:33:56;31.09;NaN;3.182;3.182;1;NaN;9;31.09;1;0;NaN;NaN
NED2003036_93;MFD_SETNO93;42.812667;63.276;257336;5;12-jul-03;01:21:59;NaN;0.351488372093023;NaN;NaN;9;0.351488372093023;1;NaN;9;0;NaN;NaN
NED2003036_93;MFD_SETNO93;42.812667;63.276;257335;25;12-jul-03;01:21:59;NaN;0.566286821705426;NaN;NaN;9;0.566286821705426;1;NaN;9;0;NaN;NaN
NED2003036_93;MFD_SETNO93;42.812667;63.276;257334;50;12-jul-03;01:21:59;34.698;0.110772093023256;3.017;3.017;1;0.110772093023256;1;34.698;1;0;NaN;NaN
NED2003036_93;MFD_SETNO93;42.812667;63.276;257333;249;12-jul-03;01:21:59;31.09;NaN;5.6245;5.6245;1;NaN;9;31.09;1;0;NaN;NaN
NED2003036_94;MFD_SETNO94;42.996;63.130667;257340;5;12-jul-03;03:47:56;NaN;0.458887596899225;NaN;NaN;9;0.458887596899225;1;NaN;9;0;NaN;NaN
NED2003036_94;MFD_SETNO94;42.996;63.130667;257339;25;12-jul-03;03:47:56;NaN;0.69809496124031;NaN;NaN;9;0.69809496124031;1;NaN;9;0;NaN;NaN
NED2003036_94;MFD_SETNO94;42.996;63.130667;257338;50;12-jul-03;03:47:56;33.279;0.28802519379845;4.733;4.733;1;0.28802519379845;1;33.279;1;0;NaN;NaN
NED2003036_94;MFD_SETNO94;42.996;63.130667;257337;150;12-jul-03;03:47:56;31.074;0.0328854651162791;5.9215;5.9215;1;0.0328854651162791;1;31.074;1;0;NaN;NaN
NED2003036_95;MFD_SETNO95;42.98;62.903833;257344;5;12-jul-03;05:49:36;NaN;0.380779069767442;NaN;NaN;9;0.380779069767442;1;NaN;9;0;NaN;NaN
NED2003036_95;MFD_SETNO95;42.98;62.903833;257343;25;12-jul-03;05:49:36;NaN;0.971741085271318;NaN;NaN;9;0.971741085271318;1;NaN;9;0;NaN;NaN
NED2003036_95;MFD_SETNO95;42.98;62.903833;257342;50;12-jul-03;05:49:36;34.337;0.258734496124031;2.259;2.259;1;0.258734496124031;1;34.337;1;0;NaN;NaN
NED2003036_95;MFD_SETNO95;42.98;62.903833;257341;127;12-jul-03;05:49:36;31.436;NaN;6.696;6.696;1;NaN;9;31.436;1;0;NaN;NaN
NED2003036_96;MFD_SETNO96;42.843667;62.574;257348;5;12-jul-03;09:14:54;NaN;0.292906976744186;NaN;NaN;9;0.292906976744186;1;NaN;9;0;NaN;NaN
NED2003036_96;MFD_SETNO96;42.843667;62.574;257347;25;12-jul-03;09:14:54;NaN;1.33614399224806;NaN;NaN;9;1.33614399224806;1;NaN;9;0;NaN;NaN
NED2003036_96;MFD_SETNO96;42.843667;62.574;257346;50;12-jul-03;09:14:54;35.207;0.253852713178295;3.829;3.829;1;0.253852713178295;1;35.207;1;0;NaN;NaN
NED2003036_96;MFD_SETNO96;42.843667;62.574;257345;383;12-jul-03;09:14:54;31.072;NaN;5.721;5.721;1;NaN;9;31.072;1;0;NaN;NaN
NED2003036_97;MFD_SETNO97;43.038833;62.622167;257352;5;12-jul-03;11:22:11;NaN;0.234325581395349;NaN;NaN;9;0.234325581395349;1;NaN;9;0;NaN;NaN
NED2003036_97;MFD_SETNO97;43.038833;62.622167;257351;25;12-jul-03;11:22:11;NaN;0.639513565891473;NaN;NaN;9;0.639513565891473;1;NaN;9;0;NaN;NaN
NED2003036_97;MFD_SETNO97;43.038833;62.622167;257350;50;12-jul-03;11:22:11;35.211;0.371015503875969;3.3145;3.3145;1;0.371015503875969;1;35.211;1;0;NaN;NaN
NED2003036_97;MFD_SETNO97;43.038833;62.622167;257349;109;12-jul-03;11:22:11;31.768;NaN;5.7575;5.7575;1;NaN;9;31.768;1;0;NaN;NaN
NED2003036_98;MFD_SETNO98;43.165;63.023667;257356;5;12-jul-03;14:10:16;NaN;0.297788759689922;NaN;NaN;9;0.297788759689922;1;NaN;9;0;NaN;NaN
NED2003036_98;MFD_SETNO98;43.165;63.023667;257355;25;12-jul-03;14:10:16;NaN;0.400306201550388;NaN;NaN;9;0.400306201550388;1;NaN;9;0;NaN;NaN
NED2003036_98;MFD_SETNO98;43.165;63.023667;257354;50;12-jul-03;14:10:16;35.017;1.63113682170543;4.0945;4.0945;1;1.63113682170543;1;35.017;1;0;NaN;NaN
NED2003036_98;MFD_SETNO98;43.165;63.023667;257353;125;12-jul-03;14:10:16;32.395;NaN;5.512;5.512;1;NaN;9;32.395;1;0;NaN;NaN
NED2003036_99;MFD_SETNO99;43.348667;63.230167;257360;5;12-jul-03;16:58:50;NaN;0.263616279069767;NaN;NaN;9;0.263616279069767;1;NaN;9;0;NaN;NaN
NED2003036_99;MFD_SETNO99;43.348667;63.230167;257359;25;12-jul-03;16:58:50;NaN;1.0411511627907;NaN;NaN;9;1.0411511627907;1;NaN;9;0;NaN;NaN
NED2003036_99;MFD_SETNO99;43.348667;63.230167;257358;50;12-jul-03;16:58:50;34.993;0.693213178294574;4.368;4.368;1;0.693213178294574;1;34.993;1;0;NaN;NaN
NED2003036_99;MFD_SETNO99;43.348667;63.230167;257357;175;12-jul-03;16:58:50;31.596;NaN;6.179;6.179;1;NaN;9;31.596;1;0;NaN;NaN
NED2003036_100;MFD_SETNO100;43.644333;63.354;257364;5;12-jul-03;19:35:10;10.823;9.027;10.221;10.221;4;9.027;1;10.823;1;4;NaN;NaN
NED2003036_100;MFD_SETNO100;43.644333;63.354;257363;25;12-jul-03;19:35:10;31.049;6.171;31.379;31.379;4;6.171;1;31.049;1;6;NaN;NaN
NED2003036_100;MFD_SETNO100;43.644333;63.354;257362;50;12-jul-03;19:35:10;32.15;34.615;34.597;34.597;4;34.615;1;32.15;1;6;NaN;NaN
NED2003036_100;MFD_SETNO100;43.644333;63.354;257361;104;12-jul-03;19:35:10;34.608;31.338;31.29;31.29;4;31.338;3;34.608;1;22;NaN;NaN
NED2003036_101;MFD_SETNO101;43.652333;62.942;257368;5;12-jul-03;22:13:07;1.098;9.478;10.693;10.693;4;9.478;1;1.098;1;4;NaN;NaN
NED2003036_101;MFD_SETNO101;43.652333;62.942;257367;25;12-jul-03;22:13:07;1.59;-0.004;10.886;10.886;4;-0.004;1;1.59;1;4;NaN;NaN
NED2003036_101;MFD_SETNO101;43.652333;62.942;257366;50;12-jul-03;22:13:07;8.227;0.774;10.788;10.788;4;0.774;1;8.227;1;4;NaN;NaN
NED2003036_101;MFD_SETNO101;43.652333;62.942;257365;240;12-jul-03;22:13:07;3.378;9.056;0.9;0.9;1;9.056;1;3.378;1;0;NaN;NaN
NED2003036_102;MFD_SETNO102;43.726667;62.446833;257372;5;13-jul-03;01:41:07;0.224562015503876;6.374;NaN;NaN;9;6.374;1;0.224562015503876;1;0;NaN;NaN
NED2003036_102;MFD_SETNO102;43.726667;62.446833;257371;25;13-jul-03;01:41:07;0.444242248062016;NaN;NaN;NaN;9;NaN;9;0.444242248062016;1;0;NaN;NaN
NED2003036_102;MFD_SETNO102;43.726667;62.446833;257370;50;13-jul-03;01:41:07;0.0855022093023256;NaN;34.944;34.944;4;NaN;9;0.0855022093023256;1;6;NaN;NaN
NED2003036_102;MFD_SETNO102;43.726667;62.446833;257369;117;13-jul-03;01:41:07;NaN;3.001;9.072;9.072;3;3.001;1;NaN;9;16;NaN;NaN
NED2003036_103;MFD_SETNO103;43.505667;62.6005;257376;5;13-jul-03;04:05:40;0.820139534883721;6.691;NaN;NaN;9;6.691;1;0.820139534883721;1;0;NaN;NaN
NED2003036_103;MFD_SETNO103;43.505667;62.6005;257375;25;13-jul-03;04:05:40;0.605341085271318;NaN;NaN;NaN;9;NaN;9;0.605341085271318;1;0;NaN;NaN
NED2003036_103;MFD_SETNO103;43.505667;62.6005;257374;50;13-jul-03;04:05:40;0.180625968992248;NaN;32.92;32.92;4;NaN;9;0.180625968992248;1;6;NaN;NaN
NED2003036_103;MFD_SETNO103;43.505667;62.6005;257373;94;13-jul-03;04:05:40;0.102517441860465;5.901;30.961;30.961;4;5.901;1;0.102517441860465;3;22;NaN;NaN
NED2003036_104;MFD_SETNO104;43.3455;62.843;257380;5;13-jul-03;06:22:58;0.229443798449612;5.96;NaN;NaN;9;5.96;1;0.229443798449612;1;0;NaN;NaN
NED2003036_104;MFD_SETNO104;43.3455;62.843;257379;25;13-jul-03;06:22:58;1.30143895348837;NaN;NaN;NaN;9;NaN;9;1.30143895348837;1;0;NaN;NaN
NED2003036_104;MFD_SETNO104;43.3455;62.843;257378;50;13-jul-03;06:22:58;0.322197674418605;NaN;34.2;34.2;4;NaN;9;0.322197674418605;1;6;NaN;NaN
NED2003036_104;MFD_SETNO104;43.3455;62.843;257377;101;13-jul-03;06:22:58;0.0657709302325581;3.967;31.75;31.75;4;3.967;1;0.0657709302325581;3;22;NaN;NaN
NED2003036_105;MFD_SETNO105;43.4295;62.308667;257384;5;13-jul-03;09:34:02;0.180625968992248;5.892;NaN;NaN;9;5.892;1;0.180625968992248;1;0;NaN;NaN
NED2003036_105;MFD_SETNO105;43.4295;62.308667;257383;25;13-jul-03;09:34:02;0.971741085271318;NaN;NaN;NaN;9;NaN;9;0.971741085271318;1;0;NaN;NaN
NED2003036_105;MFD_SETNO105;43.4295;62.308667;257382;50;13-jul-03;09:34:02;0.62975;NaN;35.087;35.087;4;NaN;9;0.62975;1;6;NaN;NaN
NED2003036_105;MFD_SETNO105;43.4295;62.308667;257381;80;13-jul-03;09:34:02;NaN;2.5625;31.445;31.445;4;2.5625;1;NaN;9;6;NaN;NaN
NED2003036_106;MFD_SETNO106;43.422333;62.0675;257388;5;13-jul-03;11:33:58;0.244089147286822;5.891;NaN;NaN;9;5.891;1;0.244089147286822;1;0;NaN;NaN
NED2003036_106;MFD_SETNO106;43.422333;62.0675;257387;25;13-jul-03;11:33:58;0.902331007751938;NaN;NaN;NaN;9;NaN;9;0.902331007751938;1;0;NaN;NaN
NED2003036_106;MFD_SETNO106;43.422333;62.0675;257386;50;13-jul-03;11:33:58;0.642043217054264;NaN;34.384;34.384;4;NaN;9;0.642043217054264;1;6;NaN;NaN
NED2003036_106;MFD_SETNO106;43.422333;62.0675;257385;94;13-jul-03;11:33:58;0.0432703488372093;4.26;31.373;31.373;4;4.26;1;0.0432703488372093;3;22;NaN;NaN
NED2003036_107;MFD_SETNO107;43.099167;62.1375;257392;5;13-jul-03;14:24:17;0.248970930232558;6.008;NaN;NaN;9;6.008;1;0.248970930232558;1;0;NaN;NaN
NED2003036_107;MFD_SETNO107;43.099167;62.1375;257391;25;13-jul-03;14:24:17;0.919683527131783;NaN;NaN;NaN;9;NaN;9;0.919683527131783;1;0;NaN;NaN
NED2003036_107;MFD_SETNO107;43.099167;62.1375;257390;50;13-jul-03;14:24:17;0.589985658914729;NaN;33.782;33.782;4;NaN;9;0.589985658914729;1;6;NaN;NaN
NED2003036_107;MFD_SETNO107;43.099167;62.1375;257389;103;13-jul-03;14:24:17;0.0640401162790698;4.8105;31.494;31.494;4;4.8105;1;0.0640401162790698;3;22;NaN;NaN
NED2003036_108;MFD_SETNO108;43.0625;62.117167;257396;5;13-jul-03;15:55:57;0.21968023255814;5.899;NaN;NaN;9;5.899;1;0.21968023255814;1;0;NaN;NaN
NED2003036_108;MFD_SETNO108;43.0625;62.117167;257395;25;13-jul-03;15:55:57;0.676748255813953;NaN;NaN;NaN;9;NaN;9;0.676748255813953;1;0;NaN;NaN
NED2003036_108;MFD_SETNO108;43.0625;62.117167;257394;50;13-jul-03;15:55:57;0.937036046511628;NaN;34.079;34.079;4;NaN;9;0.937036046511628;1;6;NaN;NaN
NED2003036_108;MFD_SETNO108;43.0625;62.117167;257393;107;13-jul-03;15:55:57;0.0640401162790698;4.7735;31.409;31.409;4;4.7735;1;0.0640401162790698;3;22;NaN;NaN
NED2003036_109;MFD_SETNO109;43.020333;61.850333;257400;5;13-jul-03;18:04:24;0.224562015503876;5.8745;NaN;NaN;9;5.8745;1;0.224562015503876;1;0;NaN;NaN
NED2003036_109;MFD_SETNO109;43.020333;61.850333;257399;25;13-jul-03;18:04:24;0.954388565891473;NaN;NaN;NaN;9;NaN;9;0.954388565891473;1;0;NaN;NaN
NED2003036_109;MFD_SETNO109;43.020333;61.850333;257398;50;13-jul-03;18:04:24;0.434478682170543;NaN;33.576;33.576;4;NaN;9;0.434478682170543;1;6;NaN;NaN
NED2003036_109;MFD_SETNO109;43.020333;61.850333;257397;132;13-jul-03;18:04:24;0.102517441860465;4.8405;31.324;31.324;4;4.8405;1;0.102517441860465;3;22;NaN;NaN
NED2003036_110;MFD_SETNO110;42.985167;61.539167;257404;5;13-jul-03;20:51:06;0.400306201550388;5.8295;NaN;NaN;9;5.8295;1;0.400306201550388;1;0;NaN;NaN
NED2003036_110;MFD_SETNO110;42.985167;61.539167;257403;25;13-jul-03;20:51:06;1.57907926356589;NaN;NaN;NaN;9;NaN;9;1.57907926356589;1;0;NaN;NaN
NED2003036_110;MFD_SETNO110;42.985167;61.539167;257402;50;13-jul-03;20:51:06;1.44025910852713;NaN;33.777;33.777;4;NaN;9;1.44025910852713;1;6;NaN;NaN
NED2003036_110;MFD_SETNO110;42.985167;61.539167;257401;601;13-jul-03;20:51:06;0.0732267441860465;5.7335;31.431;31.431;4;5.7335;1;0.0732267441860465;3;22;NaN;NaN
NED2003036_111;MFD_SETNO111;43.064333;61.571333;257408;5;13-jul-03;23:06:05;0.253852713178295;5.738;NaN;NaN;9;5.738;1;0.253852713178295;1;0;NaN;NaN
NED2003036_111;MFD_SETNO111;43.064333;61.571333;257407;25;13-jul-03;23:06:05;1.35349651162791;NaN;NaN;NaN;9;NaN;9;1.35349651162791;1;0;NaN;NaN
NED2003036_111;MFD_SETNO111;43.064333;61.571333;257406;50;13-jul-03;23:06:05;0.224562015503876;NaN;34.444;34.444;4;NaN;9;0.224562015503876;1;6;NaN;NaN
NED2003036_111;MFD_SETNO111;43.064333;61.571333;257405;263;13-jul-03;23:06:05;0.0380779069767442;5.249;31.837;31.837;4;5.249;1;0.0380779069767442;3;22;NaN;NaN
NED2003036_112;MFD_SETNO112;43.300167;61.171167;257412;5;14-jul-03;02:03:10;0.27337984496124;5.791;NaN;NaN;9;5.791;1;0.27337984496124;1;0;NaN;NaN
NED2003036_112;MFD_SETNO112;43.300167;61.171167;257411;25;14-jul-03;02:03:10;1.11056124031008;NaN;NaN;NaN;9;NaN;9;1.11056124031008;1;0;NaN;NaN
NED2003036_112;MFD_SETNO112;43.300167;61.171167;257410;50;14-jul-03;02:03:10;0.867625968992248;NaN;34.409;34.409;4;NaN;9;0.867625968992248;1;6;NaN;NaN
NED2003036_112;MFD_SETNO112;43.300167;61.171167;257409;180;14-jul-03;02:03:10;NaN;5.4175;31.78;31.78;4;5.4175;1;NaN;9;6;NaN;NaN
NED2003036_113;MFD_SETNO113;43.3095;61.484167;257416;5;14-jul-03;04:15:19;0.239207364341085;6.286;NaN;NaN;9;6.286;1;0.239207364341085;1;0;NaN;NaN
NED2003036_113;MFD_SETNO113;43.3095;61.484167;257415;25;14-jul-03;04:15:19;0.667606007751938;NaN;NaN;NaN;9;NaN;9;0.667606007751938;1;0;NaN;NaN
NED2003036_113;MFD_SETNO113;43.3095;61.484167;257414;50;14-jul-03;04:15:19;0.0796174418604651;NaN;34.273;34.273;4;NaN;9;0.0796174418604651;1;6;NaN;NaN
NED2003036_113;MFD_SETNO113;43.3095;61.484167;257413;78;14-jul-03;04:15:19;NaN;5.539;31.708;31.708;4;5.539;1;NaN;9;6;NaN;NaN
NED2003036_114;MFD_SETNO114;43.202833;61.531333;257420;5;14-jul-03;05:57:32;0.283143410852713;5.8655;NaN;NaN;9;5.8655;1;0.283143410852713;1;0;NaN;NaN
NED2003036_114;MFD_SETNO114;43.202833;61.531333;257419;25;14-jul-03;05:57:32;1.09320872093023;NaN;NaN;NaN;9;NaN;9;1.09320872093023;1;0;NaN;NaN
NED2003036_114;MFD_SETNO114;43.202833;61.531333;257418;50;14-jul-03;05:57:32;0.20503488372093;NaN;34.955;34.955;4;NaN;9;0.20503488372093;1;6;NaN;NaN
NED2003036_114;MFD_SETNO114;43.202833;61.531333;257417;84;14-jul-03;05:57:32;NaN;5.2845;32.39;32.39;4;5.2845;1;NaN;9;6;NaN;NaN
NED2003036_115;MFD_SETNO115;43.17;61.698833;257424;5;14-jul-03;07:43:47;0.244089147286822;5.902;NaN;NaN;9;5.902;1;0.244089147286822;1;0;NaN;NaN
NED2003036_115;MFD_SETNO115;43.17;61.698833;257423;25;14-jul-03;07:43:47;0.676748255813953;NaN;NaN;NaN;9;NaN;9;0.676748255813953;1;0;NaN;NaN
NED2003036_115;MFD_SETNO115;43.17;61.698833;257422;50;14-jul-03;07:43:47;0.102118023255814;NaN;35.112;35.112;4;NaN;9;0.102118023255814;1;6;NaN;NaN
NED2003036_115;MFD_SETNO115;43.17;61.698833;257421;88;14-jul-03;07:43:47;NaN;3.5825;32.859;32.859;4;3.5825;1;NaN;9;6;NaN;NaN
NED2003036_116;MFD_SETNO116;43.252167;61.848667;257428;5;14-jul-03;09:14:54;0.214798449612403;6.1165;NaN;NaN;9;6.1165;1;0.214798449612403;1;0;NaN;NaN
NED2003036_116;MFD_SETNO116;43.252167;61.848667;257427;25;14-jul-03;09:14:54;0.522350775193798;NaN;NaN;NaN;9;NaN;9;0.522350775193798;1;0;NaN;NaN
NED2003036_116;MFD_SETNO116;43.252167;61.848667;257426;50;14-jul-03;09:14:54;0.517468992248062;NaN;34.986;34.986;4;NaN;9;0.517468992248062;1;6;NaN;NaN
NED2003036_116;MFD_SETNO116;43.252167;61.848667;257425;92;14-jul-03;09:14:54;NaN;4.881;33.094;33.094;4;4.881;1;NaN;9;6;NaN;NaN
NED2003036_117;MFD_SETNO117;43.543167;61.955667;257432;5;14-jul-03;11:36:53;0.185507751937984;6.232;NaN;NaN;9;6.232;1;0.185507751937984;1;0;NaN;NaN
NED2003036_117;MFD_SETNO117;43.543167;61.955667;257431;25;14-jul-03;11:36:53;0.551641472868217;NaN;NaN;NaN;9;NaN;9;0.551641472868217;1;0;NaN;NaN
NED2003036_117;MFD_SETNO117;43.543167;61.955667;257430;50;14-jul-03;11:36:53;0.195271317829457;NaN;33.379;33.379;4;NaN;9;0.195271317829457;1;6;NaN;NaN
NED2003036_117;MFD_SETNO117;43.543167;61.955667;257429;84;14-jul-03;11:36:53;0.0878720930232558;6.5885;32.026;32.026;4;6.5885;1;0.0878720930232558;3;22;NaN;NaN
NED2003036_118;MFD_SETNO118;43.570667;61.886333;257436;5;14-jul-03;13:10:18;0.161098837209302;5.8495;NaN;NaN;9;5.8495;1;0.161098837209302;1;0;NaN;NaN
NED2003036_118;MFD_SETNO118;43.570667;61.886333;257435;25;14-jul-03;13:10:18;0.458887596899225;NaN;NaN;NaN;9;NaN;9;0.458887596899225;1;0;NaN;NaN
NED2003036_118;MFD_SETNO118;43.570667;61.886333;257434;50;14-jul-03;13:10:18;0.156217054263566;NaN;33.473;33.473;4;NaN;9;0.156217054263566;1;6;NaN;NaN
NED2003036_118;MFD_SETNO118;43.570667;61.886333;257433;78;14-jul-03;13:10:18;0.0976356589147287;6.5025;32.572;32.572;4;6.5025;1;0.0976356589147287;3;22;NaN;NaN
NED2003036_119;MFD_SETNO119;43.7855;62.079833;257440;5;14-jul-03;15:43:15;0.239207364341085;6.159;NaN;NaN;9;6.159;1;0.239207364341085;1;0;NaN;NaN
NED2003036_119;MFD_SETNO119;43.7855;62.079833;257439;25;14-jul-03;15:43:15;0.488178294573643;NaN;NaN;NaN;9;NaN;9;0.488178294573643;1;0;NaN;NaN
NED2003036_119;MFD_SETNO119;43.7855;62.079833;257438;50;14-jul-03;15:43:15;0.449124031007752;NaN;33.82;33.82;4;NaN;9;0.449124031007752;1;6;NaN;NaN
NED2003036_119;MFD_SETNO119;43.7855;62.079833;257437;112;14-jul-03;15:43:15;0.078108527131783;6.062;32.652;32.652;4;6.062;1;0.078108527131783;3;22;NaN;NaN
NED2003036_120;MFD_SETNO120;44.138167;61.734333;257444;5;14-jul-03;19:21:38;0.395424418604651;5.9085;NaN;NaN;9;5.9085;1;0.395424418604651;1;0;NaN;NaN
NED2003036_120;MFD_SETNO120;44.138167;61.734333;257443;25;14-jul-03;19:21:38;0.971741085271318;NaN;NaN;NaN;9;NaN;9;0.971741085271318;1;0;NaN;NaN
NED2003036_120;MFD_SETNO120;44.138167;61.734333;257442;50;14-jul-03;19:21:38;1.16261879844961;NaN;33.543;33.543;4;NaN;9;1.16261879844961;1;6;NaN;NaN
NED2003036_120;MFD_SETNO120;44.138167;61.734333;257441;124;14-jul-03;19:21:38;0.0927538759689922;5.389;32.487;32.487;4;5.389;1;0.0927538759689922;3;22;NaN;NaN
NED2003036_121;MFD_SETNO121;44.1365;61.331833;257448;5;14-jul-03;21:56:05;0.35637015503876;5.8435;NaN;NaN;9;5.8435;1;0.35637015503876;1;0;NaN;NaN
NED2003036_121;MFD_SETNO121;44.1365;61.331833;257447;25;14-jul-03;21:56:05;0.678567829457364;NaN;NaN;NaN;9;NaN;9;0.678567829457364;1;0;NaN;NaN
NED2003036_121;MFD_SETNO121;44.1365;61.331833;257446;50;14-jul-03;21:56:05;0.785967054263566;NaN;33.341;33.341;4;NaN;9;0.785967054263566;1;6;NaN;NaN
NED2003036_121;MFD_SETNO121;44.1365;61.331833;257445;122;14-jul-03;21:56:05;0.0927538759689922;6.2875;32.059;32.059;4;6.2875;1;0.0927538759689922;3;22;NaN;NaN
NED2003036_122;MFD_SETNO122;44.142;61.250833;257452;5;14-jul-03;22:38:47;NaN;5.9115;NaN;NaN;9;5.9115;1;NaN;9;0;NaN;NaN
NED2003036_122;MFD_SETNO122;44.142;61.250833;257451;25;14-jul-03;22:38:47;1.11056124031008;NaN;NaN;NaN;9;NaN;9;1.11056124031008;1;0;NaN;NaN
NED2003036_122;MFD_SETNO122;44.142;61.250833;257450;50;14-jul-03;22:38:47;0.322197674418605;NaN;34.182;34.182;4;NaN;9;0.322197674418605;1;6;NaN;NaN
NED2003036_122;MFD_SETNO122;44.142;61.250833;257449;87;14-jul-03;22:38:47;NaN;4.2935;32.025;32.025;4;4.2935;1;NaN;9;6;NaN;NaN
NED2003036_123;MFD_SETNO123;44.2885;61.084333;257456;5;15-jul-03;01:29:06;0.478414728682171;6.779;NaN;NaN;9;6.779;1;0.478414728682171;1;0;NaN;NaN
NED2003036_123;MFD_SETNO123;44.2885;61.084333;257455;25;15-jul-03;01:29:06;1.37084903100775;NaN;NaN;NaN;9;NaN;9;1.37084903100775;1;0;NaN;NaN
NED2003036_123;MFD_SETNO123;44.2885;61.084333;257454;50;15-jul-03;01:29:06;0.146453488372093;NaN;33.066;33.066;4;NaN;9;0.146453488372093;1;6;NaN;NaN
NED2003036_123;MFD_SETNO123;44.2885;61.084333;257453;70;15-jul-03;01:29:06;0.165980620155039;5.972;31.625;31.625;4;5.972;1;0.165980620155039;3;22;NaN;NaN
NED2003036_124;MFD_SETNO124;44.193667;60.999833;257460;5;15-jul-03;02:58:54;0.278261627906977;5.824;NaN;NaN;9;5.824;1;0.278261627906977;1;0;NaN;NaN
NED2003036_124;MFD_SETNO124;44.193667;60.999833;257459;25;15-jul-03;02:58:54;0.712740310077519;NaN;NaN;NaN;9;NaN;9;0.712740310077519;1;0;NaN;NaN
NED2003036_124;MFD_SETNO124;44.193667;60.999833;257458;50;15-jul-03;02:58:54;0.336843023255814;NaN;34.254;34.254;4;NaN;9;0.336843023255814;1;6;NaN;NaN
NED2003036_124;MFD_SETNO124;44.193667;60.999833;257457;62;15-jul-03;02:58:54;NaN;3.551;31.784;31.784;4;3.551;1;NaN;9;6;NaN;NaN
NED2003036_125;MFD_SETNO125;44.125167;60.779167;257462;5;15-jul-03;04:44:23;0.483296511627907;NaN;33.922;33.922;4;NaN;9;0.483296511627907;1;6;NaN;NaN
NED2003036_125;MFD_SETNO125;44.125167;60.779167;257461;24;15-jul-03;04:44:23;0.131808139534884;4.039;31.251;31.251;4;4.039;1;0.131808139534884;1;6;NaN;NaN
NED2003036_126;MFD_SETNO126;44.031333;60.919333;257465;5;15-jul-03;06:38:34;0.239207364341085;5.3315;31.718;31.718;4;5.3315;1;0.239207364341085;1;6;NaN;NaN
NED2003036_126;MFD_SETNO126;44.031333;60.919333;257464;25;15-jul-03;06:38:34;0.307552325581395;5.8175;NaN;NaN;9;5.8175;1;0.307552325581395;1;0;NaN;NaN
NED2003036_126;MFD_SETNO126;44.031333;60.919333;257463;43;15-jul-03;06:38:34;1.5443742248062;NaN;NaN;NaN;9;NaN;9;1.5443742248062;1;0;NaN;NaN
NED2003036_127;MFD_SETNO127;43.973;61.288333;257469;5;15-jul-03;08:51:48;1.66584186046512;6.529;31.694;31.694;4;6.529;1;1.66584186046512;1;6;NaN;NaN
NED2003036_127;MFD_SETNO127;43.973;61.288333;257468;25;15-jul-03;08:51:48;0.27337984496124;5.781;NaN;NaN;9;5.781;1;0.27337984496124;1;0;NaN;NaN
NED2003036_127;MFD_SETNO127;43.973;61.288333;257467;50;15-jul-03;08:51:48;0.737149224806201;NaN;NaN;NaN;9;NaN;9;0.737149224806201;1;0;NaN;NaN
NED2003036_127;MFD_SETNO127;43.973;61.288333;257466;68;15-jul-03;08:51:48;0.639513565891473;NaN;33.289;33.289;4;NaN;9;0.639513565891473;3;22;NaN;NaN
NED2003036_128;MFD_SETNO128;43.8915;61.171167;257472;5;15-jul-03;10:21:59;0.375897286821705;5.725;NaN;NaN;9;5.725;1;0.375897286821705;1;0;NaN;NaN
NED2003036_128;MFD_SETNO128;43.8915;61.171167;257471;25;15-jul-03;10:21:59;0.937036046511628;NaN;NaN;NaN;9;NaN;9;0.937036046511628;1;0;NaN;NaN
NED2003036_128;MFD_SETNO128;43.8915;61.171167;257470;55;15-jul-03;10:21:59;1.7352519379845;NaN;32.568;32.568;4;NaN;9;1.7352519379845;1;6;NaN;NaN
NED2003036_130;MFD_SETNO130;43.7715;61.050833;257475;5;15-jul-03;12:16:04;0.591672093023256;NaN;NaN;NaN;9;NaN;9;0.591672093023256;1;0;NaN;NaN
NED2003036_130;MFD_SETNO130;43.7715;61.050833;257474;25;15-jul-03;12:16:04;2.86316569767442;NaN;32.411;32.411;4;NaN;9;2.86316569767442;1;6;NaN;NaN
NED2003036_130;MFD_SETNO130;43.7715;61.050833;257473;52;15-jul-03;12:16:04;2.42935271317829;6.5455;31.818;31.818;4;6.5455;1;2.42935271317829;1;6;NaN;NaN
NED2003036_131;MFD_SETNO131;43.657667;61.365167;257479;5;15-jul-03;15:32:57;0.615104651162791;6.5505;31.939;31.939;4;6.5505;1;0.615104651162791;1;6;NaN;NaN
NED2003036_131;MFD_SETNO131;43.657667;61.365167;257478;25;15-jul-03;15:32:57;0.751794573643411;6.697;31.849;31.849;4;6.697;1;0.751794573643411;1;6;NaN;NaN
NED2003036_131;MFD_SETNO131;43.657667;61.365167;257476;56;15-jul-03;15:32:57;0.307552325581395;5.889;NaN;NaN;9;5.889;1;0.307552325581395;3;16;NaN;NaN
NED2003036_132;MFD_SETNO132;43.6435;60.711667;257483;5;15-jul-03;19:10:04;1.80466201550388;6.3115;31.887;31.887;4;6.3115;1;1.80466201550388;1;6;NaN;NaN
NED2003036_132;MFD_SETNO132;43.6435;60.711667;257482;25;15-jul-03;19:10:04;0.278261627906977;6.2025;NaN;NaN;9;6.2025;1;0.278261627906977;1;0;NaN;NaN
NED2003036_132;MFD_SETNO132;43.6435;60.711667;257481;50;15-jul-03;19:10:04;1.59643178294574;NaN;32.121;32.121;4;NaN;9;1.59643178294574;1;6;NaN;NaN
NED2003036_132;MFD_SETNO132;43.6435;60.711667;257480;61;15-jul-03;19:10:04;1.52702170542636;6.982;31.923;31.923;4;6.982;1;1.52702170542636;1;6;NaN;NaN
NED2003036_133;MFD_SETNO133;43.347;60.6065;257487;5;15-jul-03;22:33:58;2.04759728682171;6.896;31.968;31.968;4;6.896;1;2.04759728682171;1;6;NaN;NaN
NED2003036_133;MFD_SETNO133;43.347;60.6065;257486;25;15-jul-03;22:33:58;0.331961240310078;5.8385;NaN;NaN;9;5.8385;1;0.331961240310078;1;0;NaN;NaN
NED2003036_133;MFD_SETNO133;43.347;60.6065;257485;50;15-jul-03;22:33:58;1.02379864341085;NaN;NaN;NaN;9;NaN;9;1.02379864341085;1;0;NaN;NaN
NED2003036_133;MFD_SETNO133;43.347;60.6065;257484;358;15-jul-03;22:33:58;0.919683527131783;NaN;32.768;32.768;4;NaN;9;0.919683527131783;3;22;NaN;NaN
NED2003036_134;MFD_SETNO134;43.565;60.407667;257491;5;16-jul-03;00:58:09;1.3882015503876;NaN;32.41;32.41;4;NaN;9;1.3882015503876;1;6;NaN;NaN
NED2003036_134;MFD_SETNO134;43.565;60.407667;257490;25;16-jul-03;00:58:09;2.80631511627907;7.235;31.943;31.943;4;7.235;1;2.80631511627907;1;6;NaN;NaN
NED2003036_134;MFD_SETNO134;43.565;60.407667;257489;50;16-jul-03;00:58:09;0.307552325581395;6.075;NaN;NaN;9;6.075;1;0.307552325581395;1;0;NaN;NaN
NED2003036_134;MFD_SETNO134;43.565;60.407667;257488;74;16-jul-03;00:58:09;0.728805813953488;NaN;32.444;32.444;4;NaN;9;0.728805813953488;3;22;NaN;NaN
NED2003036_135;MFD_SETNO135;43.792667;60.127667;257494;5;16-jul-03;03:34:42;2.238475;NaN;32.459;32.459;4;NaN;9;2.238475;1;6;NaN;NaN
NED2003036_135;MFD_SETNO135;43.792667;60.127667;257493;25;16-jul-03;03:34:42;1.8914246124031;7.187;31.927;31.927;4;7.187;1;1.8914246124031;1;6;NaN;NaN
NED2003036_135;MFD_SETNO135;43.792667;60.127667;257492;57;16-jul-03;03:34:42;0.331961240310078;6.369;NaN;NaN;9;6.369;1;0.331961240310078;3;16;NaN;NaN
NED2003036_136;MFD_SETNO136;44.105667;60.271167;257498;5;16-jul-03;07:24:25;1.07585620155039;NaN;NaN;NaN;9;NaN;9;1.07585620155039;1;0;NaN;NaN
NED2003036_136;MFD_SETNO136;44.105667;60.271167;257497;25;16-jul-03;07:24:25;1.96083468992248;NaN;32.599;32.599;4;NaN;9;1.96083468992248;1;6;NaN;NaN
NED2003036_136;MFD_SETNO136;44.105667;60.271167;257496;50;16-jul-03;07:24:25;2.18641744186047;6.9005;32.276;32.276;4;6.9005;1;2.18641744186047;1;6;NaN;NaN
NED2003036_136;MFD_SETNO136;44.105667;60.271167;257495;67;16-jul-03;07:24:25;0.327079457364341;6.066;NaN;NaN;9;6.066;1;0.327079457364341;3;16;NaN;NaN
NED2003036_137;MFD_SETNO137;44.072167;59.699833;257703;5;16-jul-03;10:14:09;0.414951550387597;NaN;34.978;34.978;4;NaN;9;0.414951550387597;1;6;NaN;NaN
NED2003036_137;MFD_SETNO137;44.072167;59.699833;257702;25;16-jul-03;10:14:09;NaN;4.361;31.644;31.644;4;4.361;1;NaN;9;6;NaN;NaN
NED2003036_137;MFD_SETNO137;44.072167;59.699833;257701;53;16-jul-03;10:14:09;0.385660852713178;6.171;NaN;NaN;9;6.171;1;0.385660852713178;3;16;NaN;NaN
NED2003036_138;MFD_SETNO138;44.3575;59.2195;257707;5;16-jul-03;13:40:30;0.919683527131783;NaN;32.932;32.932;4;NaN;9;0.919683527131783;1;6;NaN;NaN
NED2003036_138;MFD_SETNO138;44.3575;59.2195;257706;25;16-jul-03;13:40:30;1.35349651162791;6.8745;32.3;32.3;4;6.8745;1;1.35349651162791;1;6;NaN;NaN
NED2003036_138;MFD_SETNO138;44.3575;59.2195;257705;50;16-jul-03;13:40:30;0.307552325581395;5.664;NaN;NaN;9;5.664;1;0.307552325581395;1;0;NaN;NaN
NED2003036_138;MFD_SETNO138;44.3575;59.2195;257704;183;16-jul-03;13:40:30;0.654158914728682;NaN;NaN;NaN;9;NaN;9;0.654158914728682;3;16;NaN;NaN
NED2003036_139;MFD_SETNO139;44.382167;59.331333;257711;5;16-jul-03;16:19:58;3.53387829457364;NaN;32.259;32.259;4;NaN;9;3.53387829457364;1;6;NaN;NaN
NED2003036_139;MFD_SETNO139;44.382167;59.331333;257710;25;16-jul-03;16:19:58;2.88051821705426;6.7995;31.938;31.938;4;6.7995;1;2.88051821705426;7;518;NaN;NaN
NED2003036_139;MFD_SETNO139;44.382167;59.331333;257709;50;16-jul-03;16:19:58;0.35637015503876;6.1345;NaN;NaN;9;6.1345;1;0.35637015503876;7;512;NaN;NaN
NED2003036_139;MFD_SETNO139;44.382167;59.331333;257708;189;16-jul-03;16:19:58;3.68978468992248;NaN;NaN;NaN;9;NaN;9;3.68978468992248;1;0;NaN;NaN
NED2003036_140;MFD_SETNO140;44.644;59.644333;257715;5;16-jul-03;19:16:34;1.09320872093023;NaN;NaN;NaN;9;NaN;9;1.09320872093023;1;0;NaN;NaN
NED2003036_140;MFD_SETNO140;44.644;59.644333;257714;25;16-jul-03;19:16:34;0.954388565891473;NaN;32.79;32.79;4;NaN;9;0.954388565891473;1;6;NaN;NaN
NED2003036_140;MFD_SETNO140;44.644;59.644333;257713;50;16-jul-03;19:16:34;0.607338178294573;6.755;31.825;31.825;4;6.755;1;0.607338178294573;1;6;NaN;NaN
NED2003036_140;MFD_SETNO140;44.644;59.644333;257712;76;16-jul-03;19:16:34;1.42290658914729;6.707;NaN;NaN;9;6.707;1;1.42290658914729;1;0;NaN;NaN
NED2003036_141;MFD_SETNO141;44.459333;59.787167;257718;5;16-jul-03;21:30:30;1.64848934108527;NaN;32.218;32.218;4;NaN;9;1.64848934108527;1;6;NaN;NaN
NED2003036_141;MFD_SETNO141;44.459333;59.787167;257717;25;16-jul-03;21:30:30;1.40555406976744;6.652;31.772;31.772;4;6.652;1;1.40555406976744;1;6;NaN;NaN
NED2003036_141;MFD_SETNO141;44.459333;59.787167;257716;50;16-jul-03;21:30:30;0.676748255813953;6.3835;NaN;NaN;9;6.3835;1;0.676748255813953;1;0;NaN;NaN
NED2003036_142;MFD_SETNO142;44.516667;59.900833;257722;5;16-jul-03;23:00:19;1.52702170542636;NaN;NaN;NaN;9;NaN;9;1.52702170542636;1;0;NaN;NaN
NED2003036_142;MFD_SETNO142;44.516667;59.900833;257721;25;16-jul-03;23:00:19;1.0411511627907;NaN;34.13;34.13;4;NaN;9;1.0411511627907;1;6;NaN;NaN
NED2003036_142;MFD_SETNO142;44.516667;59.900833;257720;50;16-jul-03;23:00:19;NaN;5.4515;31.658;31.658;4;5.4515;1;NaN;9;6;NaN;NaN
NED2003036_142;MFD_SETNO142;44.516667;59.900833;257719;72;16-jul-03;23:00:19;0.454005813953488;6.0815;NaN;NaN;9;6.0815;1;0.454005813953488;3;16;NaN;NaN
NED2003036_143;MFD_SETNO143;44.46;60.1015;257726;5;17-jul-03;01:09:00;1.09320872093023;NaN;NaN;NaN;9;NaN;9;1.09320872093023;1;0;NaN;NaN
NED2003036_143;MFD_SETNO143;44.46;60.1015;257725;25;17-jul-03;01:09:00;NaN;NaN;34.299;34.299;4;NaN;9;NaN;9;6;NaN;NaN
NED2003036_143;MFD_SETNO143;44.46;60.1015;257724;50;17-jul-03;01:09:00;0.0829903100775194;5.4185;31.47;31.47;4;5.4185;1;0.0829903100775194;1;6;NaN;NaN
NED2003036_143;MFD_SETNO143;44.46;60.1015;257723;118;17-jul-03;01:09:00;0.405187984496124;6.277;NaN;NaN;9;6.277;1;0.405187984496124;3;16;NaN;NaN
NED2003036_144;MFD_SETNO144;44.337167;60.105667;257730;5;17-jul-03;02:47:41;0.746158333333333;NaN;NaN;NaN;9;NaN;9;0.746158333333333;1;0;NaN;NaN
NED2003036_144;MFD_SETNO144;44.337167;60.105667;257729;25;17-jul-03;02:47:41;2.65040872093023;NaN;32.66;32.66;4;NaN;9;2.65040872093023;7;518;NaN;NaN
NED2003036_144;MFD_SETNO144;44.337167;60.105667;257728;50;17-jul-03;02:47:41;0.122044573643411;6.491;31.486;31.486;4;6.491;1;0.122044573643411;7;518;NaN;NaN
NED2003036_144;MFD_SETNO144;44.337167;60.105667;257727;112;17-jul-03;02:47:41;0.346606589147287;6.105;NaN;NaN;9;6.105;1;0.346606589147287;3;16;NaN;NaN
NED2003036_145;MFD_SETNO145;44.413333;60.2755;257734;5;17-jul-03;04:43:11;0.454005813953488;6.1035;NaN;NaN;9;6.1035;1;0.454005813953488;1;0;NaN;NaN
NED2003036_145;MFD_SETNO145;44.413333;60.2755;257733;25;17-jul-03;04:43:11;1.0411511627907;NaN;32.295;32.295;4;NaN;9;1.0411511627907;1;6;NaN;NaN
NED2003036_145;MFD_SETNO145;44.413333;60.2755;257732;50;17-jul-03;04:43:11;1.47496414728682;6.985;31.145;31.145;4;6.985;1;1.47496414728682;1;6;NaN;NaN
NED2003036_145;MFD_SETNO145;44.413333;60.2755;257731;65;17-jul-03;04:43:11;0.419833333333333;5.945;NaN;NaN;9;5.945;1;0.419833333333333;3;16;NaN;NaN
NED2003036_146;MFD_SETNO146;44.4975;60.378833;257737;5;17-jul-03;06:26:54;1.33614399224806;NaN;NaN;NaN;9;NaN;9;1.33614399224806;1;0;NaN;NaN
NED2003036_146;MFD_SETNO146;44.4975;60.378833;257736;25;17-jul-03;06:26:54;2.18641744186047;NaN;32.47;32.47;4;NaN;9;2.18641744186047;1;6;NaN;NaN
NED2003036_146;MFD_SETNO146;44.4975;60.378833;257735;48;17-jul-03;06:26:54;1.33614399224806;6.864;31.638;31.638;4;6.864;1;1.33614399224806;1;6;NaN;NaN
NED2003036_147;MFD_SETNO147;44.529167;60.637333;257740;5;17-jul-03;08:20:59;1.1973238372093;NaN;33.402;33.402;4;NaN;9;1.1973238372093;1;6;NaN;NaN
NED2003036_147;MFD_SETNO147;44.529167;60.637333;257739;25;17-jul-03;08:20:59;0.122044573643411;6.017;31.616;31.616;4;6.017;1;0.122044573643411;1;6;NaN;NaN
NED2003036_147;MFD_SETNO147;44.529167;60.637333;257738;45;17-jul-03;08:20:59;0.414951550387597;6.2005;NaN;NaN;9;6.2005;1;0.414951550387597;1;0;NaN;NaN
NED2003036_148;MFD_SETNO148;44.419667;60.654333;257743;5;17-jul-03;09:56:45;0.0761558139534884;5.7685;31.065;31.065;4;5.7685;1;0.0761558139534884;1;6;NaN;NaN
NED2003036_148;MFD_SETNO148;44.419667;60.654333;257742;25;17-jul-03;09:56:45;0.346606589147287;5.9315;NaN;NaN;9;5.9315;1;0.346606589147287;1;0;NaN;NaN
NED2003036_148;MFD_SETNO148;44.419667;60.654333;257741;53;17-jul-03;09:56:45;0.798215891472868;NaN;NaN;NaN;9;NaN;9;0.798215891472868;3;16;NaN;NaN
NED2003036_150;MFD_SETNO150;44.4775;60.959;257747;5;17-jul-03;12:49:51;0.385660852713178;7.058;31.1;31.1;4;7.058;1;0.385660852713178;1;6;NaN;NaN
NED2003036_150;MFD_SETNO150;44.4775;60.959;257746;25;17-jul-03;12:49:51;0.253852713178295;6.0795;NaN;NaN;9;6.0795;1;0.253852713178295;1;0;NaN;NaN
NED2003036_150;MFD_SETNO150;44.4775;60.959;257745;50;17-jul-03;12:49:51;0.639513565891473;NaN;NaN;NaN;9;NaN;9;0.639513565891473;1;0;NaN;NaN
NED2003036_150;MFD_SETNO150;44.4775;60.959;257744;89;17-jul-03;12:49:51;0.166158139534884;NaN;32.672;32.672;4;NaN;9;0.166158139534884;3;22;NaN;NaN
NED2003036_151;MFD_SETNO151;44.603833;60.852333;257751;5;17-jul-03;14:24:07;1.30143895348837;NaN;32.023;32.023;4;NaN;9;1.30143895348837;1;6;NaN;NaN
NED2003036_151;MFD_SETNO151;44.603833;60.852333;257750;35;17-jul-03;14:24:07;1.11056124031008;7.0145;31.082;31.082;4;7.0145;1;1.11056124031008;1;6;NaN;NaN
NED2003036_151;MFD_SETNO151;44.603833;60.852333;257749;50;17-jul-03;14:24:07;0.027337984496124;6.0855;NaN;NaN;9;6.0855;1;0.027337984496124;1;0;NaN;NaN
NED2003036_151;MFD_SETNO151;44.603833;60.852333;257748;73;17-jul-03;14:24:07;0.595577519379845;NaN;32.186;32.186;4;NaN;9;0.595577519379845;3;22;NaN;NaN
NED2003036_153;MFD_SETNO153;44.742;61.006167;257755;5;17-jul-03;18:04:16;0.429596899224806;5.9955;NaN;NaN;9;5.9955;1;0.429596899224806;1;0;NaN;NaN
NED2003036_153;MFD_SETNO153;44.742;61.006167;257754;36;17-jul-03;18:04:16;1.28408643410853;NaN;32.609;32.609;4;NaN;9;1.28408643410853;1;6;NaN;NaN
NED2003036_153;MFD_SETNO153;44.742;61.006167;257753;50;17-jul-03;18:04:16;0.41006976744186;6.527;31.354;31.354;4;6.527;1;0.41006976744186;1;6;NaN;NaN
NED2003036_153;MFD_SETNO153;44.742;61.006167;257752;154;17-jul-03;18:04:16;0.346606589147287;6.0695;NaN;NaN;9;6.0695;1;0.346606589147287;3;16;NaN;NaN
NED2003036_154;MFD_SETNO154;44.773833;61.280833;257759;5;17-jul-03;20:07:48;0.954388565891473;6.9415;NaN;NaN;9;6.9415;1;0.954388565891473;1;0;NaN;NaN
NED2003036_154;MFD_SETNO154;44.773833;61.280833;257758;40;17-jul-03;20:07:48;3.17009670542636;NaN;NaN;NaN;9;NaN;9;3.17009670542636;7;512;NaN;NaN
NED2003036_154;MFD_SETNO154;44.773833;61.280833;257757;50;17-jul-03;20:07:48;0.146453488372093;NaN;32.989;32.989;4;NaN;9;0.146453488372093;7;518;NaN;NaN
NED2003036_154;MFD_SETNO154;44.773833;61.280833;257756;88;17-jul-03;20:07:48;0.146453488372093;5.9885;31.301;31.301;4;5.9885;1;0.146453488372093;3;22;NaN;NaN
NED2003036_155;MFD_SETNO155;44.2655;63.318167;257769;1;18-jul-03;04:52:38;32.884;1.14526627906977;5.9105;5.9105;1;1.14526627906977;1;32.884;7;512;NaN;NaN
NED2003036_155;MFD_SETNO155;44.2655;63.318167;257768;5;18-jul-03;04:52:38;31.604;NaN;31.857;31.857;4;NaN;9;31.604;7;518;NaN;NaN
NED2003036_155;MFD_SETNO155;44.2655;63.318167;257767;10;18-jul-03;04:52:38;0.41006976744186;4.6227;NaN;NaN;9;4.6227;1;0.41006976744186;7;512;NaN;NaN
NED2003036_155;MFD_SETNO155;44.2655;63.318167;257766;20;18-jul-03;04:52:38;13.3295751937985;NaN;NaN;NaN;9;NaN;9;13.3295751937985;7;512;NaN;NaN
NED2003036_155;MFD_SETNO155;44.2655;63.318167;257765;30;18-jul-03;04:52:38;0.810375968992248;NaN;32.38;32.38;4;NaN;9;0.810375968992248;7;518;NaN;NaN
NED2003036_155;MFD_SETNO155;44.2655;63.318167;257764;40;18-jul-03;04:52:38;0.439360465116279;6.657;31.704;31.704;4;6.657;1;0.439360465116279;1;6;NaN;NaN
NED2003036_155;MFD_SETNO155;44.2655;63.318167;257763;50;18-jul-03;04:52:38;0.366133720930233;5.652;NaN;NaN;9;5.652;1;0.366133720930233;1;0;NaN;NaN
NED2003036_155;MFD_SETNO155;44.2655;63.318167;257762;75;18-jul-03;04:52:38;1.17997131782946;NaN;NaN;NaN;9;NaN;9;1.17997131782946;1;0;NaN;NaN
NED2003036_155;MFD_SETNO155;44.2655;63.318167;257761;100;18-jul-03;04:52:38;0.322197674418605;NaN;32.898;32.898;4;NaN;9;0.322197674418605;3;22;NaN;NaN
NED2003036_155;MFD_SETNO155;44.2655;63.318167;257760;156;18-jul-03;04:52:38;0.161098837209302;6.2455;31.835;31.835;4;6.2455;1;0.161098837209302;3;22;NaN;NaN
