CTD;CTD;CTD;CTD;CTD;CTD;CTD;CTD;CTD;CTD;CTD;labo;labo;labo;labo;labo;labo;labo;labo;labo;labo;labo;labo;labo;calc;calc
Fichier;Station;Latitude;Longitude;Echantillon;zbouteille;Date;Heure;PSAL;TEMP_XX;DOXY;CHL_01;Q_CHL;PSAL_BS;Q_PSAL;OXY_03;Q_OXY;NOx_01;Q_NOX;PO4_01;Q_PO4;Si_01;Q_Si;QCFF;N_P;N_Si
(nom);(nom/no);(degres);(degres);(no_unique);(dbar);(jj-mmm-yyyy);(GMT);(psu);(celsius);(ml/l);(mg/m**3);((none));(PSU);((none));(ml/l);((none));(mmol/m**3);((none));(mmol/m**3);((none));(mmol/m**3);((none));((none));((none));((none))
NED2006030_0;MFD_SETNO0;44.274;-63.321667;274924;2;06-jul-06;02:35:22;30.9875;12.5147;4.82019;0.399783096774194;1;31.016;1;7.041;7;0;1;0.266;1;0.9505;1;256;0.00;0.00
NED2006030_0;MFD_SETNO0;44.274;-63.321667;274923;4;06-jul-06;02:35:22;31.0267;12.5141;4.83349;0.387544838709677;1;NaN;9;NaN;9;0.0355;1;0.265;1;1.0175;1;0;0.13;0.03
NED2006030_0;MFD_SETNO0;44.274;-63.321667;274922;10;06-jul-06;02:35:22;31.2426;12.1858;4.87348;0.334512387096774;1;NaN;9;NaN;9;0.0105;1;0.263;1;0.976;1;0;0.04;0.01
NED2006030_0;MFD_SETNO0;44.274;-63.321667;274921;20;06-jul-06;02:35:22;31.6545;6.5196;5.69915;NaN;9;NaN;9;NaN;9;NaN;9;NaN;9;NaN;9;0;NaN;NaN
NED2006030_0;MFD_SETNO0;44.274;-63.321667;274920;30;06-jul-06;02:35:22;32.0878;5.3191;5.49747;0.693298064516129;1;NaN;9;NaN;9;0.225;1;0.4515;1;1.3025;1;0;0.50;0.17
NED2006030_0;MFD_SETNO0;44.274;-63.321667;274919;41;06-jul-06;02:35:22;32.5154;5.6308;5.11727;1.34877987096774;1;32.467;1;7.638;7;0.9095;1;0.535;1;2.983;1;256;1.70;0.30
NED2006030_0;MFD_SETNO0;44.274;-63.321667;274918;49;06-jul-06;02:35:22;32.7186;5.8145;5.15484;0.68069264516129;1;NaN;9;NaN;9;0.414;1;0.451;1;2.7805;1;0;0.92;0.15
NED2006030_0;MFD_SETNO0;44.274;-63.321667;274917;75;06-jul-06;02:35:22;33.1582;5.8978;4.51792;0.216209225806452;1;NaN;9;NaN;9;4.6135;1;0.6065;1;4.2005;1;0;7.61;1.10
NED2006030_0;MFD_SETNO0;44.274;-63.321667;274916;102;06-jul-06;02:35:22;33.6522;6.8856;3.54368;0.0102787096774193;1;NaN;9;NaN;9;10.5185;1;0.9255;1;9.7745;1;0;11.37;1.08
NED2006030_0;MFD_SETNO0;44.274;-63.321667;274915;173;06-jul-06;02:35:22;34.5708;9.0149;2.49285;0.0064241935483871;1;34.58;1;3.9235;7;17.407;1;1.349;1;17.0695;1;256;12.90;1.02
NED2006030_1;MFD_SETNO1;43.697;-63.406667;274928;4;06-jul-06;08:09:30;31.1729;15.228;4.40847;0.138700258064516;1;31.201;1;4.216;1;0.081;1;0.296;1;0.9795;1;0;0.27;0.08
NED2006030_1;MFD_SETNO1;43.697;-63.406667;274927;25;06-jul-06;08:09:30;32.1325;7.7879;5.23024;0.718508903225807;1;NaN;9;NaN;9;0.7665;1;0.5495;1;2.4505;1;0;1.39;0.31
NED2006030_1;MFD_SETNO1;43.697;-63.406667;274926;52;06-jul-06;08:09:30;33.033;5.8925;4.51101;0.203970967741935;1;NaN;9;NaN;9;6.33;1;0.7365;1;4.2325;1;0;8.59;1.50
NED2006030_1;MFD_SETNO1;43.697;-63.406667;274925;114;06-jul-06;08:09:30;34.4671;8.9135;2.8613;0.0115635483870968;1;NaN;9;4.22266666666667;7;16.0505;1;1.2515;1;13.051;1;256;12.83;1.23
NED2006030_2;MFD_SETNO2;43.296333;-63.591667;274932;5;06-jul-06;12:05:13;30.8259;13.4881;4.58947;0.297797612903226;1;34.978;7;6.8135;7;0.0575;1;0.327;1;1.2305;1;256;0.18;0.05
NED2006030_2;MFD_SETNO2;43.296333;-63.591667;274931;24;06-jul-06;12:05:13;32.0109;4.5234;5.24441;1.0084335483871;1;NaN;9;NaN;9;0.9585;1;0.522;1;2.04;1;0;1.84;0.47
NED2006030_2;MFD_SETNO2;43.296333;-63.591667;274930;50;06-jul-06;12:05:13;32.5259;4.5196;4.68097;0.126462;1;NaN;9;NaN;9;6.038;1;0.7915;1;5.131;1;0;7.63;1.18
NED2006030_2;MFD_SETNO2;43.296333;-63.591667;274929;181;06-jul-06;12:05:13;34.9536;9.558;2.09144;0.0064241935483871;1;NaN;9;3.205;7;21.2125;1;1.5475;1;18.176;1;256;13.71;1.17
NED2006030_3;MFD_SETNO3;43.1135;-63.605333;274936;6;06-jul-06;15:41:31;30.5661;14.6499;4.52315;0.301877032258065;1;NaN;9;6.183;7;0.093;1;0.272;1;1.0385;1;256;0.34;0.09
NED2006030_3;MFD_SETNO3;43.1135;-63.605333;274935;25;06-jul-06;15:41:31;31.9128;6.9087;5.09656;0.68069264516129;1;NaN;9;NaN;9;0.192;1;0.4095;1;1.6435;1;0;0.47;0.12
NED2006030_3;MFD_SETNO3;43.1135;-63.605333;274934;50;06-jul-06;15:41:31;32.7408;5.3285;4.65769;0.338591806451613;1;32.751;1;6.5065;7;5.067;1;0.7375;1;4.133;1;256;6.87;1.23
NED2006030_3;MFD_SETNO3;43.1135;-63.605333;274933;145;06-jul-06;15:41:31;35.0499;9.4424;2.62873;NaN;9;NaN;9;NaN;9;NaN;9;NaN;9;NaN;9;0;NaN;NaN
NED2006030_4;MFD_SETNO4;43.1155;-64.108667;274940;5;06-jul-06;18:33:29;30.9544;15.5932;4.43648;0.390768;1;NaN;9;6.2375;7;0.0175;1;0.267;1;1.087;1;256;0.07;0.02
NED2006030_4;MFD_SETNO4;43.1155;-64.108667;274939;25;06-jul-06;18:33:29;31.8168;6.5817;5.32921;0.693298064516129;1;NaN;9;NaN;9;0.0925;1;0.394;1;1.618;1;0;0.23;0.06
NED2006030_4;MFD_SETNO4;43.1155;-64.108667;274938;50;06-jul-06;18:33:29;32.5317;4.9785;4.93004;0.479005935483871;1;NaN;9;NaN;9;3.282;1;0.6215;1;2.8555;1;0;5.28;1.15
NED2006030_4;MFD_SETNO4;43.1155;-64.108667;274937;86;06-jul-06;18:33:29;33.5414;6.7791;3.60139;0.015418064516129;1;33.554;1;5.0545;7;11.5015;1;1.024;1;10.6935;1;256;11.23;1.08
NED2006030_5;MFD_SETNO5;43.253667;-64.258833;274944;4;06-jul-06;20:33:10;30.8452;13.3915;4.64879;0.232526903225806;1;NaN;9;6.42;7;0.044;1;0.2915;1;1.255;1;256;0.15;0.04
NED2006030_5;MFD_SETNO5;43.253667;-64.258833;274943;25;06-jul-06;20:33:10;31.7291;9.2198;5.2819;NaN;9;NaN;9;NaN;9;NaN;9;NaN;9;NaN;9;0;NaN;NaN
NED2006030_5;MFD_SETNO5;43.253667;-64.258833;274942;50;06-jul-06;20:33:10;32.6945;5.8544;5.00014;NaN;9;NaN;9;NaN;9;NaN;9;NaN;9;NaN;9;0;NaN;NaN
NED2006030_5;MFD_SETNO5;43.253667;-64.258833;274941;92;06-jul-06;20:33:10;33.7201;7.099;3.4584;0.0205574193548387;1;33.616;7;4.9535;7;11.9335;1;1.0525;1;11.667;1;256;11.34;1.02
NED2006030_6;MFD_SETNO6;43.356833;-63.988667;274948;5;06-jul-06;23:03:38;30.7478;12.4062;4.75616;0.453795096774194;1;NaN;9;6.564;7;0.04;1;0.3095;1;1.2485;1;256;0.13;0.03
NED2006030_6;MFD_SETNO6;43.356833;-63.988667;274947;25;06-jul-06;23:03:38;32.4591;6.0584;5.49033;0.781536;1;NaN;9;NaN;9;0.1335;1;0.425;1;1.645;1;0;0.31;0.08
NED2006030_6;MFD_SETNO6;43.356833;-63.988667;274946;50;06-jul-06;23:03:38;32.8631;5.0378;4.30017;0.146859096774194;1;NaN;9;NaN;9;8.257;1;0.911;1;7.282;1;0;9.06;1.13
NED2006030_6;MFD_SETNO6;43.356833;-63.988667;274945;101;06-jul-06;23:03:38;34.1686;7.9699;2.75833;0.0102787096774194;1;34.195;1;3.857;7;16.2525;1;1.2605;1;15.5455;1;256;12.89;1.05
NED2006030_7;MFD_SETNO7;43.576667;-64.078;274952;5;07-jul-06;01:28:24;31.0214;11.6327;4.80902;0.269241677419355;1;NaN;9;6.9285;7;0;1;0.3195;1;1.261;1;256;0.00;0.00
NED2006030_7;MFD_SETNO7;43.576667;-64.078;274951;25;07-jul-06;01:28:24;32.3426;7.2321;5.28059;0.819352258064516;1;NaN;9;NaN;9;0.0665;1;0.416;1;1.409;1;0;0.16;0.05
NED2006030_7;MFD_SETNO7;43.576667;-64.078;274950;50;07-jul-06;01:28:24;32.7988;5.1219;4.62929;NaN;9;NaN;9;NaN;9;NaN;9;NaN;9;NaN;9;0;NaN;NaN
NED2006030_7;MFD_SETNO7;43.576667;-64.078;274949;183;07-jul-06;01:28:24;34.8986;9.4255;1.68667;0.00899387096774193;1;34.917;1;2.657;1;21.565;1;1.5405;1;22.206;1;0;14.00;0.97
NED2006030_8;MFD_SETNO8;43.781;-64.124167;274956;5;07-jul-06;03:55:22;30.9348;11.5035;4.835;0.261082838709677;1;NaN;9;6.619;7;0.0095;1;0.314;1;1.246;1;256;0.03;0.01
NED2006030_8;MFD_SETNO8;43.781;-64.124167;274955;24;07-jul-06;03:55:22;32.0261;5.2882;5.46008;0.806746838709677;1;NaN;9;NaN;9;0.138;1;0.458;1;1.178;1;0;0.30;0.12
NED2006030_8;MFD_SETNO8;43.781;-64.124167;274954;49;07-jul-06;03:55:22;32.558;4.4313;4.80715;0.252108387096774;1;NaN;9;NaN;9;5.3055;1;0.7475;1;3.8935;1;0;7.10;1.36
NED2006030_8;MFD_SETNO8;43.781;-64.124167;274953;194;07-jul-06;03:55:22;34.917;9.5773;2.02368;0.00642419354838709;1;34.919;1;3.23733333333333;7;21.4885;1;1.4355;1;19.6925;1;256;14.97;1.09
NED2006030_9;MFD_SETNO9;43.836167;-64.3355;274960;5;07-jul-06;06:11:37;31.2228;11.7318;4.828;0.326353548387097;1;NaN;9;5.43233333333333;1;0.033;1;0.3115;1;1.122;1;0;0.11;0.03
NED2006030_9;MFD_SETNO9;43.836167;-64.3355;274959;26;07-jul-06;06:11:37;31.7819;4.9948;5.24281;1.22182606451613;1;NaN;9;NaN;9;0.3085;1;0.4605;1;1.64;1;0;0.67;0.19
NED2006030_9;MFD_SETNO9;43.836167;-64.3355;274958;49;07-jul-06;06:11:37;32.0375;4.0297;5.03291;NaN;9;NaN;9;NaN;9;NaN;9;NaN;9;NaN;9;0;NaN;NaN
NED2006030_9;MFD_SETNO9;43.836167;-64.3355;274957;126;07-jul-06;06:11:37;34.2123;8.1231;2.73899;0.0128483870967742;1;34.216;1;3.54066666666667;1;16.1675;1;1.25;1;16.513;1;0;12.93;0.98
NED2006030_10;MFD_SETNO10;43.574667;-64.347167;274964;4;07-jul-06;09:09:46;31.0646;13.6143;4.54841;0.265162258064516;1;NaN;9;5.57533333333333;7;0.006;1;0.2925;1;1.066;1;256;0.02;0.01
NED2006030_10;MFD_SETNO10;43.574667;-64.347167;274963;26;07-jul-06;09:09:46;31.6616;5.2507;5.41138;1.64182877419355;1;NaN;9;NaN;9;0.646;1;0.4955;1;1.8335;1;0;1.30;0.35
NED2006030_10;MFD_SETNO10;43.574667;-64.347167;274962;50;07-jul-06;09:09:46;31.9563;2.9539;5.01998;0.232526903225806;1;NaN;9;NaN;9;4.86;1;0.7795;1;4.512;1;0;6.23;1.08
NED2006030_10;MFD_SETNO10;43.574667;-64.347167;274961;178;07-jul-06;09:09:46;34.7828;9.2703;2.02948;0.0565329032258065;1;33.867;7;5.15733333333333;7;14.1415;1;1.1065;1;12.425;1;256;12.78;1.14
NED2006030_11;MFD_SETNO11;43.2345;-64.607333;274968;5;07-jul-06;13:16:39;30.9837;13.8794;4.57907;0.257003419354839;1;NaN;9;5.758;7;0;1;0.2705;1;1.066;1;256;0.00;0.00
NED2006030_11;MFD_SETNO11;43.2345;-64.607333;274967;25;07-jul-06;13:16:39;31.2399;7.8092;5.21567;1.08406606451613;1;NaN;9;NaN;9;0.0855;1;0.4105;1;1.537;1;0;0.21;0.06
NED2006030_11;MFD_SETNO11;43.2345;-64.607333;274966;50;07-jul-06;13:16:39;32.1514;5.1975;5.27571;0.49161135483871;1;NaN;9;NaN;9;0.6385;1;0.5075;1;1.75;1;0;1.26;0.36
NED2006030_11;MFD_SETNO11;43.2345;-64.607333;274965;120;07-jul-06;13:16:39;34.2748;8.4402;3.11716;0.0192725806451613;1;34.269;1;5.22066666666667;7;14.6095;1;1.12;1;12.763;1;256;13.04;1.14
NED2006030_12;MFD_SETNO12;43.483833;-64.614667;274972;5;07-jul-06;16:15:16;31.1184;12.5352;4.72991;0.261082838709677;1;NaN;9;6.3105;7;0;1;0.294;1;0.881;1;256;0.00;0.00
NED2006030_12;MFD_SETNO12;43.483833;-64.614667;274971;26;07-jul-06;16:15:16;31.6201;6.7048;5.32953;NaN;9;NaN;9;NaN;9;NaN;9;NaN;9;NaN;9;0;NaN;NaN
NED2006030_12;MFD_SETNO12;43.483833;-64.614667;274970;49;07-jul-06;16:15:16;31.9932;4.7588;5.16421;0.257003419354839;1;32.212;7;6.571;7;3.9345;1;0.707;1;3.769;1;256;5.57;1.04
NED2006030_12;MFD_SETNO12;43.483833;-64.614667;274969;79;07-jul-06;16:15:16;32.3096;4.2885;4.78396;NaN;9;NaN;9;NaN;9;NaN;9;NaN;9;NaN;9;0;NaN;NaN
NED2006030_13;MFD_SETNO13;43.459;-64.768167;274976;5;07-jul-06;18:23:00;30.8527;13.6936;4.60658;0.236606322580645;1;NaN;9;6.099;7;0;1;0.2765;1;1.1145;1;256;0.00;0.00
NED2006030_13;MFD_SETNO13;43.459;-64.768167;274975;25;07-jul-06;18:23:00;31.8323;5.4275;5.39208;0.995828129032258;1;NaN;9;NaN;9;0.2575;1;0.4355;1;1.3845;1;0;0.59;0.19
NED2006030_13;MFD_SETNO13;43.459;-64.768167;274974;51;07-jul-06;18:23:00;32.2435;3.809;4.82378;0.155017935483871;1;NaN;9;NaN;9;4.9045;1;0.786;1;4.589;1;0;6.24;1.07
NED2006030_13;MFD_SETNO13;43.459;-64.768167;274973;88;07-jul-06;18:23:00;32.5502;4.486;4.47748;0.0775089677419355;1;32.493;1;6.1495;7;6.1205;1;0.797;1;6.107;1;256;7.68;1.00
NED2006030_14;MFD_SETNO14;43.3825;-65.139167;274980;5;07-jul-06;20:52:42;31.2446;12.0028;4.82848;NaN;9;NaN;9;6.3625;7;NaN;9;NaN;9;NaN;9;256;NaN;NaN
NED2006030_14;MFD_SETNO14;43.3825;-65.139167;274979;24;07-jul-06;20:52:42;31.7582;7.4231;5.24871;NaN;9;NaN;9;4.3685;1;NaN;9;NaN;9;NaN;9;0;NaN;NaN
NED2006030_14;MFD_SETNO14;43.3825;-65.139167;274978;52;07-jul-06;20:52:42;32.3577;4.3705;4.78773;0.163176774193548;1;NaN;9;NaN;9;5.472;1;0.7715;1;4.617;1;0;7.09;1.19
NED2006030_14;MFD_SETNO14;43.3825;-65.139167;274977;147;07-jul-06;20:52:42;33.5624;6.5861;3.18844;0.0115635483870968;1;33.575;1;NaN;9;13.33;1;1.143;1;13.7415;1;0;11.66;0.97
NED2006030_15;MFD_SETNO15;43.133333;-64.968167;274984;6;07-jul-06;23:53:09;31.0057;15.3744;4.46823;0.301877032258065;1;NaN;9;6.564;7;0;1;0.276;1;1.2155;1;256;0.00;0.00
NED2006030_15;MFD_SETNO15;43.133333;-64.968167;274983;26;07-jul-06;23:53:09;31.5419;9.7431;5.19576;NaN;9;NaN;9;NaN;9;NaN;9;NaN;9;NaN;9;0;NaN;NaN
NED2006030_15;MFD_SETNO15;43.133333;-64.968167;274982;51;07-jul-06;23:53:09;32.4596;5.0326;4.90508;0.466400516129032;1;NaN;9;NaN;9;3.094;1;0.623;1;2.992;1;0;4.97;1.03
NED2006030_15;MFD_SETNO15;43.133333;-64.968167;274981;121;07-jul-06;23:53:09;34.0921;7.8325;2.87483;0.0167029032258064;1;33.888;7;4.528;7;14.464;1;1.1745;1;13.171;1;256;12.32;1.10
NED2006030_16;MFD_SETNO16;42.947833;-64.759;274988;4;08-jul-06;03:07:43;31.8913;14.0337;4.64854;0.41202135483871;1;NaN;9;6.57366666666667;7;0;1;0.292;1;1.7695;1;256;0.00;0.00
NED2006030_16;MFD_SETNO16;42.947833;-64.759;274987;25;08-jul-06;03:07:43;31.8725;9.3075;5.07734;NaN;9;NaN;9;NaN;9;NaN;9;NaN;9;NaN;9;0;NaN;NaN
NED2006030_16;MFD_SETNO16;42.947833;-64.759;274986;50;08-jul-06;03:07:43;32.2488;5.1;4.74173;0.228447483870968;1;NaN;9;NaN;9;5.239;1;0.724;1;4.3245;1;0;7.24;1.21
NED2006030_16;MFD_SETNO16;42.947833;-64.759;274985;84;08-jul-06;03:07:43;32.7306;5.3012;3.95609;0.0334058064516129;1;32.755;1;5.36733333333333;7;9.4705;1;0.9665;1;8.6655;1;256;9.80;1.09
NED2006030_17;MFD_SETNO17;42.909667;-64.605167;274992;5;08-jul-06;04:55:39;31.299;13.7511;4.6714;NaN;9;NaN;9;NaN;9;NaN;9;NaN;9;NaN;9;0;NaN;NaN
NED2006030_17;MFD_SETNO17;42.909667;-64.605167;274991;25;08-jul-06;04:55:39;31.5139;8.7522;5.2083;0.617665548387097;1;NaN;9;NaN;9;0;1;0.353;1;1.373;1;0;0.00;0.00
NED2006030_17;MFD_SETNO17;42.909667;-64.605167;274990;50;08-jul-06;04:55:39;32.5873;5.063;4.44621;0.122382580645161;1;NaN;9;NaN;9;8.089;1;0.8675;1;7.2575;1;0;9.32;1.11
NED2006030_17;MFD_SETNO17;42.909667;-64.605167;274989;93;08-jul-06;04:55:39;32.7825;5.3506;3.89579;NaN;9;NaN;9;NaN;9;NaN;9;NaN;9;NaN;9;0;NaN;NaN
NED2006030_18;MFD_SETNO18;42.747;-64.842;274996;5;08-jul-06;07:13:42;31.6647;13.5661;4.75164;0.453795096774193;1;NaN;9;6.55933333333333;7;0;1;0.3285;1;1.8595;1;256;0.00;0.00
NED2006030_18;MFD_SETNO18;42.747;-64.842;274995;25;08-jul-06;07:13:42;31.7825;9.6313;5.01219;1.33637225806452;1;NaN;9;NaN;9;0.0195;1;0.3635;1;1.8635;1;0;0.05;0.01
NED2006030_18;MFD_SETNO18;42.747;-64.842;274994;50;08-jul-06;07:13:42;32.537;5.6513;4.42849;0.088653870967742;1;NaN;9;NaN;9;7.673;1;0.8145;1;6.5435;1;0;9.42;1.17
NED2006030_18;MFD_SETNO18;42.747;-64.842;274993;108;08-jul-06;07:13:42;33.1225;6.2568;3.87998;0.0179877419354839;1;33.151;1;5.96433333333333;7;10.0285;1;0.929;1;8.5705;1;256;10.79;1.17
NED2006030_19;MFD_SETNO19;42.633833;-65.014667;275000;5;08-jul-06;09:11:07;31.8721;14.2999;4.63632;NaN;9;NaN;9;NaN;9;NaN;9;NaN;9;NaN;9;0;NaN;NaN
NED2006030_19;MFD_SETNO19;42.633833;-65.014667;274999;23;08-jul-06;09:11:07;31.8739;12.0922;4.8254;0.403373419354839;1;NaN;9;NaN;9;0;1;0.3275;1;1.929;1;0;0.00;0.00
NED2006030_19;MFD_SETNO19;42.633833;-65.014667;274998;50;08-jul-06;09:11:07;31.8966;8.0429;4.91503;0.630270967741935;1;NaN;9;NaN;9;1.167;1;0.4625;1;2.331;1;0;2.52;0.50
NED2006030_19;MFD_SETNO19;42.633833;-65.014667;274997;109;08-jul-06;09:11:07;33.7295;7.8352;3.63779;0.0269816129032258;1;33.753;1;5.79466666666667;7;11.158;1;0.9325;1;8.3075;1;256;11.97;1.34
NED2006030_20;MFD_SETNO20;42.711167;-65.185167;288104;5;08-jul-06;11:02:31;31.528;13.9662;4.7074;0.305956451612903;1;NaN;9;6.826;7;0;1;0.34;1;1.677;1;256;0.00;0.00
NED2006030_20;MFD_SETNO20;42.711167;-65.185167;288103;25;08-jul-06;11:02:31;31.7297;9.6705;5.04947;0.819352258064516;1;NaN;9;NaN;9;0.0985;1;0.4175;1;2.047;1;0;0.24;0.05
NED2006030_20;MFD_SETNO20;42.711167;-65.185167;288102;50;08-jul-06;11:02:31;32.75;7.4232;4.40814;0.106064903225806;1;NaN;9;NaN;9;8.0255;1;0.797;1;5.933;1;0;10.07;1.35
NED2006030_20;MFD_SETNO20;42.711167;-65.185167;288101;98;08-jul-06;11:02:31;33.1705;7.7193;4.04305;0.0652707096774194;1;33.199;1;5.888;7;8.6945;1;0.8815;1;6.47;1;256;9.86;1.34
NED2006030_21;MFD_SETNO21;42.624833;-65.343833;288108;5;08-jul-06;12:59:19;31.7147;14.758;4.6323;0.453795096774193;1;NaN;9;6.452;7;0.085;1;0.2815;1;2.177;1;256;0.30;0.04
NED2006030_21;MFD_SETNO21;42.624833;-65.343833;288107;24;08-jul-06;12:59:19;31.8316;13.1965;4.84052;0.630270967741935;1;NaN;9;NaN;9;0.024;1;0.2565;1;2.1305;1;0;0.09;0.01
NED2006030_21;MFD_SETNO21;42.624833;-65.343833;288106;50;08-jul-06;12:59:19;31.9264;10.9399;4.9513;0.399783096774194;1;NaN;9;NaN;9;4.866;1;0.606;1;4.5345;1;0;8.03;1.07
NED2006030_21;MFD_SETNO21;42.624833;-65.343833;288105;93;08-jul-06;12:59:19;33.547;8.45;3.91787;0.0693501290322581;1;33.54;1;5.622;7;9.8715;1;0.917;1;6.935;1;256;10.76;1.42
NED2006030_22;MFD_SETNO22;42.511667;-65.481833;288112;5;08-jul-06;14:58:39;31.4312;13.4516;4.75643;0.314115290322581;1;NaN;9;6.471;7;0.0325;1;0.2755;1;1.77;1;256;0.12;0.02
NED2006030_22;MFD_SETNO22;42.511667;-65.481833;288111;25;08-jul-06;14:58:39;32.5358;9.3087;4.87424;0.743719741935484;1;NaN;9;NaN;9;0.7755;1;0.3705;1;2.3985;1;0;2.09;0.32
NED2006030_22;MFD_SETNO22;42.511667;-65.481833;288110;50;08-jul-06;14:58:39;34.1079;11.8418;3.95876;NaN;9;NaN;9;NaN;9;NaN;9;NaN;9;NaN;9;0;NaN;NaN
NED2006030_22;MFD_SETNO22;42.511667;-65.481833;288109;99;08-jul-06;14:58:39;34.0821;9.6353;3.69027;0.0539632258064516;1;34.107;1;5.0665;7;11.2;1;0.894;1;7.0205;1;256;12.53;1.60
NED2006030_23;MFD_SETNO23;42.6025;-65.562167;288116;5;08-jul-06;16:45:58;31.7054;13.3942;4.80468;0.403373419354839;1;NaN;9;6.633;7;0.0465;1;0.2705;1;2.1045;1;256;0.17;0.02
NED2006030_23;MFD_SETNO23;42.6025;-65.562167;288115;25;08-jul-06;16:45:58;32.3815;9.043;4.75418;0.806746838709677;1;NaN;9;NaN;9;2.076;1;0.395;1;3.2585;1;0;5.26;0.64
NED2006030_23;MFD_SETNO23;42.6025;-65.562167;288114;51;08-jul-06;16:45:58;33.4548;7.9301;3.93466;0.142779677419355;1;NaN;9;NaN;9;9.0695;1;0.898;1;6.9975;1;0;10.10;1.30
NED2006030_23;MFD_SETNO23;42.6025;-65.562167;288113;92;08-jul-06;16:45:58;33.7846;8.7665;3.74989;0.0611912903225807;1;33.807;1;5.321;7;11.31;1;0.9305;1;7.767;1;256;12.15;1.46
NED2006030_24;MFD_SETNO24;42.636833;-65.6475;288120;5;08-jul-06;18:01:59;31.7993;14.3137;4.65359;0.415978838709677;1;NaN;9;6.4435;7;0.0595;1;0.2665;1;2.1615;1;256;0.22;0.03
NED2006030_24;MFD_SETNO24;42.636833;-65.6475;288119;25;08-jul-06;18:01:59;32.2458;9.916;4.83387;1.02103896774194;1;NaN;9;NaN;9;2.0145;1;0.422;1;3.462;1;0;4.77;0.58
NED2006030_24;MFD_SETNO24;42.636833;-65.6475;288118;51;08-jul-06;18:01:59;33.1848;7.4225;4.0616;0.0860841935483871;1;NaN;9;NaN;9;9.9585;1;0.893;1;7.76;1;0;11.15;1.28
NED2006030_24;MFD_SETNO24;42.636833;-65.6475;288117;89;08-jul-06;18:01:59;33.3059;7.8039;3.96705;0.0513935483870968;1;33.33;1;5.522;7;10.2625;1;0.934;1;7.892;1;256;10.99;1.30
NED2006030_25;MFD_SETNO25;42.825667;-65.433333;288124;6;08-jul-06;20:54:52;31.6716;10.7434;5.19166;NaN;9;NaN;9;6.6405;7;NaN;9;NaN;9;NaN;9;256;NaN;NaN
NED2006030_25;MFD_SETNO25;42.825667;-65.433333;288123;26;08-jul-06;20:54:52;31.9721;6.4579;5.10618;1.33637225806452;1;NaN;9;NaN;9;1.083;1;0.4735;1;2.7895;1;0;2.29;0.39
NED2006030_25;MFD_SETNO25;42.825667;-65.433333;288122;51;08-jul-06;20:54:52;33.1058;7.8955;4.22012;0.130541419354839;1;NaN;9;NaN;9;8.808;1;0.8895;1;6.4325;1;0;9.90;1.37
NED2006030_25;MFD_SETNO25;42.825667;-65.433333;288121;132;08-jul-06;20:54:52;33.6681;7.162;3.16234;0.315135483870968;1;33.04;7;5.3525;7;8.1585;1;0.859;1;7.3;1;256;9.50;1.12
NED2006030_26;MFD_SETNO26;43.0775;-65.2605;288128;5;08-jul-06;23:33:02;31.3775;11.7088;4.86918;0.436497870967742;1;NaN;9;6.8535;7;0.0485;1;0.2545;1;1.4535;1;256;0.19;0.03
NED2006030_26;MFD_SETNO26;43.0775;-65.2605;288127;25;08-jul-06;23:33:02;32.033;4.8587;5.14092;NaN;9;NaN;9;NaN;9;NaN;9;NaN;9;NaN;9;0;NaN;NaN
NED2006030_26;MFD_SETNO26;43.0775;-65.2605;288126;51;08-jul-06;23:33:02;32.6184;4.8425;4.6153;0.110144322580645;1;NaN;9;NaN;9;6.201;1;0.7585;1;5.1515;1;0;8.18;1.20
NED2006030_26;MFD_SETNO26;43.0775;-65.2605;288125;143;08-jul-06;23:33:02;33.5367;6.5546;3.25281;0.0179877419354839;1;33.517;1;4.659;7;13.4105;1;1.2295;1;13.218;1;256;10.91;1.01
NED2006030_27;MFD_SETNO27;43.021333;-65.469833;288132;5;09-jul-06;01:20:36;31.7054;10.4763;5.25924;1.04624980645161;1;NaN;9;7.362;7;0.044;1;0.335;1;1.0795;1;256;0.13;0.04
NED2006030_27;MFD_SETNO27;43.021333;-65.469833;288131;26;09-jul-06;01:20:36;32.012;6.3416;5.02649;NaN;9;NaN;9;NaN;9;2.322;1;0.5585;1;3.386;1;0;4.16;0.69
NED2006030_27;MFD_SETNO27;43.021333;-65.469833;288130;51;09-jul-06;01:20:36;32.6906;5.472;4.2656;0.554638451612903;1;NaN;9;NaN;9;5.412;1;0.7215;1;5.684;1;0;7.50;0.95
NED2006030_27;MFD_SETNO27;43.021333;-65.469833;288129;119;09-jul-06;01:20:36;33.1289;5.8633;3.73434;0.0256967741935484;1;33.153;1;5.174;7;10.781;1;1.1015;1;10.4745;1;256;9.79;1.03
NED2006030_28;MFD_SETNO28;42.7775;-65.672333;288136;5;09-jul-06;04:07:57;32.0307;12.7943;4.88948;0.466400516129032;1;NaN;9;6.74266666666667;7;0.025;1;0.2845;1;2.3625;1;256;0.09;0.01
NED2006030_28;MFD_SETNO28;42.7775;-65.672333;288135;26;09-jul-06;04:07:57;31.9337;9.4603;5.19431;1.41273638709677;1;NaN;9;NaN;9;0.1475;1;0.365;1;2.5745;1;0;0.40;0.06
NED2006030_28;MFD_SETNO28;42.7775;-65.672333;288134;50;09-jul-06;04:07:57;32.5597;8.2586;4.61777;0.195812129032258;1;NaN;9;NaN;9;7.215;1;0.755;1;5.5785;1;0;9.56;1.29
NED2006030_28;MFD_SETNO28;42.7775;-65.672333;288133;118;09-jul-06;04:07:57;33.5562;7.5351;3.62695;0.0346906451612903;1;33.58;1;4.891;7;12.035;1;1.0865;1;10.067;1;256;11.08;1.20
NED2006030_29;MFD_SETNO29;42.696333;-65.949667;288140;4;09-jul-06;06:24:35;32.0973;11.8428;4.99422;0.907590193548387;1;NaN;9;6.33766666666667;7;0.112;1;0.395;1;2.8615;1;256;0.28;0.04
NED2006030_29;MFD_SETNO29;42.696333;-65.949667;288139;25;09-jul-06;06:24:35;32.2914;6.5369;4.72703;0.630270967741935;1;NaN;9;NaN;9;3.8525;1;0.637;1;4.359;1;0;6.05;0.88
NED2006030_29;MFD_SETNO29;42.696333;-65.949667;288138;50;09-jul-06;06:24:35;33.1769;7.9138;4.07678;0.118303161290323;1;NaN;9;NaN;9;9.1355;1;0.8535;1;7.026;1;0;10.70;1.30
NED2006030_29;MFD_SETNO29;42.696333;-65.949667;288137;85;09-jul-06;06:24:35;33.5077;8.2089;3.89537;0.0775089677419355;1;33.508;1;6.02266666666667;7;10.605;1;0.9425;1;7.6165;1;256;11.25;1.39
NED2006030_30;MFD_SETNO30;42.700167;-66.068833;288144;6;09-jul-06;08:11:25;32.3283;12.2902;4.90616;1.14709316129032;1;NaN;9;6.38533333333333;7;0.038;1;0.3505;1;3.4385;1;256;0.11;0.01
NED2006030_30;MFD_SETNO30;42.700167;-66.068833;288143;25;09-jul-06;08:11:25;32.3321;11.126;5.06053;1.55046658064516;1;NaN;9;NaN;9;0.0505;1;0.45;1;3.302;1;0;0.11;0.02
NED2006030_30;MFD_SETNO30;42.700167;-66.068833;288142;51;09-jul-06;08:11:25;32.8482;8.7987;4.33291;0.352951741935484;1;NaN;9;NaN;9;6.8465;1;0.7285;1;5.924;1;0;9.40;1.16
NED2006030_30;MFD_SETNO30;42.700167;-66.068833;288141;70;09-jul-06;08:11:25;33.1341;8.4701;4.09603;0.214292129032258;1;33.155;1;6.00233333333333;7;8.7545;1;0.8495;1;6.824;1;256;10.31;1.28
NED2006030_31;MFD_SETNO31;42.6985;-66.173833;288148;4;09-jul-06;09:36:46;32.0849;12.6556;4.66598;0.567243870967742;1;NaN;9;6.233;7;0.0845;1;0.3655;1;2.462;1;256;0.23;0.03
NED2006030_31;MFD_SETNO31;42.6985;-66.173833;288147;25;09-jul-06;09:36:46;32.1746;9.2711;4.92938;1.47483406451613;1;NaN;9;NaN;9;0.765;1;0.435;1;3.3195;1;0;1.76;0.23
NED2006030_31;MFD_SETNO31;42.6985;-66.173833;288146;49;09-jul-06;09:36:46;33.0516;8.5225;4.1388;0.264713806451613;1;NaN;9;NaN;9;8.1915;1;0.813;1;6.4505;1;0;10.08;1.27
NED2006030_31;MFD_SETNO31;42.6985;-66.173833;288145;62;09-jul-06;09:36:46;33.0592;8.5134;4.10711;0.239502967741936;1;33.076;1;6.19133333333333;7;8.136;1;0.821;1;6.5005;1;256;9.91;1.25
NED2006030_32;MFD_SETNO32;42.7985;-66.699167;288152;4;09-jul-06;13:23:20;32.1659;11.6102;5.03218;2.06183148387097;1;NaN;9;6.48166666666667;7;0.097;1;0.334;1;3.161;1;256;0.29;0.03
NED2006030_32;MFD_SETNO32;42.7985;-66.699167;288151;26;09-jul-06;13:23:20;32.3394;10.1605;4.94367;1.14546193548387;1;NaN;9;NaN;9;3.4185;1;0.5545;1;4.408;1;0;6.17;0.78
NED2006030_32;MFD_SETNO32;42.7985;-66.699167;288150;51;09-jul-06;13:23:20;32.7862;8.2227;4.38209;0.240685741935484;1;NaN;9;NaN;9;6.882;1;0.7925;1;5.6245;1;0;8.68;1.22
NED2006030_32;MFD_SETNO32;42.7985;-66.699167;288149;181;09-jul-06;13:23:20;34.8601;9.4665;3.09186;0.0205574193548387;1;34.877;1;5.20433333333333;7;17.7435;1;1.292;1;10.8295;1;256;13.73;1.64
NED2006030_33;MFD_SETNO33;42.804933;-66.931;288156;5;09-jul-06;16:40:17;32.1862;11.894;4.9907;NaN;9;NaN;9;NaN;9;NaN;9;NaN;9;NaN;9;0;NaN;NaN
NED2006030_33;MFD_SETNO33;42.804933;-66.931;288155;26;09-jul-06;16:40:17;32.2761;10.1016;4.96575;0.831957677419355;1;NaN;9;6.626;7;0.457;1;0.384;1;3.2695;1;256;1.19;0.14
NED2006030_33;MFD_SETNO33;42.804933;-66.931;288154;50;09-jul-06;16:40:17;32.7823;8.0505;4.33901;0.327740903225806;1;NaN;9;NaN;9;7.0845;1;0.74;1;5.693;1;0;9.57;1.24
NED2006030_33;MFD_SETNO33;42.804933;-66.931;288153;199;09-jul-06;16:40:17;34.9626;8.9167;2.9679;0.0167029032258064;1;34.985;1;4.0435;7;19.6515;1;1.357;1;12.2285;1;256;14.48;1.61
NED2006030_34;MFD_SETNO34;42.939833;-66.9965;288160;5;09-jul-06;18:38:55;31.8064;14.8936;4.62904;0.542033032258065;1;NaN;9;6.389;7;0.105;1;0.3435;1;2.3165;1;256;0.31;0.05
NED2006030_34;MFD_SETNO34;42.939833;-66.9965;288159;24;09-jul-06;18:38:55;32.1539;10.5772;4.82209;2.1000135483871;1;NaN;9;NaN;9;0.011;1;0.201;1;1.5155;1;0;0.05;0.01
NED2006030_34;MFD_SETNO34;42.939833;-66.9965;288158;51;09-jul-06;18:38:55;32.8358;7.2369;4.35503;0.199891548387097;1;NaN;9;NaN;9;7.672;1;0.7845;1;5.866;1;0;9.78;1.31
NED2006030_34;MFD_SETNO34;42.939833;-66.9965;288157;208;09-jul-06;18:38:55;34.9798;8.53;2.8875;0.0115635483870968;1;35.002;1;4.0345;7;20.777;1;1.4645;1;13.45;1;256;14.19;1.54
NED2006030_35;MFD_SETNO35;43.356833;-66.830333;288164;6;09-jul-06;22:01:05;32.0148;14.1023;4.7536;1.37455432258065;1;NaN;9;6.472;7;0.011;1;0.257;1;2.2115;1;256;0.04;0.00
NED2006030_35;MFD_SETNO35;43.356833;-66.830333;288163;25;09-jul-06;22:01:05;32.3363;8.9059;4.81864;1.22272567741935;1;NaN;9;NaN;9;2.3645;1;0.4945;1;3.1235;1;0;4.78;0.76
NED2006030_35;MFD_SETNO35;43.356833;-66.830333;288162;51;09-jul-06;22:01:05;32.5274;7.0418;4.60187;0.504216774193548;1;NaN;9;NaN;9;5.5315;1;0.6445;1;3.826;1;0;8.58;1.45
NED2006030_35;MFD_SETNO35;43.356833;-66.830333;288161;190;09-jul-06;22:01:05;34.3789;8.0484;3.03675;0.00899387096774194;1;34.391;1;4.203;7;18.4655;1;1.3955;1;13.2825;1;256;13.23;1.39
NED2006030_36;MFD_SETNO36;43.704167;-66.721;288168;4;10-jul-06;03:59:59;31.7642;15.0104;4.60067;0.579849290322581;1;NaN;9;6.28866666666667;7;0.0295;1;0.2305;1;1.9315;1;256;0.13;0.02
NED2006030_36;MFD_SETNO36;43.704167;-66.721;288167;24;10-jul-06;03:59:59;31.8445;13.8067;4.80703;1.60364670967742;1;NaN;9;NaN;9;1.8425;1;0.4255;1;3.355;1;0;4.33;0.55
NED2006030_36;MFD_SETNO36;43.704167;-66.721;288166;52;10-jul-06;03:59:59;32.6924;7.4305;4.43894;0.130541419354839;1;NaN;9;NaN;9;9.971;1;0.9065;1;6.903;1;0;11.00;1.44
NED2006030_36;MFD_SETNO36;43.704167;-66.721;288165;123;10-jul-06;03:59:59;33.6407;7.4838;3.63256;0.0449693548387097;1;33.64;1;4.666;7;13.7175;1;1.151;1;10.1175;1;256;11.92;1.36
NED2006030_38;MFD_SETNO38;44.023;-66.392;288172;4;10-jul-06;10:58:53;31.6452;11.1031;4.83995;1.98546735483871;1;NaN;9;6.02833333333333;7;1.355;1;0.4955;1;3.8525;1;256;2.73;0.35
NED2006030_38;MFD_SETNO38;44.023;-66.392;288171;23;10-jul-06;10:58:53;31.7866;10.6429;4.81282;1.0084335483871;1;NaN;9;NaN;9;2.241;1;0.6725;1;4.373;1;0;3.33;0.51
NED2006030_38;MFD_SETNO38;44.023;-66.392;288170;49;10-jul-06;10:58:53;32.3864;8.8947;4.41628;0.390768;1;NaN;9;NaN;9;6.101;1;0.757;1;6.359;1;0;8.06;0.96
NED2006030_38;MFD_SETNO38;44.023;-66.392;288169;70;10-jul-06;10:58:53;32.4734;8.7495;4.35873;0.302530064516129;1;32.498;1;6.13233333333333;7;6.704;1;0.7995;1;6.639;1;256;8.39;1.01
NED2006030_39;MFD_SETNO39;43.866667;-66.754333;288176;5;10-jul-06;14:43:47;31.8652;14.5098;4.63643;0.642876387096774;1;NaN;9;6.406;7;0.087;1;0.2715;1;2.4225;1;256;0.32;0.04
NED2006030_39;MFD_SETNO39;43.866667;-66.754333;288175;25;10-jul-06;14:43:47;32.036;12.9289;4.74724;1.06909780645161;1;NaN;9;NaN;9;0.698;1;0.3505;1;3.079;1;0;1.99;0.23
NED2006030_39;MFD_SETNO39;43.866667;-66.754333;288174;50;10-jul-06;14:43:47;32.4519;10.2491;4.54873;1.22182606451613;1;NaN;9;NaN;9;2.36;1;0.452;1;4.0425;1;0;5.22;0.58
NED2006030_39;MFD_SETNO39;43.866667;-66.754333;288173;118;10-jul-06;14:43:47;33.6723;7.6923;3.5841;0.0530324516129032;1;33.692;1;5.043;7;14.0875;1;1.1865;1;10.882;1;256;11.87;1.29
NED2006030_40;MFD_SETNO40;44.0825;-66.7135;288180;5;10-jul-06;16:52:09;31.944;14.3411;4.69297;0.831957677419355;1;NaN;9;6.729;7;0.0985;1;0.317;1;2.5295;1;256;0.31;0.04
NED2006030_40;MFD_SETNO40;44.0825;-66.7135;288179;25;10-jul-06;16:52:09;32.1988;11.9952;4.76469;2.17637767741935;1;NaN;9;NaN;9;0.8145;1;0.363;1;3.381;1;0;2.24;0.24
NED2006030_40;MFD_SETNO40;44.0825;-66.7135;288178;52;10-jul-06;16:52:09;33.035;8.2802;4.08718;0.28555935483871;1;NaN;9;NaN;9;8.9465;1;0.854;1;7.375;1;0;10.48;1.21
NED2006030_40;MFD_SETNO40;44.0825;-66.7135;288177;105;10-jul-06;16:52:09;33.4653;7.688;3.72855;0.0897472258064516;1;33.499;1;5.405;7;12.7715;1;1.0925;1;9.825;1;256;11.69;1.30
NED2006030_43;MFD_SETNO43;44.1865;-66.714833;288184;5;10-jul-06;22:35:34;32.034;13.4617;4.73456;1.183644;1;NaN;9;6.75;7;0.463;1;0.2965;1;2.5865;1;256;1.56;0.18
NED2006030_43;MFD_SETNO43;44.1865;-66.714833;288183;26;10-jul-06;22:35:34;32.4159;10.6094;4.57827;1.14546193548387;1;NaN;9;NaN;9;3.6245;1;0.5395;1;4.7175;1;0;6.72;0.77
NED2006030_43;MFD_SETNO43;44.1865;-66.714833;288182;51;10-jul-06;22:35:34;32.9092;8.7501;4.08619;0.514006838709677;1;NaN;9;NaN;9;9.252;1;0.8885;1;8.2665;1;0;10.41;1.12
NED2006030_43;MFD_SETNO43;44.1865;-66.714833;288181;180;10-jul-06;22:35:34;33.8823;7.6904;3.32969;0.0448736129032258;1;33.893;1;4.813;7;16.106;1;1.2985;1;13.2335;1;256;12.40;1.22
NED2006030_44;MFD_SETNO44;44.384725;-66.753943;288188;4;11-jul-06;01:56:00;31.8286;9.864;4.84725;1.83273909677419;1;NaN;9;6.9295;7;4.2345;1;0.6;1;4.337;1;256;7.06;0.98
NED2006030_44;MFD_SETNO44;44.384725;-66.753943;288187;25;11-jul-06;01:56:00;32.4872;8.8927;4.35;1.14546193548387;1;NaN;9;NaN;9;6.144;1;0.723;1;5.951;1;0;8.50;1.03
NED2006030_44;MFD_SETNO44;44.384725;-66.753943;288186;52;11-jul-06;01:56:00;32.7582;8.57;4.15111;0.367147741935484;1;NaN;9;NaN;9;8.7615;1;0.857;1;7.7925;1;0;10.22;1.12
NED2006030_44;MFD_SETNO44;44.384725;-66.753943;288185;95;11-jul-06;01:56:00;33.4091;7.8632;3.61702;0.130541419354839;1;33.439;1;5.324;7;12.845;1;1.097;1;10.6315;1;256;11.71;1.21
NED2006030_45;MFD_SETNO45;44.5795;-66.190833;288192;5;11-jul-06;05:22:33;31.2063;11.558;5.19617;4.42911948387097;1;NaN;9;7.19266666666667;7;0.1235;1;0.29;1;1.1445;1;256;0.43;0.11
NED2006030_45;MFD_SETNO45;44.5795;-66.190833;288191;25;11-jul-06;05:22:33;31.918;10.6849;4.76132;3.2836575483871;1;NaN;9;NaN;9;2.1755;1;0.687;1;2.837;1;0;3.17;0.77
NED2006030_45;MFD_SETNO45;44.5795;-66.190833;288190;49;11-jul-06;05:22:33;32.222;8.9957;4.45919;0.992733677419355;1;NaN;9;NaN;9;5.929;1;0.945;1;5.5695;1;0;6.27;1.06
NED2006030_45;MFD_SETNO45;44.5795;-66.190833;288189;120;11-jul-06;05:22:33;33.171;7.7207;3.73529;0.138700258064516;1;33.189;1;5.21;7;12.434;1;1.1755;1;10.5045;1;256;10.58;1.18
NED2006030_46;MFD_SETNO46;44.562167;-66.1425;288196;5;11-jul-06;07:00:02;31.5714;11.2013;5.03946;4.734576;1;NaN;9;6.61966666666667;7;0.8835;1;0.4125;1;1.7565;1;256;2.14;0.50
NED2006030_46;MFD_SETNO46;44.562167;-66.1425;288195;26;11-jul-06;07:00:02;31.8416;10.3007;4.87112;3.74184232258064;1;NaN;9;NaN;9;2.7325;1;0.504;1;3.04;1;0;5.42;0.90
NED2006030_46;MFD_SETNO46;44.562167;-66.1425;288194;50;11-jul-06;07:00:02;32.5164;8.3272;4.2443;NaN;9;NaN;9;NaN;9;NaN;9;NaN;9;NaN;9;0;NaN;NaN
NED2006030_46;MFD_SETNO46;44.562167;-66.1425;288193;89;11-jul-06;07:00:02;32.7666;8.1184;4.02622;0.378162580645161;1;32.793;1;6.19166666666667;7;9.45;1;0.947;1;8.0605;1;256;9.98;1.17
NED2006030_47;MFD_SETNO47;44.592167;-66.074833;288200;5;11-jul-06;08:25:16;31.5157;11.6305;5.11179;4.35275535483871;1;NaN;9;6.82766666666667;7;0.159;1;0.278;1;0.85;1;256;0.57;0.19
NED2006030_47;MFD_SETNO47;44.592167;-66.074833;288199;26;11-jul-06;08:25:16;31.9157;9.8416;4.81259;3.09274722580645;1;NaN;9;NaN;9;3.1975;1;0.5465;1;3.243;1;0;5.85;0.99
NED2006030_47;MFD_SETNO47;44.592167;-66.074833;288198;50;11-jul-06;08:25:16;32.2722;8.9557;4.41831;0.768930580645161;1;NaN;9;NaN;9;6.3135;1;0.78;1;5.774;1;0;8.09;1.09
NED2006030_47;MFD_SETNO47;44.592167;-66.074833;288197;79;11-jul-06;08:25:16;32.4939;8.6651;4.22902;0.592454709677419;1;32.499;1;6.51933333333333;7;7.843;1;0.8635;1;7.08;1;256;9.08;1.11
NED2006030_48;MFD_SETNO48;44.656367;-66.241;288204;5;11-jul-06;10:32:23;31.0087;13.0232;4.93045;1.75637496774194;1;NaN;9;6.71866666666667;7;0.3935;1;0.2185;1;0.8345;1;256;1.80;0.47
NED2006030_48;MFD_SETNO48;44.656367;-66.241;288203;25;11-jul-06;10:32:23;31.8817;9.0269;4.70029;1.79455703225806;1;NaN;9;NaN;9;5.23;1;0.6495;1;4.4765;1;0;8.05;1.17
NED2006030_48;MFD_SETNO48;44.656367;-66.241;288202;51;11-jul-06;10:32:23;32.2416;8.3052;4.42397;0.395703677419355;1;NaN;9;NaN;9;7.873;1;0.8;1;6.3535;1;0;9.84;1.24
NED2006030_48;MFD_SETNO48;44.656367;-66.241;288201;129;11-jul-06;10:32:23;33.214;7.6472;3.75533;0.118303161290323;1;33.206;1;6.06033333333333;7;12.5965;1;1.1065;1;10.196;1;256;11.38;1.24
NED2006030_49;MFD_SETNO49;44.912;-66.192667;288208;4;11-jul-06;13:24:16;30.9001;13.0152;5.0166;1.83273909677419;1;NaN;9;6.56633333333333;7;0.0505;1;0.1845;1;0.6935;1;256;0.27;0.07
NED2006030_49;MFD_SETNO49;44.912;-66.192667;288207;25;11-jul-06;13:24:16;31.851;9.4302;4.68798;0.497689161290323;1;NaN;9;NaN;9;4.7545;1;0.673;1;4.9865;1;0;7.06;0.95
NED2006030_49;MFD_SETNO49;44.912;-66.192667;288206;51;11-jul-06;13:24:16;32.3503;7.7283;4.34186;0.106064903225806;1;NaN;9;NaN;9;8.555;1;0.926;1;7.025;1;0;9.24;1.22
NED2006030_49;MFD_SETNO49;44.912;-66.192667;288205;113;11-jul-06;13:24:16;32.5086;7.421;4.19948;0.097906064516129;1;32.529;1;6.479;7;9.402;1;0.9555;1;7.77;1;256;9.84;1.21
NED2006030_50;MFD_SETNO50;44.869167;-65.9655;288212;6;11-jul-06;15:51:44;31.262;13.3927;5.0004;1.94728529032258;1;NaN;9;6.59;7;0.0935;1;0.194;1;0.5235;1;256;0.48;0.18
NED2006030_50;MFD_SETNO50;44.869167;-65.9655;288211;25;11-jul-06;15:51:44;32.0553;9.5623;4.66678;2.59638038709677;1;NaN;9;NaN;9;3.0885;1;0.703;1;3.251;1;0;4.39;0.95
NED2006030_50;MFD_SETNO50;44.869167;-65.9655;288210;50;11-jul-06;15:51:44;32.3546;8.4292;4.34225;0.318194709677419;1;NaN;9;NaN;9;7.514;1;1.0555;1;6.4895;1;0;7.12;1.16
NED2006030_50;MFD_SETNO50;44.869167;-65.9655;288209;98;11-jul-06;15:51:44;32.5278;7.919;4.20966;0.138700258064516;1;32.549;1;5.62;7;8.9135;1;1.0245;1;7.457;1;256;8.70;1.20
NED2006030_51;MFD_SETNO51;44.958167;-65.8545;288216;5;11-jul-06;17:24:12;31.215;14.4344;4.88979;1.56546464516129;1;NaN;9;6.564;7;0.044;1;0.168;1;0.382;1;256;0.26;0.12
NED2006030_51;MFD_SETNO51;44.958167;-65.8545;288215;26;11-jul-06;17:24:12;32.184;8.8181;4.55079;1.98546735483871;1;NaN;9;NaN;9;5.0405;1;0.6815;1;4.487;1;0;7.40;1.12
NED2006030_51;MFD_SETNO51;44.958167;-65.8545;288214;51;11-jul-06;17:24:12;32.2434;8.1236;4.39912;0.239502967741935;1;NaN;9;NaN;9;7.3;1;0.8595;1;6.1505;1;0;8.49;1.19
NED2006030_51;MFD_SETNO51;44.958167;-65.8545;288213;93;11-jul-06;17:24:12;32.2465;8.0948;4.379;0.189081290322581;1;32.255;1;5.93;7;7.336;1;0.843;1;6.197;1;256;8.70;1.18
NED2006030_52;MFD_SETNO52;44.854333;-65.646;288220;4;11-jul-06;19:42:46;31.5991;13.7937;4.99855;3.24547548387097;1;NaN;9;6.7415;7;0.0775;1;0.2935;1;1.0555;1;256;0.26;0.07
NED2006030_52;MFD_SETNO52;44.854333;-65.646;288219;25;11-jul-06;19:42:46;31.9199;9.9664;4.6629;1.33637225806452;1;NaN;9;NaN;9;4.4065;1;0.6555;1;4.508;1;0;6.72;0.98
NED2006030_52;MFD_SETNO52;44.854333;-65.646;288218;50;11-jul-06;19:42:46;31.937;9.7588;4.6149;1.41273638709677;1;NaN;9;NaN;9;4.02;1;0.6135;1;4.177;1;0;6.55;0.96
NED2006030_52;MFD_SETNO52;44.854333;-65.646;288217;74;11-jul-06;19:42:46;31.94;9.7301;4.60616;1.06909780645161;1;31.959;1;6.1205;7;4.6615;1;0.6895;1;4.7645;1;256;6.76;0.98
NED2006030_53;MFD_SETNO53;45.129833;-65.114;288224;5;12-jul-06;00:59:45;31.6628;10.2677;4.85684;3.36002167741935;1;NaN;9;6.8035;7;2.553;1;0.525;1;2.2685;1;256;4.86;1.13
NED2006030_53;MFD_SETNO53;45.129833;-65.114;288223;26;12-jul-06;00:59:45;31.6618;10.2684;4.92549;3.51274993548387;1;NaN;9;NaN;9;2.5635;1;0.5235;1;2.274;1;0;4.90;1.13
NED2006030_53;MFD_SETNO53;45.129833;-65.114;288222;51;12-jul-06;00:59:45;31.6595;10.2726;4.93911;3.70366025806452;1;NaN;9;NaN;9;2.51;1;0.5445;1;2.1815;1;0;4.61;1.15
NED2006030_53;MFD_SETNO53;45.129833;-65.114;288221;72;12-jul-06;00:59:45;31.6591;10.2755;4.9055;2.94001896774193;1;31.683;1;6.87;7;2.5415;1;0.516;1;2.239;1;256;4.93;1.14
NED2006030_54;MFD_SETNO54;45.210333;-64.974;288228;5;12-jul-06;02:54:16;31.4577;10.6426;4.97141;2.86365483870968;1;NaN;9;6.90033333333333;7;2.6475;1;0.5105;1;1.2165;1;256;5.19;2.18
NED2006030_54;MFD_SETNO54;45.210333;-64.974;288227;24;12-jul-06;02:54:16;31.4676;10.6382;4.98914;3.24547548387097;1;NaN;9;NaN;9;2.6395;1;0.5215;1;1.2465;1;0;5.06;2.12
NED2006030_54;MFD_SETNO54;45.210333;-64.974;288226;50;12-jul-06;02:54:16;31.4796;10.622;5.00198;3.51274993548387;1;NaN;9;NaN;9;2.6595;1;0.515;1;1.3015;1;0;5.16;2.04
NED2006030_54;MFD_SETNO54;45.210333;-64.974;288225;67;12-jul-06;02:54:16;31.4792;10.6273;5.00009;3.16911135483871;1;31.499;1;6.59666666666667;7;2.62;1;0.5165;1;1.2585;1;256;5.07;2.08
NED2006030_55;MFD_SETNO55;45.285;-64.9305;288232;5;12-jul-06;04:33:25;31.2182;11.3175;4.86975;1.60364670967742;1;NaN;9;6.83966666666667;7;2.9845;1;0.529;1;1.5975;1;256;5.64;1.87
NED2006030_55;MFD_SETNO55;45.285;-64.9305;288231;25;12-jul-06;04:33:25;31.369;10.8522;4.92214;1.94728529032258;1;NaN;9;NaN;9;3.0225;1;0.543;1;1.53;1;0;5.57;1.98
NED2006030_55;MFD_SETNO55;45.285;-64.9305;288230;50;12-jul-06;04:33:25;31.3754;10.8415;4.92415;2.25274180645161;1;NaN;9;NaN;9;3.119;1;0.586;1;1.5355;1;0;5.32;2.03
NED2006030_55;MFD_SETNO55;45.285;-64.9305;288229;55;12-jul-06;04:33:25;31.3758;10.8411;4.92153;2.32910593548387;1;31.396;1;6.812;7;3.228;1;0.5475;1;1.5285;1;256;5.90;2.11
NED2006030_56;MFD_SETNO56;45.341167;-65.26;288236;5;12-jul-06;06:58:33;31.2529;11.1756;4.86672;1.29819019354839;1;NaN;9;6.79966666666667;7;3.114;1;0.549;1;1.9185;1;256;5.67;1.62
NED2006030_56;MFD_SETNO56;45.341167;-65.26;288235;25;12-jul-06;06:58:33;31.2936;11.0432;4.87935;1.37455432258065;1;NaN;9;NaN;9;3.189;1;0.5465;1;1.809;1;0;5.84;1.76
NED2006030_56;MFD_SETNO56;45.341167;-65.26;288234;50;12-jul-06;06:58:33;31.3145;10.954;4.88779;1.48910051612903;1;NaN;9;NaN;9;3.1585;1;0.5465;1;1.823;1;0;5.78;1.73
NED2006030_56;MFD_SETNO56;45.341167;-65.26;288233;56;12-jul-06;06:58:33;31.3125;10.9567;4.88795;1.48910051612903;1;31.333;1;6.82166666666667;7;3.214;1;0.553;1;1.87;1;256;5.81;1.72
NED2006030_58;MFD_SETNO58;45.298833;-65.264;288240;5;12-jul-06;09:21:31;31.2857;11.0478;4.86511;1.33637225806452;1;NaN;9;6.81733333333333;7;3.1385;1;0.482;1;2.149;1;256;6.51;1.46
NED2006030_58;MFD_SETNO58;45.298833;-65.264;288239;26;12-jul-06;09:21:31;31.307;10.9768;4.87505;1.29819019354839;1;NaN;9;NaN;9;3.145;1;0.493;1;2.132;1;0;6.38;1.48
NED2006030_58;MFD_SETNO58;45.298833;-65.264;288238;50;12-jul-06;09:21:31;31.3096;10.9706;4.87626;1.29819019354839;1;NaN;9;NaN;9;3.1915;1;0.525;1;2.091;1;0;6.08;1.53
NED2006030_58;MFD_SETNO58;45.298833;-65.264;288237;55;12-jul-06;09:21:31;31.3104;10.967;4.87032;1.26000812903226;1;31.331;1;6.79633333333333;7;3.1535;1;0.532;1;1.8715;1;256;5.93;1.69
NED2006030_59;MFD_SETNO59;45.206167;-65.572667;288244;6;12-jul-06;11:45:56;31.1697;11.2587;4.84273;1.41273638709677;1;NaN;9;6.77533333333333;7;3.4505;1;0.4845;1;2.728;1;256;7.12;1.26
NED2006030_59;MFD_SETNO59;45.206167;-65.572667;288243;25;12-jul-06;11:45:56;31.1757;11.2159;4.82983;1.48910051612903;1;NaN;9;NaN;9;3.497;1;0.49;1;2.833;1;0;7.14;1.23
NED2006030_59;MFD_SETNO59;45.206167;-65.572667;288241;52;12-jul-06;11:45:56;31.3218;10.7575;4.86754;2.06183148387097;1;31.34;1;6.72266666666667;7;3.4525;1;0.501;1;2.6375;1;256;6.89;1.31
NED2006030_59;MFD_SETNO59;45.206167;-65.572667;288242;52;12-jul-06;11:45:56;31.3219;10.7563;4.87009;NaN;9;NaN;9;NaN;9;NaN;9;NaN;9;NaN;9;0;NaN;NaN
NED2006030_60;MFD_SETNO60;45.228333;-65.690167;288248;5;12-jul-06;13:17:06;31.1973;11.2434;4.86264;1.68001083870968;1;NaN;9;NaN;9;3.551;1;0.5295;1;2.91;1;0;6.71;1.22
NED2006030_60;MFD_SETNO60;45.228333;-65.690167;288247;25;12-jul-06;13:17:06;31.2996;10.8994;4.89078;1.79455703225806;1;NaN;9;6.811;7;3.416;1;0.4945;1;2.6965;1;256;6.91;1.27
NED2006030_60;MFD_SETNO60;45.228333;-65.690167;288245;51;12-jul-06;13:17:06;31.3295;10.737;4.85784;1.87092116129032;1;31.348;1;6.755;7;3.3165;1;0.4875;1;2.5825;1;256;6.80;1.28
NED2006030_60;MFD_SETNO60;45.228333;-65.690167;288246;51;12-jul-06;13:17:06;31.3295;10.737;4.85784;NaN;9;NaN;9;NaN;9;NaN;9;NaN;9;NaN;9;0;NaN;NaN
NED2006030_61;MFD_SETNO61;45.150833;-65.990333;288252;6;12-jul-06;15:49:41;31.0464;11.0953;4.90608;1.87092116129032;1;NaN;9;6.846;7;3.686;1;0.508;1;3.6045;1;256;7.26;1.02
NED2006030_61;MFD_SETNO61;45.150833;-65.990333;288251;25;12-jul-06;15:49:41;31.5244;9.8674;4.83361;1.41273638709677;1;NaN;9;NaN;9;4.219;1;0.553;1;3.5385;1;0;7.63;1.19
NED2006030_61;MFD_SETNO61;45.150833;-65.990333;288250;51;12-jul-06;15:49:41;31.6638;9.291;4.7282;1.56546464516129;1;NaN;9;NaN;9;4.8475;1;0.623;1;4.2225;1;0;7.78;1.15
NED2006030_61;MFD_SETNO61;45.150833;-65.990333;288249;66;12-jul-06;15:49:41;31.6621;9.301;4.71436;1.41273638709677;1;31.679;1;6.567;7;4.8935;1;0.638;1;4.2545;1;256;7.67;1.15
NED2006030_62;MFD_SETNO62;44.974167;-66.572667;288256;5;12-jul-06;20:37:52;31.1652;10.9036;4.97398;1.24793651612903;1;NaN;9;6.8235;7;3;1;0.491;1;3.624;1;256;6.11;0.83
NED2006030_62;MFD_SETNO62;44.974167;-66.572667;288255;25;12-jul-06;20:37:52;31.4615;9.6522;4.77661;0.693298064516129;1;NaN;9;NaN;9;4.069;1;0.5265;1;3.9;1;0;7.73;1.04
NED2006030_62;MFD_SETNO62;44.974167;-66.572667;288254;51;12-jul-06;20:37:52;31.7209;8.8801;4.62372;0.840005419354839;1;NaN;9;NaN;9;5.612;1;0.7055;1;5.556;1;0;7.95;1.01
NED2006030_62;MFD_SETNO62;44.974167;-66.572667;288253;57;12-jul-06;20:37:52;31.1334;8.8075;4.2193;0.954551612903226;1;31.728;7;6.298;7;5.782;1;0.7305;1;5.7025;1;256;7.92;1.01
NED2006030_63;MFD_SETNO63;44.689;-66.589333;288260;6;12-jul-06;22:59:22;30.6568;13.1324;5.39125;2.29092387096774;1;NaN;9;7.3315;7;0.1235;1;0.1455;1;1.077;1;256;0.85;0.11
NED2006030_63;MFD_SETNO63;44.689;-66.589333;288259;26;12-jul-06;22:59:22;32.0147;8.5516;4.6369;1.33637225806452;1;NaN;9;NaN;9;5.889;1;0.646;1;5.462;1;0;9.12;1.08
NED2006030_63;MFD_SETNO63;44.689;-66.589333;288258;52;12-jul-06;22:59:22;32.2047;7.6764;4.41177;0.15909735483871;1;NaN;9;NaN;9;7.6295;1;0.749;1;6.5335;1;0;10.19;1.17
NED2006030_63;MFD_SETNO63;44.689;-66.589333;288257;144;12-jul-06;22:59:22;33.3209;7.5444;3.6938;0.0856678064516129;1;33.34;1;5.0825;7;13.2935;1;1.055;1;11.25;1;256;12.60;1.18
NED2006030_64;MFD_SETNO64;44.877167;-66.868667;288264;5;13-jul-06;02:01:48;31.605;9.6178;4.73424;1.07146064516129;1;NaN;9;6.5195;7;5.249;1;0.627;1;4.9515;1;256;8.37;1.06
NED2006030_64;MFD_SETNO64;44.877167;-66.868667;288263;26;13-jul-06;02:01:48;31.6353;9.4413;4.715;0.88237935483871;1;NaN;9;NaN;9;5.2605;1;0.601;1;4.7375;1;0;8.75;1.11
NED2006030_64;MFD_SETNO64;44.877167;-66.868667;288262;52;13-jul-06;02:01:48;31.8502;8.9612;4.58653;0.794141419354839;1;NaN;9;NaN;9;6.36;1;0.689;1;5.578;1;0;9.23;1.14
NED2006030_64;MFD_SETNO64;44.877167;-66.868667;288261;93;13-jul-06;02:01:48;32.0046;8.581;4.46879;0.516822193548387;1;32.027;1;6.1235;7;5.4655;1;0.596;1;4.8265;1;256;9.17;1.13
NED2006030_65;MFD_SETNO65;44.689167;-66.970167;288268;6;13-jul-06;04:27:48;31.7852;9.0552;4.6846;0.794141419354839;1;NaN;9;6.80533333333333;7;6.5535;1;0.636;1;5.812;1;256;10.30;1.13
NED2006030_65;MFD_SETNO65;44.689167;-66.970167;288267;25;13-jul-06;04:27:48;31.7881;8.8822;4.67693;NaN;9;NaN;9;NaN;9;6.7695;1;0.682;1;5.82;1;0;9.93;1.16
NED2006030_65;MFD_SETNO65;44.689167;-66.970167;288266;51;13-jul-06;04:27:48;31.7956;8.7934;4.65331;0.731114322580645;1;NaN;9;NaN;9;6.7575;1;0.6845;1;5.7785;1;0;9.87;1.17
NED2006030_65;MFD_SETNO65;44.689167;-66.970167;288265;97;13-jul-06;04:27:48;31.7973;8.7947;4.64778;0.705903483870968;1;31.818;1;5.946;7;6.6885;1;0.6965;1;5.7205;1;256;9.60;1.17
NED2006030_66;MFD_SETNO66;44.1195;-67.271333;288272;5;13-jul-06;08:54:48;32.1581;12.638;4.79604;1.79455703225806;1;NaN;9;6.554;7;0.5295;1;0.3605;1;4.305;1;256;1.47;0.12
NED2006030_66;MFD_SETNO66;44.1195;-67.271333;288271;25;13-jul-06;08:54:48;32.5634;9.8647;4.49793;1.37455432258064;1;NaN;9;NaN;9;3.6735;1;0.404;1;5.3805;1;0;9.09;0.68
NED2006030_66;MFD_SETNO66;44.1195;-67.271333;288270;50;13-jul-06;08:54:48;33.1119;8.0636;3.98393;0.257003419354839;1;NaN;9;NaN;9;10.24;1;0.79;1;8.685;1;0;12.96;1.18
NED2006030_66;MFD_SETNO66;44.1195;-67.271333;288269;137;13-jul-06;08:54:48;34.061;7.7704;3.13377;0.0407941935483871;1;34.056;1;5.08666666666667;7;17.717;1;1.2145;1;15.7675;1;256;14.59;1.12
NED2006030_67;MFD_SETNO67;43.9045;-67.124333;288276;4;13-jul-06;11:59:02;32.1129;13.6989;4.778;0.819352258064516;1;NaN;9;5.794;7;0.237;1;0.354;1;4.063;1;256;0.67;0.06
NED2006030_67;MFD_SETNO67;43.9045;-67.124333;288275;24;13-jul-06;11:59:02;32.5402;9.6251;4.54237;1.29819019354839;1;NaN;9;NaN;9;3.705;1;0.5975;1;5.5315;1;0;6.20;0.67
NED2006030_67;MFD_SETNO67;43.9045;-67.124333;288274;49;13-jul-06;11:59:02;33.0877;7.8046;4.04377;0.257003419354839;1;NaN;9;NaN;9;10.747;1;0.916;1;8.8125;1;0;11.73;1.22
NED2006030_67;MFD_SETNO67;43.9045;-67.124333;288273;149;13-jul-06;11:59:02;34.1703;7.8841;3.08338;0.0326353548387097;1;34.187;1;5.05866666666667;7;18.2045;1;1.342;1;15.6975;1;256;13.57;1.16
NED2006030_68;MFD_SETNO68;43.7455;-67.3775;288280;4;13-jul-06;14:43:52;32.108;14.876;4.68378;0.68069264516129;1;NaN;9;6.661;7;0.35;1;0.326;1;3.831;1;256;1.07;0.09
NED2006030_68;MFD_SETNO68;43.7455;-67.3775;288279;26;13-jul-06;14:43:52;32.6161;9.2412;4.55558;2.44365212903226;1;NaN;9;NaN;9;2.332;1;0.684;1;5.534;1;0;3.41;0.42
NED2006030_68;MFD_SETNO68;43.7455;-67.3775;288278;51;13-jul-06;14:43:52;33.0665;7.8488;4.04656;0.365557161290323;1;NaN;9;NaN;9;9.428;1;1.005;1;8.009;1;0;9.38;1.18
NED2006030_68;MFD_SETNO68;43.7455;-67.3775;288277;195;13-jul-06;14:43:52;34.4387;8.1575;2.9651;0.0128483870967742;1;34.454;1;4.324;7;19.7415;1;1.4455;1;15.543;1;256;13.66;1.27
NED2006030_69;MFD_SETNO69;43.3015;-67.527;288284;6;13-jul-06;19:55:41;31.8732;14.4702;4.77906;0.932801032258064;1;NaN;9;6.4805;7;0.2185;1;0.2175;1;2.767;1;256;1.00;0.08
NED2006030_69;MFD_SETNO69;43.3015;-67.527;288283;26;13-jul-06;19:55:41;32.4072;6.9315;4.56155;1.90910322580645;1;NaN;9;NaN;9;2.018;1;0.5805;1;4.5895;1;0;3.48;0.44
NED2006030_69;MFD_SETNO69;43.3015;-67.527;288282;51;13-jul-06;19:55:41;32.7937;6.4837;4.21578;NaN;9;NaN;9;NaN;9;NaN;9;NaN;9;NaN;9;0;NaN;NaN
NED2006030_69;MFD_SETNO69;43.3015;-67.527;288281;197;13-jul-06;19:55:41;34.4959;8.0646;3.02635;0.0102787096774194;1;34.5;1;4.2185;7;19.924;1;1.47;1;16.025;1;256;13.55;1.24
NED2006030_70;MFD_SETNO70;42.9565;-67.496833;288288;7;13-jul-06;22:40:43;31.8095;14.3125;4.76716;1.29819019354839;1;NaN;9;6.415;7;0.226;1;0.177;1;2.989;1;256;1.28;0.08
NED2006030_70;MFD_SETNO70;42.9565;-67.496833;288287;27;13-jul-06;22:40:43;32.3864;7.7166;4.6923;1.29819019354839;1;NaN;9;NaN;9;1.6405;1;0.3065;1;4.0545;1;0;5.35;0.40
NED2006030_70;MFD_SETNO70;42.9565;-67.496833;288286;50;13-jul-06;22:40:43;32.8158;6.3915;4.24681;0.126462;1;NaN;9;NaN;9;9.8685;1;0.9935;1;8.302;1;0;9.93;1.19
NED2006030_70;MFD_SETNO70;42.9565;-67.496833;288285;232;13-jul-06;22:40:43;34.8419;8.4624;2.93174;0.015418064516129;1;34.859;1;4.056;7;20.136;1;1.501;1;15.208;1;256;13.42;1.32
NED2006030_71;MFD_SETNO71;42.690167;-67.205333;288292;5;14-jul-06;01:54:34;31.9092;14.3812;4.67656;1.26000812903226;1;NaN;9;6.5135;7;0.253;1;0.2415;1;2.8545;1;256;1.05;0.09
NED2006030_71;MFD_SETNO71;42.690167;-67.205333;288291;25;14-jul-06;01:54:34;32.5261;7.4363;4.61947;NaN;9;NaN;9;NaN;9;NaN;9;NaN;9;NaN;9;0;NaN;NaN
NED2006030_71;MFD_SETNO71;42.690167;-67.205333;288290;51;14-jul-06;01:54:34;33.0073;6.3212;4.15515;0.0411148387096774;1;NaN;9;NaN;9;11.459;1;1.0235;1;9.426;1;0;11.20;1.22
NED2006030_71;MFD_SETNO71;42.690167;-67.205333;288289;222;14-jul-06;01:54:34;35.0712;8.3003;2.95935;0.0115635483870968;1;35.093;1;4.1805;7;19.974;1;1.3755;1;13.8945;1;256;14.52;1.44
NED2006030_72;MFD_SETNO72;42.373667;-67.214;288296;5;14-jul-06;05:40:50;32.0734;13.8656;4.68001;0.869773935483871;1;NaN;9;6.36766666666667;7;0.1135;1;0.2835;1;2.727;1;256;0.40;0.04
NED2006030_72;MFD_SETNO72;42.373667;-67.214;288295;24;14-jul-06;05:40:50;32.4932;10.3433;4.72738;1.37455432258064;1;NaN;9;NaN;9;1.651;1;0.4485;1;3.726;1;0;3.68;0.44
NED2006030_72;MFD_SETNO72;42.373667;-67.214;288294;50;14-jul-06;05:40:50;33.1598;8.052;4.17039;0.171335612903226;1;NaN;9;NaN;9;9.0435;1;0.842;1;7.1735;1;0;10.74;1.26
NED2006030_72;MFD_SETNO72;42.373667;-67.214;288293;340;14-jul-06;05:40:50;35.0492;7.4255;3.13039;0.0128483870967742;1;35.069;1;4.269;7;20.8725;1;1.372;1;13.8885;1;256;15.21;1.50
NED2006030_73;MFD_SETNO73;42.44;-66.915;288300;5;14-jul-06;08:18:51;32.0898;14.1518;4.63369;1.07146064516129;1;NaN;9;5.71533333333333;7;0.0605;1;0.3295;1;2.22;1;256;0.18;0.03
NED2006030_73;MFD_SETNO73;42.44;-66.915;288299;24;14-jul-06;08:18:51;32.1575;13.4293;4.72379;1.172304;1;NaN;9;NaN;9;0.096;1;0.328;1;2.3245;1;0;0.29;0.04
NED2006030_73;MFD_SETNO73;42.44;-66.915;288298;51;14-jul-06;08:18:51;32.7213;9.5243;4.54925;0.844563096774193;1;NaN;9;NaN;9;2.116;1;0.527;1;3.168;1;0;4.02;0.67
NED2006030_73;MFD_SETNO73;42.44;-66.915;288297;351;14-jul-06;08:18:51;35.0371;7.3211;3.15476;0.00899387096774194;1;35.291;7;5.173;7;20.629;1;1.3405;1;13.45;1;256;15.39;1.53
NED2006030_74;MFD_SETNO74;42.461333;-66.520833;288304;4;14-jul-06;11:01:50;32.1124;13.8476;4.66466;1.26000812903226;1;NaN;9;5.75833333333333;7;0.1125;1;0.3605;1;2.344;1;256;0.31;0.05
NED2006030_74;MFD_SETNO74;42.461333;-66.520833;288303;25;14-jul-06;11:01:50;32.1773;12.8751;4.75063;1.56546464516129;1;NaN;9;NaN;9;0.0885;1;0.347;1;2.514;1;0;0.26;0.04
NED2006030_74;MFD_SETNO74;42.461333;-66.520833;288302;50;14-jul-06;11:01:50;32.571;8.6388;4.65056;1.10727987096774;1;NaN;9;NaN;9;2.2865;1;0.5305;1;3.3335;1;0;4.31;0.69
NED2006030_74;MFD_SETNO74;42.461333;-66.520833;288301;270;14-jul-06;11:01:50;35.0457;7.5506;3.10579;0.0128483870967742;1;35.065;1;5.02833333333333;7;20.795;1;1.373;1;13.113;1;256;15.15;1.59
NED2006030_75;MFD_SETNO75;42.448667;-66.310833;288308;5;14-jul-06;13:05:19;32.1061;14.1031;4.68452;1.15969858064516;1;NaN;9;5.76233333333333;7;0.029;1;0.302;1;1.992;1;256;0.10;0.01
NED2006030_75;MFD_SETNO75;42.448667;-66.310833;288307;25;14-jul-06;13:05:19;32.3251;11.112;4.73754;0.970617290322581;1;NaN;9;NaN;9;1.344;1;0.4475;1;2.7045;1;0;3.00;0.50
NED2006030_75;MFD_SETNO75;42.448667;-66.310833;288306;51;14-jul-06;13:05:19;32.6294;8.9188;4.56357;0.554638451612903;1;NaN;9;NaN;9;3.788;1;0.622;1;3.5405;1;0;6.09;1.07
NED2006030_75;MFD_SETNO75;42.448667;-66.310833;288305;248;14-jul-06;13:05:19;35.0263;7.2836;3.21297;0.0128483870967742;1;35.044;1;5.113;7;20.551;1;1.4645;1;12.7085;1;256;14.03;1.62
NED2006030_76;MFD_SETNO76;42.541833;-66.005167;288312;5;14-jul-06;15:47:45;32.353;14.6726;4.54594;0.693298064516129;1;NaN;9;6.3475;7;0.026;1;0.2885;1;1.7435;1;256;0.09;0.01
NED2006030_76;MFD_SETNO76;42.541833;-66.005167;288311;25;14-jul-06;15:47:45;33.3767;13.4331;4.31475;0.794141419354839;1;NaN;9;NaN;9;1.8345;1;0.3865;1;2.342;1;0;4.75;0.78
NED2006030_76;MFD_SETNO76;42.541833;-66.005167;288310;50;14-jul-06;15:47:45;34.5942;11.7792;3.53001;0.126462;1;NaN;9;NaN;9;10.359;1;0.8185;1;6.112;1;0;12.66;1.69
NED2006030_76;MFD_SETNO76;42.541833;-66.005167;288309;129;14-jul-06;15:47:45;34.9679;11.4563;3.21512;0.0815883870967742;1;34.988;1;4.5005;7;13.2585;1;0.95;1;7.366;1;256;13.96;1.80
NED2006030_77;MFD_SETNO77;42.510167;-65.760667;288316;5;14-jul-06;17:47:00;32.4839;14.1856;4.61631;1.56546464516129;1;NaN;9;6.392;7;0.0825;1;0.32;1;2.058;1;256;0.26;0.04
NED2006030_77;MFD_SETNO77;42.510167;-65.760667;288315;26;14-jul-06;17:47:00;33.1218;12.7664;4.38067;1.183644;1;NaN;9;NaN;9;1.1025;1;0.372;1;2.203;1;0;2.96;0.50
NED2006030_77;MFD_SETNO77;42.510167;-65.760667;288314;51;14-jul-06;17:47:00;33.6572;11.1747;4.12628;NaN;9;NaN;9;NaN;9;NaN;9;NaN;9;NaN;9;0;NaN;NaN
NED2006030_77;MFD_SETNO77;42.510167;-65.760667;288313;88;14-jul-06;17:47:00;34.74;10.9459;3.37438;0.0822296774193548;1;34.741;1;4.635;7;12.9855;1;0.961;1;7.401;1;256;13.51;1.75
NED2006030_78;MFD_SETNO78;42.460167;-65.5885;288320;5;14-jul-06;19:14:55;32.2313;14.2273;4.6096;0.831957677419355;1;NaN;9;6.3275;7;0;1;0.301;1;1.9265;1;256;0.00;0.00
NED2006030_78;MFD_SETNO78;42.460167;-65.5885;288319;26;14-jul-06;19:14:55;32.4676;11.7028;4.67228;0.781536;1;NaN;9;NaN;9;1.1595;1;0.4175;1;2.3045;1;0;2.78;0.50
NED2006030_78;MFD_SETNO78;42.460167;-65.5885;288318;50;14-jul-06;19:14:55;33.6238;10.3395;4.12895;NaN;9;NaN;9;NaN;9;NaN;9;NaN;9;NaN;9;0;NaN;NaN
NED2006030_78;MFD_SETNO78;42.460167;-65.5885;288317;96;14-jul-06;19:14:55;34.6403;12.0469;3.51269;0.134620838709677;1;34.662;1;4.839;7;10.5305;1;0.7985;1;5.7335;1;256;13.19;1.84
NED2006030_80;MFD_SETNO80;42.230167;-65.619;288324;5;14-jul-06;22:15:00;32.1785;13.9387;4.61331;0.743719741935484;1;NaN;9;6.258;7;0.1195;1;0.317;1;1.993;1;256;0.38;0.06
NED2006030_80;MFD_SETNO80;42.230167;-65.619;288323;24;14-jul-06;22:15:00;33.9199;11.2332;3.95736;0.415978838709677;1;NaN;9;NaN;9;5.2345;1;0.594;1;3.953;1;0;8.81;1.32
NED2006030_80;MFD_SETNO80;42.230167;-65.619;288322;51;14-jul-06;22:15:00;34.4254;11.248;3.62458;0.113065806451613;1;NaN;9;NaN;9;10.1285;1;0.825;1;5.775;1;0;12.28;1.75
NED2006030_80;MFD_SETNO80;42.230167;-65.619;288321;116;14-jul-06;22:15:00;35.1332;8.2802;3.01113;0.0128483870967742;1;35.154;1;4.097;7;20.5695;1;1.374;1;12.3875;1;256;14.97;1.66
NED2006030_81;MFD_SETNO81;42.481333;-65.438;288328;5;15-jul-06;00:52:30;31.9262;12.9973;4.70826;0.781536;1;NaN;9;6.5775;7;0;1;0.3105;1;1.395;1;256;0.00;0.00
NED2006030_81;MFD_SETNO81;42.481333;-65.438;288327;24;15-jul-06;00:52:30;31.9053;12.3804;4.79658;NaN;9;NaN;9;NaN;9;NaN;9;NaN;9;NaN;9;0;NaN;NaN
NED2006030_81;MFD_SETNO81;42.481333;-65.438;288326;51;15-jul-06;00:52:30;33.4068;11.6144;4.05677;0.338591806451613;1;NaN;9;NaN;9;3.8845;1;0.527;1;3.119;1;0;7.37;1.25
NED2006030_81;MFD_SETNO81;42.481333;-65.438;288325;100;15-jul-06;00:52:30;34.366;11.7088;3.67291;0.138700258064516;1;34.388;1;5.0865;7;8.6675;1;0.7675;1;5.2405;1;256;11.29;1.65
NED2006030_82;MFD_SETNO82;42.514833;-64.899833;288332;4;15-jul-06;04:16:09;31.7387;14.5639;4.58323;0.441189677419355;1;NaN;9;6.27933333333333;7;0;1;0.301;1;1.43;1;256;0.00;0.00
NED2006030_82;MFD_SETNO82;42.514833;-64.899833;288331;25;15-jul-06;04:16:09;31.8821;13.0269;4.77869;0.642876387096774;1;NaN;9;NaN;9;0;1;0.321;1;1.6165;1;0;0.00;0.00
NED2006030_82;MFD_SETNO82;42.514833;-64.899833;288330;51;15-jul-06;04:16:09;33.132;7.6159;4.21409;0.244765161290323;1;NaN;9;NaN;9;6.1885;1;0.779;1;5.265;1;0;7.94;1.18
NED2006030_82;MFD_SETNO82;42.514833;-64.899833;288329;119;15-jul-06;04:16:09;34.6047;9.7212;3.30833;0.0334058064516129;1;34.626;1;4.43366666666667;7;14.0945;1;1.0775;1;8.2125;1;256;13.08;1.72
NED2006030_83;MFD_SETNO83;42.476667;-64.6705;288336;7;15-jul-06;06:23:00;31.9372;16.5543;3.95881;0.273321096774194;1;NaN;9;5.47533333333333;7;0;1;0.306;1;0.6655;1;256;0.00;0.00
NED2006030_83;MFD_SETNO83;42.476667;-64.6705;288335;24;15-jul-06;06:23:00;32.4211;16.4432;4.42743;0.363068322580645;1;NaN;9;NaN;9;0;1;0.244;1;0.5945;1;0;0.00;0.00
NED2006030_83;MFD_SETNO83;42.476667;-64.6705;288334;51;15-jul-06;06:23:00;33.4377;9.133;4.19423;0.134908064516129;1;NaN;9;NaN;9;5.5735;1;0.687;1;3.3805;1;0;8.11;1.65
NED2006030_83;MFD_SETNO83;42.476667;-64.6705;288333;459;15-jul-06;06:23:00;35.0082;5.8957;3.44957;0.00385451612903226;1;35.026;1;5.426;7;20.306;1;1.3955;1;12.7475;1;256;14.55;1.59
NED2006030_84;MFD_SETNO84;42.695667;-64.389667;288340;7;15-jul-06;10:12:18;31.2534;14.4353;4.55985;0.428584258064516;1;NaN;9;5.868;7;0;1;0.2905;1;0.8035;1;256;0.00;0.00
NED2006030_84;MFD_SETNO84;42.695667;-64.389667;288339;24;15-jul-06;10:12:18;31.7443;11.0621;4.9483;0.718508903225806;1;NaN;9;NaN;9;0.0425;1;0.36;1;1.4425;1;0;0.12;0.03
NED2006030_84;MFD_SETNO84;42.695667;-64.389667;288338;50;15-jul-06;10:12:18;32.727;5.6991;4.44751;0.199891548387097;1;NaN;9;NaN;9;6.4195;1;0.837;1;5.0215;1;0;7.67;1.28
NED2006030_84;MFD_SETNO84;42.695667;-64.389667;288337;128;15-jul-06;10:12:18;34.6549;9.3167;3.09014;0.0167029032258065;1;34.669;1;4.97966666666667;7;16.304;1;1.1915;1;9.441;1;256;13.68;1.73
NED2006030_85;MFD_SETNO85;42.697167;-64.099167;288344;4;15-jul-06;12:44:55;30.979;14.9533;4.48954;0.342671225806452;1;NaN;9;5.65033333333333;7;0;1;0.293;1;0.592;1;256;0.00;0.00
NED2006030_85;MFD_SETNO85;42.697167;-64.099167;288343;25;15-jul-06;12:44:55;31.8184;7.933;5.19136;0.493609741935484;1;NaN;9;NaN;9;0;1;0.399;1;1.006;1;0;0.00;0.00
NED2006030_85;MFD_SETNO85;42.697167;-64.099167;288342;51;15-jul-06;12:44:55;32.8524;5.4574;4.58043;0.171335612903226;1;NaN;9;NaN;9;8.102;1;0.9225;1;5.3235;1;0;8.78;1.52
NED2006030_85;MFD_SETNO85;42.697167;-64.099167;288341;539;15-jul-06;12:44:55;34.9562;4.9215;3.91674;0.00256967741935484;1;34.972;1;5.61;7;18.8535;1;1.3165;1;11.9255;1;256;14.32;1.58
NED2006030_86;MFD_SETNO86;42.736833;-63.895;288348;5;15-jul-06;15:17:22;31.0939;16.1783;4.3505;0.199891548387097;1;NaN;9;5.916;7;5e-04;1;0.279;1;0.6355;1;256;0.00;0.00
NED2006030_86;MFD_SETNO86;42.736833;-63.895;288347;24;15-jul-06;15:17:22;31.5378;11.4457;4.89625;0.403373419354839;1;NaN;9;NaN;9;0.174;1;0.3445;1;0.856;1;0;0.51;0.20
NED2006030_86;MFD_SETNO86;42.736833;-63.895;288346;51;15-jul-06;15:17:22;32.5101;6.2103;5.07458;NaN;9;NaN;9;NaN;9;NaN;9;NaN;9;NaN;9;0;NaN;NaN
NED2006030_86;MFD_SETNO86;42.736833;-63.895;288345;565;15-jul-06;15:17:22;34.9457;4.6088;4.10137;0.00513935483870968;1;34.965;1;5.721;7;18.2555;1;1.2595;1;11.658;1;256;14.49;1.57
NED2006030_87;MFD_SETNO87;42.800833;-63.494333;288352;6;15-jul-06;18:27:05;31.1251;15.3964;4.45844;NaN;9;NaN;9;NaN;9;NaN;9;NaN;9;NaN;9;0;NaN;NaN
NED2006030_87;MFD_SETNO87;42.800833;-63.494333;288351;25;15-jul-06;18:27:05;31.6865;10.204;5.11141;0.358988903225806;1;NaN;9;6.4695;7;0.005;1;0.345;1;0.9935;1;256;0.01;0.01
NED2006030_87;MFD_SETNO87;42.800833;-63.494333;288350;51;15-jul-06;18:27:05;33.0614;6.4673;4.4318;0.228447483870968;1;33.088;1;5.832;7;6.6805;1;0.807;1;4.5795;1;256;8.28;1.46
NED2006030_87;MFD_SETNO87;42.800833;-63.494333;288349;286;15-jul-06;18:27:05;35.104;8.8176;2.61385;NaN;9;NaN;9;NaN;9;NaN;9;NaN;9;NaN;9;0;NaN;NaN
NED2006030_88;MFD_SETNO88;42.805667;-63.150667;288356;5;15-jul-06;21:02:53;31.3563;17.1211;4.32496;NaN;9;NaN;9;NaN;9;NaN;9;NaN;9;NaN;9;0;NaN;NaN
NED2006030_88;MFD_SETNO88;42.805667;-63.150667;288355;25;15-jul-06;21:02:53;33.097;10.249;5.12655;1.29819019354839;1;NaN;9;6.79;7;0.0105;1;0.344;1;1.803;1;256;0.03;0.01
NED2006030_88;MFD_SETNO88;42.805667;-63.150667;288354;50;15-jul-06;21:02:53;33.9031;8.7863;4.20891;0.118303161290323;1;33.83;1;6.11;7;6.642;1;0.711;1;3.965;1;256;9.34;1.68
NED2006030_88;MFD_SETNO88;42.805667;-63.150667;288353;397;15-jul-06;21:02:53;35.0245;6.5505;3.09148;NaN;9;NaN;9;NaN;9;NaN;9;NaN;9;NaN;9;0;NaN;NaN
NED2006030_89;MFD_SETNO89;42.952833;-63.386333;288360;5;15-jul-06;23:49:09;31.0651;14.1062;4.62179;0.252924;1;NaN;9;6.6145;7;0;1;0.29;1;1.082;1;256;0.00;0.00
NED2006030_89;MFD_SETNO89;42.952833;-63.386333;288359;27;15-jul-06;23:49:09;31.8708;7.3032;5.24881;0.378162580645161;1;NaN;9;NaN;9;0;1;0.399;1;1.3925;1;0;0.00;0.00
NED2006030_89;MFD_SETNO89;42.952833;-63.386333;288358;50;15-jul-06;23:49:09;32.4446;4.8715;4.97431;0.57984929032258;1;NaN;9;NaN;9;3.301;1;0.6855;1;3.4975;1;0;4.82;0.94
NED2006030_89;MFD_SETNO89;42.952833;-63.386333;288357;164;15-jul-06;23:49:09;35.1712;9.8535;2.63524;0.00513935483870968;1;35.193;1;3.8015;7;20.6565;1;1.3595;1;11.872;1;256;15.19;1.74
NED2006030_90;MFD_SETNO90;43.018167;-63.305;288364;5;16-jul-06;10:56:14;31.0503;15.4125;4.44594;0.248844580645161;1;NaN;9;6.62933333333333;7;0.065;1;0.291;1;1.0745;1;256;0.22;0.06
NED2006030_90;MFD_SETNO90;43.018167;-63.305;288363;25;16-jul-06;10:56:14;32.0353;8.331;5.25547;0.407941935483871;1;NaN;9;NaN;9;0.281;1;0.4035;1;1.883;1;0;0.70;0.15
NED2006030_90;MFD_SETNO90;43.018167;-63.305;288362;50;16-jul-06;10:56:14;32.8602;6.301;4.66018;0.203970967741935;1;NaN;9;NaN;9;6.16;1;0.7915;1;4.5175;1;0;7.78;1.36
NED2006030_90;MFD_SETNO90;43.018167;-63.305;288361;159;16-jul-06;10:56:14;35.1905;9.9794;2.65389;0.00513935483870968;1;35.209;1;4.65766666666667;7;20.4225;1;1.3705;1;12.0625;1;256;14.90;1.69
NED2006030_91;MFD_SETNO91;43.1225;-63.195167;288368;5;16-jul-06;13:04:33;31.0791;14.7139;4.54311;0.191732709677419;1;NaN;9;5.66966666666667;7;0.007;1;0.288;1;1.0595;1;256;0.02;0.01
NED2006030_91;MFD_SETNO91;43.1225;-63.195167;288367;26;16-jul-06;13:04:33;32.1808;7.3575;5.34963;0.352951741935484;1;NaN;9;NaN;9;0.076;1;0.41;1;1.5125;1;0;0.19;0.05
NED2006030_91;MFD_SETNO91;43.1225;-63.195167;288366;50;16-jul-06;13:04:33;32.765;5.0892;4.67683;0.327740903225806;1;NaN;9;NaN;9;5.562;1;0.735;1;3.6085;1;0;7.57;1.54
NED2006030_91;MFD_SETNO91;43.1225;-63.195167;288365;152;16-jul-06;13:04:33;35.176;9.9411;2.66319;0.028555935483871;1;35.18;1;4.94666666666667;7;20.548;1;1.332;1;11.9765;1;256;15.43;1.72
NED2006030_92;MFD_SETNO92;43.118;-63.003;288372;5;16-jul-06;15:59:04;31.4331;17.4172;4.24188;NaN;9;NaN;9;NaN;9;NaN;9;NaN;9;NaN;9;0;NaN;NaN
NED2006030_92;MFD_SETNO92;43.118;-63.003;288371;25;16-jul-06;15:59:04;32.9287;10.2641;5.26513;0.668087225806452;1;NaN;9;7.264;7;NaN;9;NaN;9;NaN;9;256;NaN;NaN
NED2006030_92;MFD_SETNO92;43.118;-63.003;288370;50;16-jul-06;15:59:04;33.2454;6.8345;4.31078;0.554638451612903;1;34.934;7;NaN;9;NaN;9;NaN;9;NaN;9;256;NaN;NaN
NED2006030_92;MFD_SETNO92;43.118;-63.003;288369;128;16-jul-06;15:59:04;34.9172;9.8929;3.14277;0.0115635483870968;1;NaN;9;4.402;7;NaN;9;NaN;9;NaN;9;256;NaN;NaN
NED2006030_94;MFD_SETNO94;42.978333;-62.819833;288376;7;16-jul-06;23:57:00;31.7028;17.3999;4.25637;0.252924;1;NaN;9;6.2475;7;0.007;1;0.284;1;1.0805;1;256;0.02;0.01
NED2006030_94;MFD_SETNO94;42.978333;-62.819833;288375;25;16-jul-06;23:57:00;32.986;8.7728;5.12558;1.41180696774194;1;NaN;9;NaN;9;0.321;1;0.4235;1;2.2595;1;0;0.76;0.14
NED2006030_94;MFD_SETNO94;42.978333;-62.819833;288374;51;16-jul-06;23:57:00;33.303;6.8112;4.46454;0.342671225806452;1;NaN;9;NaN;9;6.1305;1;0.7375;1;4.2695;1;0;8.31;1.44
NED2006030_94;MFD_SETNO94;42.978333;-62.819833;288373;123;16-jul-06;23:57:00;34.8385;9.8742;3.2386;0.0172168387096774;1;34.84;1;4.8385;7;14.9155;1;1.047;1;9.103;1;256;14.25;1.64
NED2006030_95;MFD_SETNO95;42.947833;-62.662;288380;6;17-jul-06;01:41:10;31.6158;17.3096;4.24666;0.269241677419355;1;NaN;9;5.83;7;0.0245;1;0.2815;1;1.0525;1;256;0.09;0.02
NED2006030_95;MFD_SETNO95;42.947833;-62.662;288379;26;17-jul-06;01:41:10;33.2171;10.8101;5.00332;1.60088825806452;1;NaN;9;6.9465;7;0.014;1;0.316;1;1.288;1;256;0.04;0.01
NED2006030_95;MFD_SETNO95;42.947833;-62.662;288378;52;17-jul-06;01:41:10;33.4163;6.4973;4.3629;NaN;9;NaN;9;NaN;9;NaN;9;NaN;9;NaN;9;0;NaN;NaN
NED2006030_95;MFD_SETNO95;42.947833;-62.662;288377;111;17-jul-06;01:41:10;34.5401;9.0512;3.47669;NaN;9;33.206;7;NaN;9;NaN;9;NaN;9;NaN;9;256;NaN;NaN
NED2006030_96;MFD_SETNO96;42.973667;-62.4395;288384;5;17-jul-06;03:33:59;32.1194;16.3663;4.40618;0.314115290322581;1;NaN;9;6.07333333333333;7;0.034;1;0.3145;1;0.567;1;256;0.11;0.06
NED2006030_96;MFD_SETNO96;42.973667;-62.4395;288383;25;17-jul-06;03:33:59;33.1302;10.5803;5.0608;1.52525574193548;1;NaN;9;NaN;9;0.2225;1;0.351;1;1.635;1;0;0.63;0.14
NED2006030_96;MFD_SETNO96;42.973667;-62.4395;288382;50;17-jul-06;03:33:59;33.4131;6.6142;4.35189;0.232526903225806;1;NaN;9;NaN;9;7.2415;1;0.808;1;5.638;1;0;8.96;1.28
NED2006030_96;MFD_SETNO96;42.973667;-62.4395;288381;199;17-jul-06;03:33:59;35.0864;8.4653;2.64137;0.015418064516129;1;35.108;1;4.05233333333333;7;22.822;1;1.4695;1;13.4345;1;256;15.53;1.70
NED2006030_97;MFD_SETNO97;43.092667;-62.518;288388;6;17-jul-06;05:27:31;31.6087;17.6427;4.18565;0.240685741935484;1;NaN;9;5.04933333333333;1;0.0295;1;0.271;1;1.0745;1;0;0.11;0.03
NED2006030_97;MFD_SETNO97;43.092667;-62.518;288387;25;17-jul-06;05:27:31;32.3648;15.0326;4.58781;0.579277548387097;1;NaN;9;NaN;9;0.0495;1;0.2935;1;1.0035;1;0;0.17;0.05
NED2006030_97;MFD_SETNO97;43.092667;-62.518;288386;50;17-jul-06;05:27:31;33.2776;8.1247;4.56258;0.407941935483871;1;NaN;9;NaN;9;4.0005;1;0.612;1;3.1425;1;0;6.54;1.27
NED2006030_97;MFD_SETNO97;43.092667;-62.518;288385;107;17-jul-06;05:27:31;34.4938;8.9187;3.48112;0.0295512903225806;1;34.511;1;5.16266666666667;7;13.0875;1;1.0025;1;9.035;1;256;13.05;1.45
NED2006030_98;MFD_SETNO98;43.135333;-62.2005;288392;5;17-jul-06;07:35:36;31.8312;17.5136;4.2078;0.265162258064516;1;NaN;9;5.43133333333333;7;0.0855;1;0.21;1;1.74;1;256;0.41;0.05
NED2006030_98;MFD_SETNO98;43.135333;-62.2005;288391;26;17-jul-06;07:35:36;32.3664;12.5806;4.87686;0.624151161290323;1;NaN;9;NaN;9;0.0535;1;0.357;1;1.2135;1;0;0.15;0.04
NED2006030_98;MFD_SETNO98;43.135333;-62.2005;288390;50;17-jul-06;07:35:36;32.9408;8.8596;5.03945;1.563072;1;NaN;9;NaN;9;0.7085;1;0.452;1;2.3755;1;0;1.57;0.30
NED2006030_98;MFD_SETNO98;43.135333;-62.2005;288389;105;17-jul-06;07:35:36;34.4447;8.8779;3.63595;0.0321209677419355;1;34.436;1;5.42566666666667;7;12.0415;1;0.928;1;7.8785;1;256;12.98;1.53
NED2006030_99;MFD_SETNO99;42.980667;-62.164833;288396;5;17-jul-06;10:43:00;32.2091;16.7986;4.28842;0.293718193548387;1;NaN;9;5.659;7;0.1055;1;0.012;1;2.1295;1;256;8.79;0.05
NED2006030_99;MFD_SETNO99;42.980667;-62.164833;288395;25;17-jul-06;10:43:00;32.7327;8.3686;5.19343;3.74184232258064;1;NaN;9;NaN;9;0.262;1;0.2155;1;1.562;1;0;1.22;0.17
NED2006030_99;MFD_SETNO99;42.980667;-62.164833;288394;51;17-jul-06;10:43:00;33.2225;7.7953;4.62228;0.88237935483871;1;NaN;9;NaN;9;4.923;1;0.4945;1;4.814;1;0;9.96;1.02
NED2006030_99;MFD_SETNO99;42.980667;-62.164833;288393;148;17-jul-06;10:43:00;35.0023;9.7229;3.03829;0.015418064516129;1;34.977;1;4.80566666666667;7;16.455;1;0.998;1;9.904;1;256;16.49;1.66
NED2006030_100;MFD_SETNO100;42.952833;-61.5975;288400;7;17-jul-06;14:18:28;32.0354;16.1296;4.51916;NaN;9;NaN;9;NaN;9;NaN;9;NaN;9;NaN;9;0;NaN;NaN
NED2006030_100;MFD_SETNO100;42.952833;-61.5975;288399;25;17-jul-06;14:18:28;33.5129;10.6801;4.92722;1.34877987096774;1;NaN;9;7.361;7;0.1495;1;0.3135;1;2.5765;1;256;0.48;0.06
NED2006030_100;MFD_SETNO100;42.952833;-61.5975;288398;49;17-jul-06;14:18:28;33.9477;9.6714;4.22969;0.330432967741935;1;NaN;9;NaN;9;4.9;1;0.6055;1;4.3815;1;0;8.09;1.12
NED2006030_100;MFD_SETNO100;42.952833;-61.5975;288397;607;17-jul-06;14:18:28;34.9302;4.6326;4.10309;0.0167029032258064;1;34.953;1;6.2315;7;18.9575;1;1.2695;1;12.4525;1;256;14.93;1.52
NED2006030_101;MFD_SETNO101;43.236333;-61.315667;295803;6;17-jul-06;17:42:39;31.4803;16.7525;4.3493;0.269241677419355;1;NaN;9;6.154;7;0.1745;1;0;1;1.348;1;256;NaN;0.13
NED2006030_101;MFD_SETNO101;43.236333;-61.315667;295802;25;17-jul-06;17:42:39;33.2771;11.4199;5.09451;1.37399070967742;1;NaN;9;NaN;9;0.203;1;0;1;2.745;1;0;NaN;0.07
NED2006030_101;MFD_SETNO101;43.236333;-61.315667;295801;51;17-jul-06;17:42:39;34.0148;8.8726;4.17591;0.192725806451613;1;NaN;9;NaN;9;7.728;1;0.749;1;6.106;1;0;10.32;1.27
NED2006030_101;MFD_SETNO101;43.236333;-61.315667;295800;177;17-jul-06;17:42:39;35.0362;9.3722;2.83975;0.0308361290322581;1;35.038;1;4.217;7;18.805;1;1.2495;1;11.743;1;256;15.05;1.60
NED2006030_102;MFD_SETNO102;43.235333;-60.935333;295808;5;17-jul-06;20:28:06;32.5023;17.2389;4.37796;NaN;9;NaN;9;NaN;9;NaN;9;NaN;9;NaN;9;0;NaN;NaN
NED2006030_102;MFD_SETNO102;43.235333;-60.935333;295807;25;17-jul-06;20:28:06;33.1173;9.5767;4.96353;NaN;9;NaN;9;6.8705;7;NaN;9;NaN;9;NaN;9;256;NaN;NaN
NED2006030_102;MFD_SETNO102;43.235333;-60.935333;295806;52;17-jul-06;20:28:06;33.7579;8.2549;4.28431;NaN;9;NaN;9;NaN;9;NaN;9;NaN;9;NaN;9;0;NaN;NaN
NED2006030_102;MFD_SETNO102;43.235333;-60.935333;295805;200;17-jul-06;20:28:06;35.1505;9.124;2.49213;NaN;9;34.974;7;3.483;1;NaN;9;NaN;9;NaN;9;256;NaN;NaN
NED2006030_102;MFD_SETNO102;43.235333;-60.935333;295804;378;17-jul-06;20:28:06;34.9551;5.8939;3.40116;NaN;9;NaN;9;4.84;7;NaN;9;NaN;9;NaN;9;256;NaN;NaN
NED2006030_103;MFD_SETNO103;43.355167;-60.715667;295812;6;17-jul-06;22:49:04;32.5801;17.7612;4.3523;0.518086258064516;1;NaN;9;5.9635;7;0.186;1;0.0445;2;1.952;1;2304;4.18;0.10
NED2006030_103;MFD_SETNO103;43.355167;-60.715667;295811;26;17-jul-06;22:49:04;32.8801;9.7909;5.26169;0.907590193548387;1;NaN;9;NaN;9;0.192;1;0.066;1;2.43;1;0;2.91;0.08
NED2006030_103;MFD_SETNO103;43.355167;-60.715667;295810;51;17-jul-06;22:49:04;33.5135;7.2588;4.38133;0.156750322580645;1;NaN;9;NaN;9;6.3305;1;0.4565;1;6.001;1;0;13.87;1.05
NED2006030_103;MFD_SETNO103;43.355167;-60.715667;295809;164;17-jul-06;22:49:04;35.3157;10.8104;2.56729;0.0218422580645161;1;35.33;1;3.767;7;19.6775;1;0.9165;1;11.325;1;256;21.47;1.74
NED2006030_104;MFD_SETNO104;43.3555;-61.282167;295816;6;18-jul-06;01:51:28;31.4854;16.1451;4.37847;0.310035870967742;1;NaN;9;5.971;7;0.1805;1;0.283;1;1.474;1;256;0.64;0.12
NED2006030_104;MFD_SETNO104;43.3555;-61.282167;295815;27;18-jul-06;01:51:28;32.5125;8.8057;5.36284;2.59638038709677;1;NaN;9;NaN;9;0.1865;1;0.373;1;1.6345;1;0;0.50;0.11
NED2006030_104;MFD_SETNO104;43.3555;-61.282167;295814;51;18-jul-06;01:51:28;33.2098;6.7098;4.50853;0.342671225806452;1;NaN;9;NaN;9;4.8995;1;0.704;1;5.8875;1;0;6.96;0.83
NED2006030_104;MFD_SETNO104;43.3555;-61.282167;295813;71;18-jul-06;01:51:28;33.7834;7.5609;4.04272;0.175415032258064;1;33.783;1;5.6505;7;8.7195;1;0.837;1;8.9485;1;256;10.42;0.97
NED2006030_105;MFD_SETNO105;43.395;-61.4785;295820;5;18-jul-06;03:26:35;31.688;16.8408;4.28853;0.293718193548387;1;NaN;9;5.968;7;0.1915;1;0.271;1;1.6585;1;256;0.71;0.12
NED2006030_105;MFD_SETNO105;43.395;-61.4785;295819;26;18-jul-06;03:26:35;32.2734;7.4823;5.31709;0.509927419354839;1;NaN;9;NaN;9;0.1935;1;0.4125;1;1.3895;1;0;0.47;0.14
NED2006030_105;MFD_SETNO105;43.395;-61.4785;295818;51;18-jul-06;03:26:35;32.9644;6.589;4.58573;5.88003793548387;1;NaN;9;NaN;9;2.0545;1;0.598;1;4.184;1;0;3.44;0.49
NED2006030_105;MFD_SETNO105;43.395;-61.4785;295817;77;18-jul-06;03:26:35;33.2337;6.2251;4.31484;0.363068322580645;1;33.253;1;5.266;1;7.028;1;0.7825;1;8.2855;1;0;8.98;0.85
NED2006030_106;MFD_SETNO106;43.285167;-61.529167;295824;5;18-jul-06;05:01:42;31.6769;16.3658;4.32794;0.432418451612903;1;NaN;9;5.96733333333333;7;0.1;1;0.3465;1;0.4895;1;288;0.29;0.20
NED2006030_106;MFD_SETNO106;43.285167;-61.529167;295823;25;18-jul-06;05:01:42;32.1119;9.7834;5.19112;5.34548903225807;1;NaN;9;NaN;9;0.234;1;0.4705;1;0.4895;1;0;0.50;0.48
NED2006030_106;MFD_SETNO106;43.285167;-61.529167;295822;49;18-jul-06;05:01:42;32.8838;6.618;4.48027;3.20729341935484;1;NaN;9;NaN;9;4.9935;1;0.839;1;5.782;1;0;5.95;0.86
NED2006030_106;MFD_SETNO106;43.285167;-61.529167;295821;76;18-jul-06;05:01:42;33.3012;6.2932;4.22207;0.293718193548387;1;33.319;1;5.96733333333333;7;7.515;1;0.9775;1;8.053;1;288;7.69;0.93
NED2006030_108;MFD_SETNO108;43.619667;-61.614667;295828;5;18-jul-06;08:34:43;31.8598;17.3261;4.1806;0.22028864516129;1;NaN;9;5.77866666666667;7;0.131;1;0.3325;1;1.096;1;256;0.39;0.12
NED2006030_108;MFD_SETNO108;43.619667;-61.614667;295827;26;18-jul-06;08:34:43;32.1822;8.8343;5.07416;0.432418451612903;1;NaN;9;NaN;9;0.1105;1;0.454;1;0.6545;1;0;0.24;0.17
NED2006030_108;MFD_SETNO108;43.619667;-61.614667;295826;49;18-jul-06;08:34:43;32.431;6.8037;4.84478;5.34548903225807;1;NaN;9;NaN;9;1.147;1;0.654;1;3.4745;1;0;1.75;0.33
NED2006030_108;MFD_SETNO108;43.619667;-61.614667;295825;65;18-jul-06;08:34:43;32.6607;5.9395;4.54233;3.20729341935484;1;32.675;1;6.11833333333333;7;3.5415;1;0.7875;1;6.551;1;256;4.50;0.54
NED2006030_110;MFD_SETNO110;43.2945;-62.027167;295832;4;18-jul-06;12:51:23;31.8591;17.8458;4.1891;0.273321096774193;1;NaN;9;5.84366666666667;7;0.129;1;0.2965;1;1.2155;1;256;0.44;0.11
NED2006030_110;MFD_SETNO110;43.2945;-62.027167;295831;25;18-jul-06;12:51:23;32.5654;8.8382;5.19457;0.705903483870968;1;NaN;9;NaN;9;0.1595;1;0.416;1;1.339;1;0;0.38;0.12
NED2006030_110;MFD_SETNO110;43.2945;-62.027167;295830;49;18-jul-06;12:51:23;32.9322;6.3063;4.72013;0.277400516129032;1;NaN;9;NaN;9;4.3845;1;0.747;1;3.524;1;0;5.87;1.24
NED2006030_110;MFD_SETNO110;43.2945;-62.027167;295829;96;18-jul-06;12:51:23;34.2543;8.485;3.69346;0.0128483870967742;1;34.271;1;5.415;7;10.5225;1;0.9375;1;7.919;1;256;11.22;1.33
NED2006030_111;MFD_SETNO111;43.261667;-62.124167;295836;5;18-jul-06;14:14:14;31.6426;18.14;4.17546;0.244765161290323;1;NaN;9;5.50233333333333;7;0.113;1;0.2725;1;1.086;1;256;0.41;0.10
NED2006030_111;MFD_SETNO111;43.261667;-62.124167;295835;25;18-jul-06;14:14:14;32.5987;10.3449;5.07477;1.12188232258065;1;NaN;9;NaN;9;0.1395;1;0.3875;1;1.264;1;0;0.36;0.11
NED2006030_111;MFD_SETNO111;43.261667;-62.124167;295834;48;18-jul-06;14:14:14;33.3683;9.0448;4.47706;0.314115290322581;1;NaN;9;NaN;9;3.095;1;0.5445;1;2.6035;1;0;5.68;1.19
NED2006030_111;MFD_SETNO111;43.261667;-62.124167;295833;99;18-jul-06;14:14:14;34.2738;8.4151;3.6524;0.0218422580645161;1;34.282;1;5.237;7;10.4055;1;0.889;1;7.7815;1;256;11.70;1.34
NED2006030_112;MFD_SETNO112;43.335833;-62.226167;295840;4.978;18-jul-06;15:58:36;31.3869;18.0531;4.1911;0.0835145161290323;1;NaN;9;5.739;7;0.1275;1;0.29;1;1.0265;1;256;0.44;0.12
NED2006030_112;MFD_SETNO112;43.335833;-62.226167;295839;25.663;18-jul-06;15:58:36;32.5457;10.9007;5.2417;NaN;9;NaN;9;NaN;9;0.139;1;0.3715;1;1.429;1;0;0.37;0.10
NED2006030_112;MFD_SETNO112;43.335833;-62.226167;295838;50.44;18-jul-06;15:58:36;33.1695;7.2521;4.5024;0.232526903225806;1;33.067;7;6.3125;7;4.3975;1;0.682;1;3.699;1;256;6.45;1.19
NED2006030_112;MFD_SETNO112;43.335833;-62.226167;295837;106.158;18-jul-06;15:58:36;33.9996;7.6779;3.786;NaN;9;NaN;9;NaN;9;NaN;9;NaN;9;NaN;9;0;NaN;NaN
NED2006030_113;MFD_SETNO113;43.4995;-62.383667;295844;5;18-jul-06;18:01:51;31.2351;17.8786;4.23045;0.181162258064516;1;NaN;9;5.684;7;0.121;1;0.282;1;1.145;1;256;0.43;0.11
NED2006030_113;MFD_SETNO113;43.4995;-62.383667;295843;25;18-jul-06;18:01:51;32.0208;8.2788;5.31838;0.575198129032258;1;NaN;9;NaN;9;0.133;1;0.373;1;1.7715;1;0;0.36;0.08
NED2006030_113;MFD_SETNO113;43.4995;-62.383667;295842;50;18-jul-06;18:01:51;32.9;6.3644;4.82655;0.326353548387097;1;NaN;9;NaN;9;4.7955;1;0.7185;1;3.4995;1;0;6.67;1.37
NED2006030_113;MFD_SETNO113;43.4995;-62.383667;295841;78;18-jul-06;18:01:51;33.4698;6.6867;4.10651;0.122382580645161;1;33.479;1;5.553;7;7.96;1;0.84;1;6.359;1;256;9.48;1.25
NED2006030_115;MFD_SETNO115;43.936667;-62.484833;295848;6;18-jul-06;23:04:58;31.2981;18.2951;4.21039;0.176022903225806;1;NaN;9;5.5895;7;0.1185;1;0.2725;1;1.024;1;256;0.43;0.12
NED2006030_115;MFD_SETNO115;43.936667;-62.484833;295847;25;18-jul-06;23:04:58;32.4167;9.6122;5.27256;0.469133225806452;1;NaN;9;NaN;9;0.168;1;0.369;1;1.527;1;0;0.46;0.11
NED2006030_115;MFD_SETNO115;43.936667;-62.484833;295846;51;18-jul-06;23:04:58;33.3893;6.5571;4.21494;0.277400516129032;1;NaN;9;NaN;9;7.6585;1;0.8385;1;5.82;1;0;9.13;1.32
NED2006030_115;MFD_SETNO115;43.936667;-62.484833;295845;106;18-jul-06;23:04:58;34.5093;9.1041;2.97881;0.00770903225806452;1;34.488;1;4.0945;7;14.056;1;1.15;1;12.241;1;256;12.22;1.15
NED2006030_116;MFD_SETNO116;43.855667;-62.775333;295852;6;19-jul-06;01:21:38;31.1235;18.2861;4.19908;0.141332258064516;1;NaN;9;5.6385;7;0.1195;1;0.272;1;0.956;1;256;0.44;0.13
NED2006030_116;MFD_SETNO116;43.855667;-62.775333;295851;25;19-jul-06;01:21:38;32.2294;9.9624;5.23983;0.265162258064516;1;NaN;9;NaN;9;0.2115;1;0.351;1;1.5825;1;0;0.60;0.13
NED2006030_116;MFD_SETNO116;43.855667;-62.775333;295850;51;19-jul-06;01:21:38;33.3445;6.5707;4.12475;NaN;9;NaN;9;NaN;9;NaN;9;NaN;9;NaN;9;0;NaN;NaN
NED2006030_116;MFD_SETNO116;43.855667;-62.775333;295849;224;19-jul-06;01:21:38;35.1473;9.8989;2.29962;0.00770903225806452;1;35.175;1;3.21;1;21.451;1;1.411;1;14.2625;1;0;15.20;1.50
