CTD;CTD;CTD;CTD;CTD;CTD;CTD;CTD;CTD;CTD;CTD;labo;labo;labo;labo;labo;labo;labo;labo;labo;labo;labo;labo;labo;labo;labo;calc;calc
Fichier;Station;Latitude;Longitude;Echantillon;zbouteille;Date;Heure;PSAL;TEMP_XX;DOXY;CHL_01;Q_CHL;PSAL_BS;Q_PSAL;OXY_03;Q_OXY;NO2_01;Q_NO2;NOx_01;Q_NOX;PO4_01;Q_PO4;Si_01;Q_Si;QCFF;N_P;N_Si
(nom);(nom/no);(degres);(degres);(no_unique);(dbar);(jj-mmm-yyyy);(GMT);(psu);(celsius);(ml/l);(mg/m**3);((none));(PSU);((none));(ml/l);((none));(mmol/m**3);((none));(mmol/m**3);((none));(mmol/m**3);((none));(mmol/m**3);((none));((none));((none));((none))
NED2011002_0;MFD_SETNO0;44.27;-63.3183;353010;4;05-feb-11;14:16:03;30.2818;1.977;NaN;0.469746831010453;1;30.778;7;7.248;1;1.039;1;4.076;1;0.9165;1;6.132;1;256;4.45;0.66
NED2011002_0;MFD_SETNO0;44.27;-63.3183;353009;6;05-feb-11;14:16:03;30.3818;1.979;NaN;0.440902727351916;1;NaN;9;NaN;9;0.974;1;3.927;1;0.9355;1;6.2005;1;0;4.20;0.63
NED2011002_0;MFD_SETNO0;44.27;-63.3183;353008;10;05-feb-11;14:16:03;30.6218;1.98;NaN;0.469746831010453;1;NaN;9;NaN;9;0.914;1;4.063;1;0.931;1;6.149;1;0;4.36;0.66
NED2011002_0;MFD_SETNO0;44.27;-63.3183;353007;20;05-feb-11;14:16:03;31.0118;2.2978;NaN;0.362611588850174;1;NaN;9;NaN;9;0.853;1;3.9635;1;0.9145;1;5.6285;1;0;4.33;0.70
NED2011002_0;MFD_SETNO0;44.27;-63.3183;353006;30;05-feb-11;14:16:03;31.0444;2.35;NaN;0.280199864111498;1;NaN;9;NaN;9;0.803;1;3.959;1;0.9235;1;5.568;1;0;4.29;0.71
NED2011002_0;MFD_SETNO0;44.27;-63.3183;353005;40;05-feb-11;14:16:03;31.067;2.4054;NaN;0.276079277874564;1;31.081;1;6.992;1;0.746;1;3.9865;1;0.93;1;5.6085;1;0;4.29;0.71
NED2011002_0;MFD_SETNO0;44.27;-63.3183;353004;50;05-feb-11;14:16:03;31.0821;2.42;NaN;0.271958691637631;1;NaN;9;NaN;9;0.6885;1;3.9595;1;0.9325;1;5.585;1;0;4.25;0.71
NED2011002_0;MFD_SETNO0;44.27;-63.3183;353003;76;05-feb-11;14:16:03;31.4512;2.516;NaN;0.387335106271777;1;NaN;9;NaN;9;0.271;1;3.8235;1;0.912;1;4.926;1;0;4.19;0.78
NED2011002_0;MFD_SETNO0;44.27;-63.3183;353002;102;05-feb-11;14:16:03;31.5363;2.7378;NaN;0.342008657665505;1;NaN;9;NaN;9;0.205;1;4.0235;2;0.9545;1;4.8525;1;2048;4.22;0.83
NED2011002_0;MFD_SETNO0;44.27;-63.3183;353001;147;05-feb-11;14:16:03;32.9864;5.2463;NaN;0.0505940069686412;1;NaN;9;5.3815;1;0.201;1;10.2725;1;1.368;1;10.6635;1;0;7.51;0.96
NED2011002_5;MFD_SETNO5;44.2635;-63.317;353020;2;18-feb-11;14:57:00;30.9469;1.4074;NaN;0.407938037456446;1;30.953;1;7.7635;1;0.2145;1;4.348;1;0.773;1;5.7625;1;0;5.62;0.75
NED2011002_5;MFD_SETNO5;44.2635;-63.317;353019;6;18-feb-11;14:57:00;30.9518;1.3923;NaN;0.346129243902439;1;NaN;9;NaN;9;0.2185;1;4.46;1;0.774;1;5.8485;1;0;5.76;0.76
NED2011002_5;MFD_SETNO5;44.2635;-63.317;353018;10;18-feb-11;14:57:00;30.9551;1.4121;NaN;0.333767485191638;1;NaN;9;NaN;9;0.2155;1;4.483;1;0.7995;1;5.869;1;0;5.61;0.76
NED2011002_5;MFD_SETNO5;44.2635;-63.317;353017;21;18-feb-11;14:57:00;30.9626;1.4189;NaN;0.333767485191638;1;NaN;9;NaN;9;0.21;1;4.4925;1;0.843;1;5.8945;1;0;5.33;0.76
NED2011002_5;MFD_SETNO5;44.2635;-63.317;353016;31;18-feb-11;14:57:00;30.9698;1.3858;NaN;0.317285140243902;1;NaN;9;NaN;9;0.21;1;4.444;1;0.847;1;5.7855;1;0;5.25;0.77
NED2011002_5;MFD_SETNO5;44.2635;-63.317;353015;42;18-feb-11;14:57:00;31.0774;1.5966;NaN;0.23899400174216;1;31.084;1;7.6365;1;0.2105;1;4.5875;1;0.8365;1;5.695;1;0;5.48;0.81
NED2011002_5;MFD_SETNO5;44.2635;-63.317;353014;52;18-feb-11;14:57:00;31.2743;2.2351;NaN;0.152461690766551;1;NaN;9;NaN;9;0.2005;1;4.4355;1;0.8155;1;5.3535;1;0;5.44;0.83
NED2011002_5;MFD_SETNO5;44.2635;-63.317;353013;76;18-feb-11;14:57:00;31.3797;2.3767;NaN;0.152461690766551;1;NaN;9;NaN;9;0.1735;1;3.936;1;0.762;1;4.716;1;0;5.17;0.83
NED2011002_5;MFD_SETNO5;44.2635;-63.317;353012;101;18-feb-11;14:57:00;31.5308;2.3607;NaN;0.15246169076655;1;NaN;9;NaN;9;0.1995;1;4.3025;1;0.7835;1;4.838;1;0;5.49;0.89
NED2011002_5;MFD_SETNO5;44.2635;-63.317;353011;162;18-feb-11;14:57:00;33.0422;5.2548;NaN;0.0576882073170731;1;33.044;1;5.4255;1;0.152;1;10.9165;1;1.195;1;11.153;1;0;9.14;0.98
NED2011002_6;MFD_SETNO6;42.2782;-66.1423;353022;6;22-feb-11;18:27:16;31.5896;2.4783;5.20131;0.696892164179104;1;NaN;9;8.1495;7;0.214;1;5.005;1;0.813;1;5.501;1;256;6.16;0.91
NED2011002_6;MFD_SETNO6;42.2782;-66.1423;353021;258;22-feb-11;18:27:16;35.1423;8.9665;2.88726;0.0230638432835821;1;35.151;1;4.2575;7;0.1475;1;21.1715;1;1.46;1;12.0505;1;256;14.50;1.76
NED2011002_7;MFD_SETNO7;42.1608;-65.8878;353024;5;22-feb-11;20:50:39;32.1185;3.7581;5.39961;0.710556716417911;1;NaN;9;7.8115;7;0.257;1;5.379;1;0.847;1;5.428;1;256;6.35;0.99
NED2011002_7;MFD_SETNO7;42.1608;-65.8878;353023;239;22-feb-11;20:50:39;35.1152;9.5974;3.10049;0.0307517910447761;1;35.121;1;4.4085;7;0.1525;1;18.854;1;1.3565;1;10.6885;1;256;13.90;1.76
NED2011002_8;MFD_SETNO8;42.0952;-66.1128;353026;5;22-feb-11;23:56:50;31.4703;2.9443;5.49472;0.573911194029851;1;NaN;9;7.4665;7;0.2;1;4.843;1;0.826;1;5.661;1;256;5.86;0.86
NED2011002_8;MFD_SETNO8;42.0952;-66.1128;353025;92;22-feb-11;23:56:50;33.7293;7.4306;4.21726;0.158700895522388;1;33.723;1;5.6265;7;0.1625;1;13.302;1;1.1065;1;9.441;1;256;12.02;1.41
NED2011002_11;MFD_SETNO11;41.9865;-66.2072;353028;5;23-feb-11;07:36:57;31.7442;3.3663;5.42123;0.560246641791045;1;NaN;9;7.451;7;0.2265;1;5.556;1;0.855;1;5.9315;1;256;6.50;0.94
NED2011002_11;MFD_SETNO11;41.9865;-66.2072;353027;85;23-feb-11;07:36:57;32.7263;5.6578;4.9606;0.302523582089552;1;32.739;1;6.718;7;0.2165;1;8.6465;1;0.9185;1;7.2385;1;256;9.41;1.19
NED2011002_13;MFD_SETNO13;42.055;-66.3582;353030;6;23-feb-11;13:04:22;31.7853;3.4438;5.43594;0.655898507462687;1;NaN;9;7.4;7;0.2655;1;4.8905;1;0.679;1;5.147;1;256;7.20;0.95
NED2011002_13;MFD_SETNO13;42.055;-66.3582;353029;86;23-feb-11;13:04:22;32.9332;5.8445;4.98967;0.33228;1;32.944;1;6.2465;7;0.1655;1;4.397;1;0.602;1;3.895;1;256;7.30;1.13
NED2011002_15;MFD_SETNO15;41.8965;-66.552;353032;4;23-feb-11;18:05:18;32.3999;4.7389;5.2821;0.519252985074627;1;NaN;9;6.904;7;0.2255;1;7.354;1;0.9505;1;6.676;1;256;7.74;1.10
NED2011002_15;MFD_SETNO15;41.8965;-66.552;353031;75;23-feb-11;18:05:18;32.4029;4.7407;5.28158;0.466183880597015;1;32.415;1;6.943;7;0.197;1;5.752;1;0.7795;1;5.379;1;256;7.38;1.07
NED2011002_16;MFD_SETNO16;41.9068;-66.792;353034;4;23-feb-11;21:07:41;32.8037;5.3504;5.24985;0.560246641791045;1;NaN;9;6.921;7;0.226;1;8.252;1;0.932;1;6.909;1;256;8.85;1.19
NED2011002_16;MFD_SETNO16;41.9068;-66.792;353033;63;23-feb-11;21:07:41;32.7991;5.346;5.29504;0.573911194029851;1;32.812;1;6.976;7;0.244;1;8.1715;1;0.9115;1;6.936;1;256;8.96;1.18
NED2011002_18;MFD_SETNO18;41.9838;-66.6873;353036;7;24-feb-11;01:24:33;32.6857;5.2033;5.25928;0.464594776119403;1;NaN;9;6.9675;7;0.255;1;7.875;1;0.8955;1;6.8725;1;256;8.79;1.15
NED2011002_18;MFD_SETNO18;41.9838;-66.6873;353035;66;24-feb-11;01:24:33;32.6841;5.1999;4.65517;0.491923880597015;1;32.697;1;6.957;7;0.234;1;7.926;1;0.935;1;6.881;1;256;8.48;1.15
NED2011002_20;MFD_SETNO20;42.1042;-66.5548;353038;6;24-feb-11;06:36:14;32.3221;4.4223;4.71275;0.478259328358209;1;NaN;9;7.0025;7;0.2115;1;7.106;1;0.894;1;6.698;1;256;7.95;1.06
NED2011002_20;MFD_SETNO20;42.1042;-66.5548;353037;83;24-feb-11;06:36:14;32.8296;5.5935;4.62125;0.386833432835821;1;32.842;1;6.521;7;0.2225;1;8.649;1;0.9645;1;7.466;1;256;8.97;1.16
NED2011002_21;MFD_SETNO21;42.149;-66.5695;353040;5;24-feb-11;09:12:31;32.0736;3.9421;4.93964;0.519252985074627;1;NaN;9;7.1475;7;0.2135;1;6.2215;1;0.8915;1;6.57;1;256;6.98;0.95
NED2011002_21;MFD_SETNO21;42.149;-66.5695;353039;94;24-feb-11;09:12:31;32.92;5.7972;4.62977;0.33228;1;32.914;1;6.6205;7;0.213;1;8.9;1;1.0505;1;7.6255;1;256;8.47;1.17
NED2011002_27;MFD_SETNO27;42.1122;-66.7605;353042;5;24-feb-11;21:49:02;32.6565;5.1676;5.08844;0.478259328358209;1;NaN;9;6.6215;7;0.2245;1;7.757;1;0.932;1;6.9965;1;256;8.32;1.11
NED2011002_27;MFD_SETNO27;42.1122;-66.7605;353041;69;24-feb-11;21:49:02;32.7165;5.2678;4.97296;0.416589850746269;1;32.728;1;6.491;7;0.214;1;7.964;1;0.9385;1;7.126;1;256;8.49;1.12
NED2011002_28;MFD_SETNO28;41.8837;-66.0302;353044;6;27-feb-11;11:38:53;31.7966;3.0642;5.5296;0.669563059701493;1;NaN;9;7.4045;7;0.203;1;5.0425;1;0.879;1;5.878;1;256;5.74;0.86
NED2011002_28;MFD_SETNO28;41.8837;-66.0302;353043;90;27-feb-11;11:38:53;32.8494;5.7848;5.00701;0.277726567164179;1;32.86;1;6.556;7;0.2095;1;8.87;1;1.0095;1;7.8125;1;256;8.79;1.14
NED2011002_29;MFD_SETNO29;41.8325;-66.1418;353046;6;27-feb-11;14:01:26;32.6055;5.2241;4.76465;0.416589850746269;1;NaN;9;6.8085;7;0.223;1;8.1915;1;1.007;1;7.241;1;256;8.13;1.13
NED2011002_29;MFD_SETNO29;41.8325;-66.1418;353045;87;27-feb-11;14:01:26;32.6586;5.3326;4.85581;0.411630447761194;1;32.67;1;6.843;7;0.2235;1;8.0735;1;0.975;1;7.303;1;256;8.28;1.11
NED2011002_30;MFD_SETNO30;41.8797;-66.272;353048;5;27-feb-11;16:21:10;32.2687;4.4833;4.76324;0.590168955223881;1;NaN;9;7.074;7;0.218;1;6.526;1;0.9445;1;6.26;1;256;6.91;1.04
NED2011002_30;MFD_SETNO30;41.8797;-66.272;353047;83;27-feb-11;16:21:10;32.4882;4.9304;4.91191;0.466183880597015;1;32.501;1;7.016;7;0.2245;1;7.5875;1;0.9795;1;6.9525;1;256;7.75;1.09
NED2011002_33;MFD_SETNO33;41.7035;-66.3145;353050;7;27-feb-11;21:10:56;32.3387;4.7297;5.1178;NaN;9;NaN;9;NaN;9;NaN;9;NaN;9;NaN;9;NaN;9;0;NaN;NaN
NED2011002_33;MFD_SETNO33;41.7035;-66.3145;353049;81;27-feb-11;21:10:56;32.3319;4.7146;4.98552;NaN;9;NaN;9;NaN;9;NaN;9;NaN;9;NaN;9;NaN;9;0;NaN;NaN
NED2011002_34;MFD_SETNO34;41.7823;-66.1298;353052;5;27-feb-11;23:37:38;32.4108;4.83;5.21613;0.555453134328358;1;NaN;9;6.8115;7;0.2045;1;7.748;1;0.974;1;7.034;1;256;7.95;1.10
NED2011002_34;MFD_SETNO34;41.7823;-66.1298;353051;87;27-feb-11;23:37:38;32.792;5.6635;5.11592;0.312442388059701;1;32.807;1;6.472;7;0.2145;1;8.907;1;1.018;1;7.702;1;256;8.75;1.16
NED2011002_35;MFD_SETNO35;41.7018;-65.8643;353054;5;28-feb-11;04:02:02;32.078;3.6103;5.5767;0.724072835820896;1;NaN;9;6.975;7;0.2115;1;5.2715;1;0.8675;1;5.771;1;256;6.08;0.91
NED2011002_35;MFD_SETNO35;41.7018;-65.8643;353053;123;28-feb-11;04:02:02;33.3766;7.0133;4.65709;0.153741492537313;1;33.389;1;5.6745;7;0.148;1;11.401;1;1.126;1;9.005;1;256;10.13;1.27
NED2011002_37;MFD_SETNO37;41.6535;-65.842;353056;6;28-feb-11;07:59:49;32.2157;3.9111;5.69174;0.642233955223881;1;NaN;9;7.302;7;0.2165;1;4.396;1;0.715;1;4.7435;1;256;6.15;0.93
NED2011002_37;MFD_SETNO37;41.6535;-65.842;353055;214;28-feb-11;07:59:49;35.1534;9.669;3.26185;0.0153758955223881;1;35.168;1;4.1195;1;0.1235;1;18.561;1;1.3815;1;10.716;1;0;13.44;1.73
NED2011002_41;MFD_SETNO41;41.3957;-66.1565;353058;5;28-feb-11;15:52:56;32.1058;3.8428;5.69676;0.655898507462687;1;NaN;9;7.3875;7;0.188;1;5.9055;1;0.9115;1;6.1505;1;256;6.48;0.96
NED2011002_41;MFD_SETNO41;41.3957;-66.1565;353057;253;28-feb-11;15:52:56;35.185;9.5854;3.15508;0.0205011940298507;1;35.191;1;4.0895;1;0.1195;1;20.193;1;1.489;1;11.674;1;0;13.56;1.73
NED2011002_43;MFD_SETNO43;41.5072;-66.434;353060;4;28-feb-11;19:58:23;32.29;4.6166;5.53836;0.515777910447761;1;NaN;9;7.3335;7;0.2305;1;5.456;1;0.762;1;4.9695;1;256;7.16;1.10
NED2011002_43;MFD_SETNO43;41.5072;-66.434;353059;88;28-feb-11;19:58:23;32.3478;4.7214;5.43419;0.431468059701493;1;32.362;1;7.1935;7;0.225;1;7.4295;1;0.9465;1;6.8025;1;256;7.85;1.09
NED2011002_46;MFD_SETNO46;41.6437;-66.43;353062;5;04-mar-11;12:53:20;32.3957;4.6595;5.25462;0.560246641791045;1;32.371;1;6.9865;7;0.2205;1;7.1045;1;0.9075;1;6.3765;1;256;7.83;1.11
NED2011002_46;MFD_SETNO46;41.6437;-66.43;353061;79;04-mar-11;12:53:20;32.4112;4.7316;5.39718;0.505588432835821;1;32.446;1;6.961;7;0.224;1;7.424;1;0.923;1;6.608;1;256;8.04;1.12
NED2011002_48;MFD_SETNO48;41.7118;-66.5483;353064;6;04-mar-11;15:46:51;32.3404;4.5961;5.42424;0.532917537313433;1;NaN;9;7.0375;7;0.2325;1;7.1145;1;0.916;1;6.4295;1;256;7.77;1.11
NED2011002_48;MFD_SETNO48;41.7118;-66.5483;353063;73;04-mar-11;15:46:51;32.3556;4.5935;5.55463;0.560246641791045;1;32.371;1;6.962;7;0.215;1;6.342;1;0.8695;1;5.7965;1;256;7.29;1.09
NED2011002_51;MFD_SETNO51;41.7838;-66.6872;353066;5;04-mar-11;19:13:46;32.764;5.2036;5.5867;0.710556716417911;1;NaN;9;7.0095;7;0.2195;1;8.196;1;0.9595;1;6.9625;1;256;8.54;1.18
NED2011002_51;MFD_SETNO51;41.7838;-66.6872;353065;64;04-mar-11;19:13:46;32.765;5.1699;5.63117;0.737885820895522;1;32.777;1;6.946;7;0.221;1;8.2065;1;0.9565;1;6.931;1;256;8.58;1.18
NED2011002_52;MFD_SETNO52;41.7672;-66.9218;353068;5;04-mar-11;21:12:25;32.8544;5.2732;5.58084;0.710556716417911;1;NaN;9;6.991;7;0.222;1;8.026;1;0.964;1;6.9135;1;256;8.33;1.16
NED2011002_52;MFD_SETNO52;41.7672;-66.9218;353067;63;04-mar-11;21:12:25;32.8585;5.2804;6.01536;0.833537686567164;1;32.875;1;7.018;7;0.2235;1;8.2985;1;0.9445;1;6.768;1;256;8.79;1.23
NED2011002_53;MFD_SETNO53;41.817;-67.1685;353070;4;04-mar-11;23:21:52;32.8446;5.1397;5.46017;0.833537686567164;1;NaN;9;7.114;7;0.2025;1;8.2415;1;0.924;1;6.784;1;256;8.92;1.21
NED2011002_53;MFD_SETNO53;41.817;-67.1685;353069;56;04-mar-11;23:21:52;32.8519;5.1711;5.89736;0.915525;1;32.864;1;7.044;7;0.207;1;7.8365;1;0.902;1;6.508;1;256;8.69;1.20
NED2011002_55;MFD_SETNO55;42.1028;-67.363;353072;5;05-mar-11;02:55:10;32.7564;5.2804;5.47802;0.587575746268657;1;NaN;9;7.0415;7;0.234;1;8.12;1;0.9105;1;6.781;1;256;8.92;1.20
NED2011002_55;MFD_SETNO55;42.1028;-67.363;353071;72;05-mar-11;02:55:10;32.7578;5.312;5.14857;0.573911194029851;1;32.769;1;6.9635;7;0.2335;1;8.216;1;0.9215;1;6.9755;1;256;8.92;1.18
NED2011002_56;MFD_SETNO56;42.0398;-67.399;353074;5;05-mar-11;05:21:15;32.7666;5.1779;5.46906;0.751550373134328;7;NaN;9;7.063;7;0.248;1;8.033;1;0.9065;1;6.881;1;288;8.86;1.17
NED2011002_56;MFD_SETNO56;42.0398;-67.399;353073;48;05-mar-11;05:21:15;32.7679;5.1932;5.49453;0.751550373134328;7;32.778;1;7.048;7;0.2305;1;8.144;1;0.91;1;6.7745;1;288;8.95;1.20
NED2011002_57;MFD_SETNO57;42.0415;-67.6503;353076;5;05-mar-11;07:29:45;32.5839;5.1802;5.35984;0.587575746268657;1;NaN;9;7.005;7;0.241;1;7.9165;1;0.894;1;6.7805;1;256;8.86;1.17
NED2011002_57;MFD_SETNO57;42.0415;-67.6503;353075;92;05-mar-11;07:29:45;33.2177;6.8898;4.66192;0.143822686567164;1;33.228;1;5.977;7;0.1765;1;11.3185;1;1.0945;1;9.8305;1;256;10.34;1.15
NED2011002_58;MFD_SETNO58;41.9742;-67.7788;353078;5;05-mar-11;10:03:10;32.6105;5.2195;5.36931;0.546582089552239;1;NaN;9;7.0235;7;0.2255;1;7.069;1;0.8545;1;6.261;1;256;8.27;1.13
NED2011002_58;MFD_SETNO58;41.9742;-67.7788;353077;67;05-mar-11;10:03:10;32.9018;6.0015;5.04783;0.307482985074627;1;32.902;1;6.511;7;0.235;1;9.5755;1;0.997;1;8.355;1;256;9.60;1.15
NED2011002_60;MFD_SETNO60;42.0535;-67.7755;353080;4;05-mar-11;11:55:02;32.5144;5.0483;5.34266;0.491923880597015;1;NaN;9;6.831;7;0.23;1;7.5935;1;0.9405;1;6.8875;1;256;8.07;1.10
NED2011002_60;MFD_SETNO60;42.0535;-67.7755;353079;183;05-mar-11;11:55:02;34.1305;8.2756;3.64537;0.0793504477611941;1;34.137;1;4.685;7;0.156;1;16.598;1;1.389;1;14.941;1;256;11.95;1.11
NED2011002_63;MFD_SETNO63;41.7458;-68.1208;353082;5;05-mar-11;20:25:54;32.6103;5.3493;5.30064;0.614904850746269;1;NaN;9;6.8925;7;0.2215;1;7.5885;1;0.9165;1;6.781;1;256;8.28;1.12
NED2011002_63;MFD_SETNO63;41.7458;-68.1208;353081;46;05-mar-11;20:25:54;32.6022;5.2767;5.38941;0.765214925373134;1;32.619;1;6.808;7;0.222;1;7.6725;1;0.92;1;6.7685;1;256;8.34;1.13
NED2011002_64;MFD_SETNO64;41.5225;-67.2152;353084;4;06-mar-11;02:55:02;32.9233;5.2942;5.25129;0.829818428571428;1;NaN;9;6.9435;7;0.219;1;8.293;1;0.9155;1;6.6995;1;256;9.06;1.24
NED2011002_64;MFD_SETNO64;41.5225;-67.2152;353083;52;06-mar-11;02:55:02;32.9217;5.2992;5.4019;0.815511214285714;1;32.934;1;6.8735;7;0.2105;1;8.151;1;0.925;1;6.662;1;256;8.81;1.22
NED2011002_65;MFD_SETNO65;41.579;-66.9577;353086;4;06-mar-11;04:46:12;32.7324;5.0649;5.39457;0.743975142857143;1;NaN;9;6.916;7;0.244;1;7.642;1;0.9075;1;6.8095;1;256;8.42;1.12
NED2011002_65;MFD_SETNO65;41.579;-66.9577;353085;61;06-mar-11;04:46:12;32.8049;5.1714;5.75399;0.758282357142857;1;32.817;1;6.9215;7;0.2325;1;8.0145;1;0.924;1;6.571;1;256;8.67;1.22
NED2011002_66;MFD_SETNO66;42.0373;-66.7195;353088;5;06-mar-11;08:39:24;32.6754;5.0549;5.48596;0.572288571428571;7;NaN;9;6.8225;7;0.245;1;7.837;1;0.9245;1;6.966;1;288;8.48;1.13
NED2011002_66;MFD_SETNO66;42.0373;-66.7195;353087;68;06-mar-11;08:39:24;32.6763;5.0574;5.62244;0.572288571428571;7;32.689;1;6.831;7;0.239;1;7.8865;1;0.929;1;6.85;1;288;8.49;1.15
NED2011002_68;MFD_SETNO68;44.2663;-63.3175;353098;4;07-mar-11;03:21:31;30.77;0.837;5.29556;0.35849100261324;1;30.783;1;7.764;7;0.192;1;4.0295;1;0.844;1;6.242;1;256;4.77;0.65
NED2011002_68;MFD_SETNO68;44.2663;-63.3175;353097;6;07-mar-11;03:21:31;30.7688;0.8339;5.29385;0.337888071428571;1;NaN;9;NaN;9;0.192;1;4.0185;1;0.85;1;6.1545;1;0;4.73;0.65
NED2011002_68;MFD_SETNO68;44.2663;-63.3175;353096;11;07-mar-11;03:21:31;30.7709;0.833;5.32421;0.362611588850174;1;NaN;9;NaN;9;0.196;1;4.117;1;0.8775;1;6.2645;1;0;4.69;0.66
NED2011002_68;MFD_SETNO68;44.2663;-63.3175;353095;21;07-mar-11;03:21:31;30.7741;0.8242;5.34272;0.350249830139373;1;NaN;9;NaN;9;0.1985;1;4.0845;1;0.8395;1;6.3175;1;0;4.87;0.65
NED2011002_68;MFD_SETNO68;44.2663;-63.3175;353094;30;07-mar-11;03:21:31;30.7717;0.8309;5.35635;0.35849100261324;1;NaN;9;NaN;9;0.189;1;4.1225;1;0.8375;1;6.2295;1;0;4.92;0.66
NED2011002_68;MFD_SETNO68;44.2663;-63.3175;353093;40;07-mar-11;03:21:31;30.9057;0.6844;5.3212;0.263717519163763;1;30.957;1;7.8265;7;0.182;1;4.399;1;0.852;1;6.198;1;256;5.16;0.71
NED2011002_68;MFD_SETNO68;44.2663;-63.3175;353092;51;07-mar-11;03:21:31;31.1233;0.9545;5.32196;0.251355760452962;1;NaN;9;NaN;9;0.166;1;4.127;1;0.8025;1;5.3585;1;0;5.14;0.77
NED2011002_68;MFD_SETNO68;44.2663;-63.3175;353091;75;07-mar-11;03:21:31;31.4447;1.4964;5.29107;0.214270484320557;1;NaN;9;NaN;9;0.154;1;4.3315;1;0.851;1;5.5745;1;0;5.09;0.78
NED2011002_68;MFD_SETNO68;44.2663;-63.3175;353090;100;07-mar-11;03:21:31;31.6749;1.9656;5.21316;0.145457770034843;1;NaN;9;NaN;9;0.128;1;4.6255;1;0.8585;1;5.7785;1;0;5.39;0.80
NED2011002_68;MFD_SETNO68;44.2663;-63.3175;353089;148;07-mar-11;03:21:31;33.0008;4.9934;4.0721;0.0553371951219512;1;32.969;1;5.591;7;0.1405;1;10.2155;1;1.2075;1;10.688;1;256;8.46;0.96
