CTD;CTD;CTD;CTD;CTD;CTD;CTD;CTD;CTD;CTD;CTD;labo;labo;terrain;labo;labo;labo;labo;calc;calc
Fichier;Station;Latitude;Longitude;Echantillon;zbouteille;Date;Heure;PSAL;TEMP_XX;DOXY;OXY_XX;Q_OXY;TEMP_RT;Q_TEMP_RT;SSAL_BS;Q_SSAL;QCFF;N_P;N_Si
(nom);(nom/no);(degres);(degres);(no_unique);(dbar);(jj-mmm-yyyy);(GMT);(psu);(celsius);(ml/l);(ml/l);((none));(celsius);((none));(g/kg);((none));((none));((none));((none))
NED2009841_1;MFD_SETNO1;44.2676;-63.3363;326510;2;11-feb-09;20:05:28;30.946;-0.6516;4.55283;4.55283;1;-0.6516;1;30.946;1;0;NaN;NaN
NED2009841_1;MFD_SETNO1;44.2676;-63.3363;326509;5;11-feb-09;20:05:28;30.9457;-0.6522;4.557;4.557;1;-0.6522;1;30.9457;1;0;NaN;NaN
NED2009841_1;MFD_SETNO1;44.2676;-63.3363;326508;11;11-feb-09;20:05:28;30.946;-0.6545;4.56222;4.56222;1;-0.6545;1;30.946;1;0;NaN;NaN
NED2009841_1;MFD_SETNO1;44.2676;-63.3363;326507;20;11-feb-09;20:05:28;30.9465;-0.6473;4.56158;4.56158;1;-0.6473;1;30.9465;1;0;NaN;NaN
NED2009841_1;MFD_SETNO1;44.2676;-63.3363;326506;30;11-feb-09;20:05:28;30.9478;-0.6416;4.56064;4.56064;1;-0.6416;1;30.9478;1;0;NaN;NaN
NED2009841_1;MFD_SETNO1;44.2676;-63.3363;326505;40;11-feb-09;20:05:28;31.0306;-0.3023;4.52919;4.52919;1;-0.3023;1;31.0306;1;0;NaN;NaN
NED2009841_1;MFD_SETNO1;44.2676;-63.3363;326504;51;11-feb-09;20:05:28;31.4139;0.5806;4.34196;4.34196;1;0.5806;1;31.4139;1;0;NaN;NaN
NED2009841_1;MFD_SETNO1;44.2676;-63.3363;326503;76;11-feb-09;20:05:28;31.8547;1.5958;4.0084;4.0084;1;1.5958;1;31.8547;1;0;NaN;NaN
NED2009841_1;MFD_SETNO1;44.2676;-63.3363;326502;101;11-feb-09;20:05:28;32.2999;2.5222;3.73955;3.73955;1;2.5222;1;32.2999;1;0;NaN;NaN
NED2009841_1;MFD_SETNO1;44.2676;-63.3363;326501;127;11-feb-09;20:05:28;32.8025;3.6062;3.41467;3.41467;1;3.6062;1;32.8025;1;0;NaN;NaN
NED2009841_3;MFD_SETNO3;42.0612;-66.1586;326512;4;13-feb-09;09:59:08;31.9634;3.2134;4.1085;4.1085;1;3.2134;1;31.9634;1;0;NaN;NaN
NED2009841_3;MFD_SETNO3;42.0612;-66.1586;326511;85;13-feb-09;09:59:08;33.0003;5.2678;3.7076;3.7076;1;5.2678;1;33.0003;1;0;NaN;NaN
NED2009841_5;MFD_SETNO5;41.4657;-66.27;326514;6;13-feb-09;15:52:16;32.9115;5.1725;3.87653;3.87653;1;5.1725;1;32.9115;1;0;NaN;NaN
NED2009841_5;MFD_SETNO5;41.4657;-66.27;326513;83;13-feb-09;15:52:16;34.0321;6.6719;3.07459;3.07459;1;6.6719;1;34.0321;1;0;NaN;NaN
NED2009841_7;MFD_SETNO7;41.9537;-66.2669;326516;6;15-feb-09;09:34:15;32.6995;4.5281;3.91737;3.91737;1;4.5281;1;32.6995;1;0;NaN;NaN
NED2009841_7;MFD_SETNO7;41.9537;-66.2669;326515;76;15-feb-09;09:34:15;32.6918;4.5303;3.92287;3.92287;1;4.5303;1;32.6918;1;0;NaN;NaN
NED2009841_8;MFD_SETNO8;42.0591;-66.3786;326518;6;15-feb-09;11:33:49;32.274;3.55;4.05045;4.05045;1;3.55;1;32.274;1;0;NaN;NaN
NED2009841_8;MFD_SETNO8;42.0591;-66.3786;326517;83;15-feb-09;11:33:49;32.9506;4.8848;3.82545;3.82545;1;4.8848;1;32.9506;1;0;NaN;NaN
NED2009841_10;MFD_SETNO10;41.9813;-66.7307;326520;6;15-feb-09;16:57:56;32.3008;3.6847;4.05476;4.05476;1;3.6847;1;32.3008;1;0;NaN;NaN
NED2009841_10;MFD_SETNO10;41.9813;-66.7307;326519;74;15-feb-09;16:57:56;32.9911;4.8278;3.8984;3.8984;1;4.8278;1;32.9911;1;0;NaN;NaN
NED2009841_11;MFD_SETNO11;42.0575;-66.8798;326522;5;15-feb-09;19:33:49;32.8397;4.6076;3.96639;3.96639;1;4.6076;1;32.8397;1;0;NaN;NaN
NED2009841_11;MFD_SETNO11;42.0575;-66.8798;326521;63;15-feb-09;19:33:49;32.8471;4.6248;3.96166;3.96166;1;4.6248;1;32.8471;1;0;NaN;NaN
NED2009841_14;MFD_SETNO14;42.1748;-67.0686;326524;6;16-feb-09;01:52:07;32.9404;4.84;3.90932;3.90932;1;4.84;1;32.9404;1;0;NaN;NaN
NED2009841_14;MFD_SETNO14;42.1748;-67.0686;326523;105;16-feb-09;01:52:07;33.6122;6.3404;3.25583;3.25583;1;6.3404;1;33.6122;1;0;NaN;NaN
NED2009841_15;MFD_SETNO15;42.0594;-67.4985;326526;6;16-feb-09;05:05:41;33.0277;4.8865;3.88732;3.88732;1;4.8865;1;33.0277;1;0;NaN;NaN
NED2009841_15;MFD_SETNO15;42.0594;-67.4985;326525;63;16-feb-09;05:05:41;33.0266;4.8986;3.9073;3.9073;1;4.8986;1;33.0266;1;0;NaN;NaN
NED2009841_18;MFD_SETNO18;41.9185;-67.9902;326529;6;16-feb-09;10:08:11;33.0538;4.9055;3.8908;3.8908;1;4.9055;1;33.0538;1;0;NaN;NaN
NED2009841_18;MFD_SETNO18;41.9185;-67.9902;326528;26;16-feb-09;10:08:11;33.0533;4.926;3.90237;3.90237;1;4.926;1;33.0533;1;0;NaN;NaN
NED2009841_18;MFD_SETNO18;41.9185;-67.9902;326527;115;16-feb-09;10:08:11;33.3338;5.6658;3.5823;3.5823;1;5.6658;1;33.3338;1;0;NaN;NaN
NED2009841_20;MFD_SETNO20;41.8163;-68.0168;326531;5;16-feb-09;13:36:17;33.077;5.0626;3.85162;3.85162;1;5.0626;1;33.077;1;0;NaN;NaN
NED2009841_20;MFD_SETNO20;41.8163;-68.0168;326530;47;16-feb-09;13:36:17;33.0755;5.069;3.86574;3.86574;1;5.069;1;33.0755;1;0;NaN;NaN
NED2009841_23;MFD_SETNO23;41.7595;-67.2059;326533;5;16-feb-09;19:16:06;32.9818;4.8342;3.99958;3.99958;1;4.8342;1;32.9818;1;0;NaN;NaN
NED2009841_23;MFD_SETNO23;41.7595;-67.2059;326532;48;16-feb-09;19:16:06;32.9814;4.8221;4.01546;4.01546;1;4.8221;1;32.9814;1;0;NaN;NaN
NED2009841_26;MFD_SETNO26;41.7698;-66.7834;326535;4;17-feb-09;00:21:50;33.0475;4.869;3.92342;3.92342;1;4.869;1;33.0475;1;0;NaN;NaN
NED2009841_26;MFD_SETNO26;41.7698;-66.7834;326534;58;17-feb-09;00:21:50;33.0469;4.8958;3.96043;3.96043;1;4.8958;1;33.0469;1;0;NaN;NaN
NED2009841_28;MFD_SETNO28;41.8586;-66.6782;326537;5;17-feb-09;04:37:14;32.9938;4.8768;3.93594;3.93594;1;4.8768;1;32.9938;1;0;NaN;NaN
NED2009841_28;MFD_SETNO28;41.8586;-66.6782;326536;65;17-feb-09;04:37:14;33.0015;4.9117;3.95341;3.95341;1;4.9117;1;33.0015;1;0;NaN;NaN
NED2009841_29;MFD_SETNO29;41.6618;-66.4335;326539;7;17-feb-09;07:20:39;32.3541;3.5923;4.05691;4.05691;1;3.5923;1;32.3541;1;0;NaN;NaN
NED2009841_29;MFD_SETNO29;41.6618;-66.4335;326538;78;17-feb-09;07:20:39;32.6887;4.4832;3.95112;3.95112;1;4.4832;1;32.6887;1;0;NaN;NaN
NED2009841_30;MFD_SETNO30;41.629;-66.2835;326541;5;17-feb-09;09:05:48;32.4934;3.8969;3.99165;3.99165;1;3.8969;1;32.4934;1;0;NaN;NaN
NED2009841_30;MFD_SETNO30;41.629;-66.2835;326540;85;17-feb-09;09:05:48;32.7835;4.7025;3.90757;3.90757;1;4.7025;1;32.7835;1;0;NaN;NaN
NED2009841_32;MFD_SETNO32;41.7772;-66.2395;326544;6;17-feb-09;13:49:28;31.8234;2.3379;4.19626;4.19626;1;2.3379;1;31.8234;1;0;NaN;NaN
NED2009841_32;MFD_SETNO32;41.7772;-66.2395;326543;26;17-feb-09;13:49:28;31.8268;2.3428;4.226;4.226;1;2.3428;1;31.8268;1;0;NaN;NaN
NED2009841_32;MFD_SETNO32;41.7772;-66.2395;326542;84;17-feb-09;13:49:28;32.694;4.5252;3.88319;3.88319;1;4.5252;1;32.694;1;0;NaN;NaN
NED2009841_33;MFD_SETNO33;41.6501;-66.0366;326546;6;17-feb-09;16:55:33;31.629;1.8429;4.21596;4.21596;1;1.8429;1;31.629;1;0;NaN;NaN
NED2009841_33;MFD_SETNO33;41.6501;-66.0366;326545;90;17-feb-09;16:55:33;33.3263;5.8966;3.52454;3.52454;1;5.8966;1;33.3263;1;0;NaN;NaN
NED2009841_35;MFD_SETNO35;41.6431;-65.9246;326548;6;17-feb-09;19:44:58;31.761;2.0728;4.2485;4.2485;1;2.0728;1;31.761;1;0;NaN;NaN
NED2009841_35;MFD_SETNO35;41.6431;-65.9246;326547;120;17-feb-09;19:44:58;34.2751;7.821;2.78709;2.78709;1;7.821;1;34.2751;1;0;NaN;NaN
NED2009841_38;MFD_SETNO38;41.282;-66.3268;326550;6;18-feb-09;05:02:47;31.9657;2.6705;4.20393;4.20393;1;2.6705;1;31.9657;1;0;NaN;NaN
NED2009841_38;MFD_SETNO38;41.282;-66.3268;326549;91;18-feb-09;05:02:47;33.2553;5.716;3.5278;3.5278;1;5.716;1;33.2553;1;0;NaN;NaN
NED2009841_44;MFD_SETNO44;41.028;-67.3265;326552;5;18-feb-09;19:57:42;32.8041;4.6925;3.9645;3.9645;1;4.6925;1;32.8041;1;0;NaN;NaN
NED2009841_44;MFD_SETNO44;41.028;-67.3265;326551;65;18-feb-09;19:57:42;32.803;4.5723;4.04101;4.04101;1;4.5723;1;32.803;1;0;NaN;NaN
NED2009841_45;MFD_SETNO45;40.911;-66.9578;326554;5;18-feb-09;23:01:15;32.7201;4.4753;3.90147;3.90147;1;4.4753;1;32.7201;1;0;NaN;NaN
NED2009841_45;MFD_SETNO45;40.911;-66.9578;326553;81;18-feb-09;23:01:15;32.9059;5.0096;3.97516;3.97516;1;5.0096;1;32.9059;1;0;NaN;NaN
NED2009841_48;MFD_SETNO48;40.7257;-67.7452;326556;6;19-feb-09;04:27:21;32.7221;4.821;4.03778;4.03778;1;4.821;1;32.7221;1;0;NaN;NaN
NED2009841_48;MFD_SETNO48;40.7257;-67.7452;326555;66;19-feb-09;04:27:21;32.7572;4.6591;4.0074;4.0074;1;4.6591;1;32.7572;1;0;NaN;NaN
NED2009841_51;MFD_SETNO51;40.7967;-68.3725;326558;6;19-feb-09;11:14:58;32.7345;4.5718;4.03132;4.03132;1;4.5718;1;32.7345;1;0;NaN;NaN
NED2009841_51;MFD_SETNO51;40.7967;-68.3725;326557;52;19-feb-09;11:14:58;32.7553;4.4586;4.0463;4.0463;1;4.4586;1;32.7553;1;0;NaN;NaN
NED2009841_52;MFD_SETNO52;40.7513;-68.8377;326560;5;19-feb-09;14:53:00;32.7545;5.2207;3.97464;3.97464;1;5.2207;1;32.7545;1;0;NaN;NaN
NED2009841_52;MFD_SETNO52;40.7513;-68.8377;326559;65;19-feb-09;14:53:00;32.7508;5.2056;3.96686;3.96686;1;5.2056;1;32.7508;1;0;NaN;NaN
NED2009841_53;MFD_SETNO53;40.3515;-68.9579;326562;5;19-feb-09;18:38:23;32.7317;5.4918;3.95566;3.95566;1;5.4918;1;32.7317;1;0;NaN;NaN
NED2009841_53;MFD_SETNO53;40.3515;-68.9579;326561;82;19-feb-09;18:38:23;32.7833;5.3041;3.92747;3.92747;1;5.3041;1;32.7833;1;0;NaN;NaN
NED2009841_57;MFD_SETNO57;41.0235;-68.7763;326564;5;20-feb-09;07:35:29;32.897;5.2435;3.87502;3.87502;1;5.2435;1;32.897;1;0;NaN;NaN
NED2009841_57;MFD_SETNO57;41.0235;-68.7763;326563;59;20-feb-09;07:35:29;32.894;5.2595;3.87226;3.87226;1;5.2595;1;32.894;1;0;NaN;NaN
NED2009841_58;MFD_SETNO58;44.2683;-63.3175;326574;3;21-feb-09;12:29:28;31.1034;-0.7444;4.51521;4.51521;1;-0.7444;1;31.1034;1;0;NaN;NaN
NED2009841_58;MFD_SETNO58;44.2683;-63.3175;326573;7;21-feb-09;12:29:28;31.1068;-0.7378;4.50491;4.50491;1;-0.7378;1;31.1068;1;0;NaN;NaN
NED2009841_58;MFD_SETNO58;44.2683;-63.3175;326572;11;21-feb-09;12:29:28;31.1104;-0.7275;4.50864;4.50864;1;-0.7275;1;31.1104;1;0;NaN;NaN
NED2009841_58;MFD_SETNO58;44.2683;-63.3175;326571;19;21-feb-09;12:29:28;31.114;-0.7181;4.50961;4.50961;1;-0.7181;1;31.114;1;0;NaN;NaN
NED2009841_58;MFD_SETNO58;44.2683;-63.3175;326570;29;21-feb-09;12:29:28;31.1367;-0.6612;4.50501;4.50501;1;-0.6612;1;31.1367;1;0;NaN;NaN
NED2009841_58;MFD_SETNO58;44.2683;-63.3175;326569;38;21-feb-09;12:29:28;31.2099;-0.4878;4.48849;4.48849;1;-0.4878;1;31.2099;1;0;NaN;NaN
NED2009841_58;MFD_SETNO58;44.2683;-63.3175;326568;46;21-feb-09;12:29:28;31.3577;-0.0851;4.41261;4.41261;1;-0.0851;1;31.3577;1;0;NaN;NaN
NED2009841_58;MFD_SETNO58;44.2683;-63.3175;326567;75;21-feb-09;12:29:28;31.494;0.3667;4.29986;4.29986;1;0.3667;1;31.494;1;0;NaN;NaN
NED2009841_58;MFD_SETNO58;44.2683;-63.3175;326566;87;21-feb-09;12:29:28;31.9751;1.5003;3.95498;3.95498;1;1.5003;1;31.9751;1;0;NaN;NaN
NED2009841_58;MFD_SETNO58;44.2683;-63.3175;326565;136;21-feb-09;12:29:28;32.7267;2.8595;3.45391;3.45391;1;2.8595;1;32.7267;1;0;NaN;NaN
NED2009841_60;MFD_SETNO60;41.6795;-69.592;326576;6;23-mar-09;11:18:46;32.8357;4.2094;4.26004;4.26004;1;4.2094;1;32.8357;1;0;NaN;NaN
NED2009841_60;MFD_SETNO60;41.6795;-69.592;326575;101;23-mar-09;11:18:46;33.1058;4.8624;3.51859;3.51859;1;4.8624;1;33.1058;1;0;NaN;NaN
NED2009841_65;MFD_SETNO65;41.1686;-69.094;326578;7;23-mar-09;22:55:34;32.9771;4.9199;3.79828;3.79828;1;4.9199;1;32.9771;1;0;NaN;NaN
NED2009841_65;MFD_SETNO65;41.1686;-69.094;326577;114;23-mar-09;22:55:34;32.9812;4.9374;3.94949;3.94949;1;4.9374;1;32.9812;1;0;NaN;NaN
