CTD;CTD;CTD;CTD;CTD;CTD;CTD;CTD;CTD;CTD;CTD;labo;labo;labo;labo;labo;labo;labo;calc;calc
Fichier;Station;Latitude;Longitude;Echantillon;zbouteille;Date;Heure;PSAL;TEMP_XX;DOXY;CHL_01;Q_CHL;PSAL_BS;Q_PSAL;OXY_03;Q_OXY;QCFF;N_P;N_Si
(nom);(nom/no);(degres);(degres);(no_unique);(dbar);(jj-mmm-yyyy);(GMT);(psu);(celsius);(ml/l);(mg/m**3);((none));(PSU);((none));(ml/l);((none));((none));((none));((none))
NED2003036_00A;MFD_SETNO00A;44.2555;63.32;257004;50;26-jun-03;13:05:16;32.106;0.622;3.5086;0.12808023255814;1;NaN;9;NaN;9;0;NaN;NaN
NED2003036_00A;MFD_SETNO00A;44.2555;63.32;257003;75;26-jun-03;13:05:16;32.328;0.635;3.4207;0.0536552325581395;1;NaN;9;NaN;9;0;NaN;NaN
NED2003036_00A;MFD_SETNO00A;44.2555;63.32;257001;139;26-jun-03;13:05:16;34.363;8.391;2.2939;0.020503488372093;1;34.322;1;3.69;7;256;NaN;NaN
NED2003036_00E;MFD_SETNO00A;44.2555;63.32;-999999;100;26-jun-03;13:05:16;2.7056;3.3845;2.8202;NaN;9;2.4836;7;1.71;7;256;NaN;NaN
NED2003036_00B;MFD_SETNO00B;44.256333;63.301;257007;20;26-jun-03;13:39:20;31.794;6.619;2.2938;0.351488372093023;1;NaN;9;NaN;9;0;NaN;NaN
NED2003036_00B;MFD_SETNO00B;44.256333;63.301;257006;30;26-jun-03;13:39:20;31.934;3.249;2.6958;0.317315891472868;1;NaN;9;NaN;9;0;NaN;NaN
NED2003036_00B;MFD_SETNO00B;44.256333;63.301;257002;100;26-jun-03;13:39:20;32.59;1.542;2.8266;0.117695348837209;1;NaN;9;NaN;9;0;NaN;NaN
NED2003036_00C;MFD_SETNO00C;44.258667;63.302667;257010;1;26-jun-03;14:11:18;29.196;10.792;1.6162;0.248970930232558;1;31.053;7;6.553;7;256;NaN;NaN
NED2003036_00C;MFD_SETNO00C;44.258667;63.302667;257009;5;26-jun-03;14:11:18;31.027;10.802;1.5222;0.253852713178295;1;NaN;9;NaN;9;0;NaN;NaN
NED2003036_00C;MFD_SETNO00C;44.258667;63.302667;257008;10;26-jun-03;14:11:18;31.289;10.289;1.9464;0.312434108527132;1;NaN;9;NaN;9;0;NaN;NaN
NED2003036_00C;MFD_SETNO00C;44.258667;63.302667;257005;40;26-jun-03;14:11:18;32.101;1.508;2.6377;0.989093604651163;1;32.063;1;7.984;7;256;NaN;NaN
NED2003036_1;MFD_SETNO1;44.024833;63.764;257014;5;02-jul-03;23:48:00;2.3229;1.8853;2.5992;2.5602;1;2.1182;7;2.5251;1;256;NaN;NaN
NED2003036_1;MFD_SETNO1;44.024833;63.764;257013;25;02-jul-03;23:48:00;2.1127;2.471;2.5597;1.7729;1;1.6687;7;2.6595;1;256;NaN;NaN
NED2003036_1;MFD_SETNO1;44.024833;63.764;257012;50;02-jul-03;23:48:00;2.8879;1.8766;1.8812;2.6872;1;2.2992;7;2.9255;7;256;NaN;NaN
NED2003036_1;MFD_SETNO1;44.024833;63.764;257011;191;02-jul-03;23:48:00;2.8335;2.5696;3.4443;6.5301;1;2.9632;3;3.1475;1;16;NaN;NaN
NED2003036_2;MFD_SETNO2;43.685833;64.311333;257018;5;03-jul-03;03:24:59;NaN;3.06615910852713;NaN;2.8188;1;8.04;1;32.81;4;6;NaN;NaN
NED2003036_2;MFD_SETNO2;43.685833;64.311333;257017;25;03-jul-03;03:24:59;NaN;2.81110813953488;6.146;2.7041;1;7.374;1;33.043;4;6;NaN;NaN
NED2003036_2;MFD_SETNO2;43.685833;64.311333;257016;50;03-jul-03;03:24:59;33.054;0.607338178294574;NaN;2.7362;1;7.377;7;33.048;4;262;NaN;NaN
NED2003036_2;MFD_SETNO2;43.685833;64.311333;257015;179;03-jul-03;03:24:59;30.872;0.642043217054264;5.846;4.8716;1;16.122;7;30.913;4;262;NaN;NaN
NED2003036_3;MFD_SETNO3;43.631667;64.094333;257022;5;03-jul-03;06:01:19;NaN;1.21467635658915;NaN;2.6378;1;8.555;7;32.787;4;518;NaN;NaN
NED2003036_3;MFD_SETNO3;43.631667;64.094333;257021;25;03-jul-03;06:01:19;NaN;1.8914246124031;NaN;2.4776;1;5.787;7;32.893;4;518;NaN;NaN
NED2003036_3;MFD_SETNO3;43.631667;64.094333;257020;50;03-jul-03;06:01:19;33.777;0.884978488372093;5.114;2.3017;1;6.836;7;33.787;4;262;NaN;NaN
NED2003036_3;MFD_SETNO3;43.631667;64.094333;257019;215;03-jul-03;06:01:19;32.319;0.0311546511627907;4.528;2.1364;1;12.532;7;32.605;4;262;NaN;NaN
NED2003036_4;MFD_SETNO4;43.434667;64.757167;257026;5;03-jul-03;09:49:00;NaN;5.56066143410853;NaN;2.5015;1;7.371;1;32.47;4;6;NaN;NaN
NED2003036_4;MFD_SETNO4;43.434667;64.757167;257025;25;03-jul-03;09:49:00;NaN;2.96222151162791;NaN;2.4973;1;7.25;1;32.536;4;6;NaN;NaN
NED2003036_4;MFD_SETNO4;43.434667;64.757167;257024;50;03-jul-03;09:49:00;33.434;2.89787073643411;5.254;2.2338;1;6.518;7;33.42;4;262;NaN;NaN
NED2003036_4;MFD_SETNO4;43.434667;64.757167;257023;59;03-jul-03;09:49:00;NaN;0.209916666666667;NaN;2.5148;1;8.838;1;32.371;4;6;NaN;NaN
NED2003036_5;MFD_SETNO5;43.318167;64.7665;257030;5;03-jul-03;11:57:27;NaN;1.83936705426357;NaN;5.1106;1;8.168;1;32.099;4;6;NaN;NaN
NED2003036_5;MFD_SETNO5;43.318167;64.7665;257029;25;03-jul-03;11:57:27;32.108;2.59843992248062;7.0615;5.1412;1;8.167;7;32.099;4;262;NaN;NaN
NED2003036_5;MFD_SETNO5;43.318167;64.7665;257028;50;03-jul-03;11:57:27;31.603;2.23465833333333;7.215;4.0091;1;9.364;7;31.66;4;262;NaN;NaN
NED2003036_5;MFD_SETNO5;43.318167;64.7665;257027;78;03-jul-03;11:57:27;NaN;1.31879147286822;NaN;4.8785;1;9.078;1;31.695;4;6;NaN;NaN
NED2003036_6;MFD_SETNO6;43.261667;64.927667;257034;5;03-jul-03;14:29:48;NaN;2.79375562015504;NaN;4.4964;1;7.585;1;32.999;4;6;NaN;NaN
NED2003036_6;MFD_SETNO6;43.261667;64.927667;257033;25;03-jul-03;14:29:48;NaN;0.902331007751938;NaN;4.453;1;7.098;1;33.032;4;6;NaN;NaN
NED2003036_6;MFD_SETNO6;43.261667;64.927667;257032;50;03-jul-03;14:29:48;33.851;0.21968023255814;4.652;3.9071;1;6.868;7;33.838;4;262;NaN;NaN
NED2003036_6;MFD_SETNO6;43.261667;64.927667;257031;156;03-jul-03;14:29:48;32.716;0.0634631782945737;7.5265;4.1858;1;11.864;7;32.89;4;262;NaN;NaN
NED2003036_7;MFD_SETNO7;43.203833;64.9455;257038;5;03-jul-03;15:53:55;NaN;0.390542635658915;NaN;4.4674;1;10.364;7;32.515;4;518;NaN;NaN
NED2003036_7;MFD_SETNO7;43.203833;64.9455;257037;25;03-jul-03;15:53:55;NaN;1.05850368217054;NaN;4.4441;1;7.044;7;33.059;4;518;NaN;NaN
NED2003036_7;MFD_SETNO7;43.203833;64.9455;257036;50;03-jul-03;15:53:55;35.128;0.34172480620155;4.072;3.3007;1;8.506;7;35.115;4;262;NaN;NaN
NED2003036_7;MFD_SETNO7;43.203833;64.9455;257035;163;03-jul-03;15:53:55;32.278;NaN;6.2745;3.681;1;15.857;7;32.32;4;262;NaN;NaN
NED2003036_9;MFD_SETNO9;43.213333;65.264333;257042;5;03-jul-03;20:12:46;NaN;0.28802519379845;NaN;4.3952;1;4.219;7;32.151;4;518;NaN;NaN
NED2003036_9;MFD_SETNO9;43.213333;65.264333;257041;25;03-jul-03;20:12:46;NaN;0.62975;NaN;4.4743;1;2.045;7;32.326;4;518;NaN;NaN
NED2003036_9;MFD_SETNO9;43.213333;65.264333;257040;50;03-jul-03;20:12:46;33.129;0.258734496124031;4.9965;3.9522;1;4.189;7;33.135;4;262;NaN;NaN
NED2003036_9;MFD_SETNO9;43.213333;65.264333;257039;138;03-jul-03;20:12:46;31.246;0.0519244186046512;6.314;3.7601;1;16.425;7;31.378;4;262;NaN;NaN
NED2003036_10;MFD_SETNO10;43.056833;65.545833;257046;5;03-jul-03;22:59:43;31.891;31.896;30.922;32.074;1;31.976;7;32.468;4;262;NaN;NaN
NED2003036_10;MFD_SETNO10;43.056833;65.545833;257045;25;03-jul-03;22:59:43;31.839;32.094;32.35;31.261;1;32.641;7;32.025;4;774;NaN;NaN
NED2003036_10;MFD_SETNO10;43.056833;65.545833;257044;50;03-jul-03;22:59:43;32.079;34.508;31.818;32.191;1;28.808;7;32.327;4;774;NaN;NaN
NED2003036_10;MFD_SETNO10;43.056833;65.545833;257043;125;03-jul-03;22:59:43;6.5285;NaN;1.5684;1.4968;1;6.616;7;3.6182;7;768;NaN;NaN
NED2003036_12;MFD_SETNO12;42.732333;65.602833;257050;5;04-jul-03;02:47:25;0.21968023255814;5.916;NaN;33.277;1;5.2123;7;8.362;1;256;NaN;NaN
NED2003036_12;MFD_SETNO12;42.732333;65.602833;257049;25;04-jul-03;02:47:25;0.595577519379845;NaN;NaN;33.591;1;5.4051;7;6.227;1;256;NaN;NaN
NED2003036_12;MFD_SETNO12;42.732333;65.602833;257048;50;04-jul-03;02:47:25;0.317315891472868;NaN;34.145;34.119;1;5.4607;7;7.063;7;256;NaN;NaN
NED2003036_12;MFD_SETNO12;42.732333;65.602833;257047;101;04-jul-03;02:47:25;0.060578488372093;5.5985;32.606;32.717;1;5.2421;7;15.903;4;262;NaN;NaN
NED2003036_15;MFD_SETNO15;42.737;65.734;257054;5;04-jul-03;09:16:28;0.107310465116279;6.1965;31.318;31.247;1;5.3715;7;15.125;4;262;NaN;NaN
NED2003036_15;MFD_SETNO15;42.737;65.734;257053;25;04-jul-03;09:16:28;0.253852713178295;5.931;NaN;32.288;1;4.7822;7;5.544;1;256;NaN;NaN
NED2003036_15;MFD_SETNO15;42.737;65.734;257052;50;04-jul-03;09:16:28;0.919683527131783;NaN;NaN;32.47;1;5.3313;7;3.104;1;256;NaN;NaN
NED2003036_15;MFD_SETNO15;42.737;65.734;257051;97;04-jul-03;09:16:28;1.35349651162791;NaN;33.487;33.48;1;5.7954;7;3.153;7;256;NaN;NaN
NED2003036_16;MFD_SETNO16;42.775;65.895833;257058;5;04-jul-03;11:10:05;32.596;2.88051821705426;5.979;5.388;1;1.106;7;32.598;4;262;NaN;NaN
NED2003036_16;MFD_SETNO16;42.775;65.895833;257057;25;04-jul-03;11:10:05;31.67;0.0934639534883721;5.7435;4.2478;1;16.174;7;31.714;4;774;NaN;NaN
NED2003036_16;MFD_SETNO16;42.775;65.895833;257056;50;04-jul-03;11:10:05;NaN;0.253852713178295;NaN;5.5076;1;3.252;7;31.979;4;518;NaN;NaN
NED2003036_16;MFD_SETNO16;42.775;65.895833;257055;89;04-jul-03;11:10:05;NaN;3.58584709302326;NaN;5.5967;1;3.351;1;32.345;4;6;NaN;NaN
NED2003036_17;MFD_SETNO17;42.699;65.986667;257062;5;04-jul-03;12:35:50;34.377;0.0553860465116279;3.53733333333333;3.773;1;8.291;7;34.381;4;262;NaN;NaN
NED2003036_17;MFD_SETNO17;42.699;65.986667;257061;25;04-jul-03;12:35:50;31.328;0.0553860465116279;6.015;5.0123;1;14.844;7;31.337;4;774;NaN;NaN
NED2003036_17;MFD_SETNO17;42.699;65.986667;257060;50;04-jul-03;12:35:50;NaN;0.209916666666667;NaN;5.8746;1;2.162;7;32.097;4;518;NaN;NaN
NED2003036_17;MFD_SETNO17;42.699;65.986667;257059;80;04-jul-03;12:35:50;NaN;17.5389147286822;NaN;5.6712;1;1.708;1;32.233;4;6;NaN;NaN
NED2003036_18;MFD_SETNO18;42.778333;66.075833;257066;5;04-jul-03;14:29:34;32.159;0.302670542635659;6.98966666666667;5.2203;1;0.807;7;32.214;4;262;NaN;NaN
NED2003036_18;MFD_SETNO18;42.778333;66.075833;257065;25;04-jul-03;14:29:34;NaN;1.17997131782946;NaN;5.2581;1;0.851;1;32.386;4;6;NaN;NaN
NED2003036_18;MFD_SETNO18;42.778333;66.075833;257064;50;04-jul-03;14:29:34;NaN;0.134115891472868;NaN;5.2983;1;1.321;1;32.587;4;6;NaN;NaN
NED2003036_18;MFD_SETNO18;42.778333;66.075833;257063;61;04-jul-03;14:29:34;NaN;0.0692325581395349;NaN;5.3342;1;1.789;1;32.761;4;6;NaN;NaN
NED2003036_19;MFD_SETNO19;42.751333;66.189333;257070;5;04-jul-03;16:41:24;NaN;0.221544186046512;NaN;4.2686;1;16.117;7;30.93;4;518;NaN;NaN
NED2003036_19;MFD_SETNO19;42.751333;66.189333;257069;25;04-jul-03;16:41:24;NaN;0.224562015503876;NaN;4.3403;1;12.738;7;31.684;4;518;NaN;NaN
NED2003036_19;MFD_SETNO19;42.751333;66.189333;257068;50;04-jul-03;16:41:24;NaN;0.27337984496124;NaN;5.2701;1;6.385;7;32.073;4;518;NaN;NaN
NED2003036_19;MFD_SETNO19;42.751333;66.189333;257067;58;04-jul-03;16:41:24;NaN;0.532114341085271;NaN;4.99;1;0.651;3;32.206;4;22;NaN;NaN
NED2003036_21;MFD_SETNO21;42.7745;66.494333;257074;5;04-jul-03;21:36:46;NaN;0.867625968992248;NaN;2.8345;1;7.49;1;32.608;4;6;NaN;NaN
NED2003036_21;MFD_SETNO21;42.7745;66.494333;257073;25;04-jul-03;21:36:46;NaN;2.77640310077519;NaN;2.7342;1;7.077;1;32.901;4;6;NaN;NaN
NED2003036_21;MFD_SETNO21;42.7745;66.494333;257072;50;04-jul-03;21:36:46;32.872;0.571168604651163;6.2255;2.7527;1;6.726;7;32.882;4;262;NaN;NaN
NED2003036_21;MFD_SETNO21;42.7745;66.494333;257071;116;04-jul-03;21:36:46;32.438;0.405187984496124;6.868;2.4432;1;10.158;7;32.512;4;262;NaN;NaN
NED2003036_22;MFD_SETNO22;42.779667;66.818333;257078;5;05-jul-03;00:32:41;NaN;2.98463333333333;NaN;2.7167;1;7.274;1;32.892;4;6;NaN;NaN
NED2003036_22;MFD_SETNO22;42.779667;66.818333;257077;25;05-jul-03;00:32:41;NaN;1.0411511627907;NaN;2.7219;1;7.13;1;32.916;4;6;NaN;NaN
NED2003036_22;MFD_SETNO22;42.779667;66.818333;257076;50;05-jul-03;00:32:41;32.963;0.763510852713178;6.2035;2.7149;1;6.957;7;32.966;4;262;NaN;NaN
NED2003036_22;MFD_SETNO22;42.779667;66.818333;257075;209;05-jul-03;00:32:41;31.875;0.763510852713178;6.797;2.822;1;11.882;7;31.921;4;262;NaN;NaN
NED2003036_23;MFD_SETNO23;43.047167;67.332;257082;5;05-jul-03;04:16:39;NaN;3.22206550387597;NaN;2.8073;1;7.48;1;32.826;4;6;NaN;NaN
NED2003036_23;MFD_SETNO23;43.047167;67.332;257081;25;05-jul-03;04:16:39;NaN;1.24938139534884;NaN;2.8284;1;7.439;1;32.82;4;6;NaN;NaN
NED2003036_23;MFD_SETNO23;43.047167;67.332;257080;50;05-jul-03;04:16:39;32.825;1.11056124031008;6.4835;2.8307;1;7.431;7;32.822;4;262;NaN;NaN
NED2003036_23;MFD_SETNO23;43.047167;67.332;257079;199;05-jul-03;04:16:39;32.55;1.12791375968992;6.856;2.4787;1;9.23;7;32.759;4;262;NaN;NaN
NED2003036_24;MFD_SETNO24;43.106;67.3865;257086;5;05-jul-03;06:19:50;NaN;0.317315891472868;NaN;3.7362;1;8.279;7;31.838;4;518;NaN;NaN
NED2003036_24;MFD_SETNO24;43.106;67.3865;257085;25;05-jul-03;06:19:50;NaN;0.919683527131783;NaN;3.8911;1;2.539;7;32.33;4;518;NaN;NaN
NED2003036_24;MFD_SETNO24;43.106;67.3865;257084;50;05-jul-03;06:19:50;34.965;0.780863372093023;2.9215;2.2022;1;9.913;7;34.963;4;262;NaN;NaN
NED2003036_24;MFD_SETNO24;43.106;67.3865;257083;183;05-jul-03;06:19:50;32.408;0.0328854651162791;7.0455;3.0021;1;9.045;7;32.798;4;262;NaN;NaN
NED2003036_25;MFD_SETNO25;43.8215;66.932167;257090;5;05-jul-03;11:27:49;NaN;1.26673391472868;NaN;2.9087;1;7.485;7;31.998;4;518;NaN;NaN
NED2003036_25;MFD_SETNO25;43.8215;66.932167;257089;25;05-jul-03;11:27:49;NaN;1.8914246124031;NaN;2.808;1;5.431;7;32.306;4;518;NaN;NaN
NED2003036_25;MFD_SETNO25;43.8215;66.932167;257088;50;05-jul-03;11:27:49;33.931;1.68319437984496;5.334;2.4813;1;7.547;7;33.937;4;262;NaN;NaN
NED2003036_25;MFD_SETNO25;43.8215;66.932167;257087;148;05-jul-03;11:27:49;31.13;0.0813482558139535;6.201;2.2744;1;14.012;7;31.167;4;262;NaN;NaN
NED2003036_26;MFD_SETNO26;43.849833;66.9805;257094;5;05-jul-03;12:08:53;NaN;0.676748255813953;NaN;2.6568;1;7.918;1;32.676;4;6;NaN;NaN
NED2003036_26;MFD_SETNO26;43.849833;66.9805;257093;25;05-jul-03;12:08:53;NaN;2.56817286821705;NaN;2.4995;1;7.104;1;33.536;4;6;NaN;NaN
NED2003036_26;MFD_SETNO26;43.849833;66.9805;257092;50;05-jul-03;12:08:53;34.952;0.124618604651163;4.435;2.1321;1;9.631;7;34.948;4;262;NaN;NaN
NED2003036_26;MFD_SETNO26;43.849833;66.9805;257091;142;05-jul-03;12:08:53;31.996;NaN;4.155;2.556;1;11.527;7;32.556;4;262;NaN;NaN
NED2003036_27;MFD_SETNO27;43.931333;66.941167;257098;5;05-jul-03;14:33:24;NaN;0.850273449612403;NaN;2.7202;1;9.89;7;32.651;4;518;NaN;NaN
NED2003036_27;MFD_SETNO27;43.931333;66.941167;257097;25;05-jul-03;14:33:24;NaN;2.18641744186047;NaN;2.4965;1;6.742;7;33.129;4;518;NaN;NaN
NED2003036_27;MFD_SETNO27;43.931333;66.941167;257096;50;05-jul-03;14:33:24;34.698;0.317315891472868;6.717;2.0983;1;8.588;7;34.696;4;262;NaN;NaN
NED2003036_27;MFD_SETNO27;43.931333;66.941167;257095;156;05-jul-03;14:33:24;32.326;0.013668992248062;6.8085;2.6938;1;13.693;7;32.259;4;262;NaN;NaN
NED2003036_28;MFD_SETNO28;43.929167;66.501167;257102;5;05-jul-03;18:39:27;NaN;0.832920930232558;NaN;2.6568;1;9.469;7;32.671;4;518;NaN;NaN
NED2003036_28;MFD_SETNO28;43.929167;66.501167;257101;25;05-jul-03;18:39:27;NaN;3.01933837209302;NaN;2.4755;1;6.975;7;33.03;4;518;NaN;NaN
NED2003036_28;MFD_SETNO28;43.929167;66.501167;257100;50;05-jul-03;18:39:27;34.644;0.327079457364341;6.9015;2.0454;1;8.373;7;34.643;4;262;NaN;NaN
NED2003036_28;MFD_SETNO28;43.929167;66.501167;257099;93;05-jul-03;18:39:27;32.351;NaN;4.4915;2.3837;1;11.76;7;32.515;4;262;NaN;NaN
NED2003036_30;MFD_SETNO30;43.962;66.371333;257106;5;05-jul-03;21:35:42;NaN;2.30788507751938;NaN;2.5961;1;8.531;7;32.83;4;518;NaN;NaN
NED2003036_30;MFD_SETNO30;43.962;66.371333;257105;25;05-jul-03;21:35:42;NaN;2.04759728682171;NaN;2.4739;1;5.823;7;32.895;4;518;NaN;NaN
NED2003036_30;MFD_SETNO30;43.962;66.371333;257104;50;05-jul-03;21:35:42;33.874;1.05850368217054;4.76;2.2261;1;6.818;7;33.865;4;262;NaN;NaN
NED2003036_30;MFD_SETNO30;43.962;66.371333;257103;67;05-jul-03;21:35:42;32.577;0.0380779069767442;6.804;2.5014;1;12.321;7;32.663;4;262;NaN;NaN
NED2003036_31;MFD_SETNO31;44.086;66.4545;257110;5;05-jul-03;23:16:02;NaN;0.780863372093023;NaN;2.6264;1;10.673;7;32.79;4;518;NaN;NaN
NED2003036_31;MFD_SETNO31;44.086;66.4545;257109;25;05-jul-03;23:16:02;NaN;5.24884864341085;NaN;2.4951;1;7.476;7;32.886;4;518;NaN;NaN
NED2003036_31;MFD_SETNO31;44.086;66.4545;257108;50;05-jul-03;23:16:02;33.789;0.937036046511628;4.8895;2.25;1;6.651;7;33.778;4;262;NaN;NaN
NED2003036_31;MFD_SETNO31;44.086;66.4545;257107;83;05-jul-03;23:16:02;32.621;0.0311546511627907;6.8435;2.4993;1;11.782;7;33.293;4;262;NaN;NaN
NED2003036_32;MFD_SETNO32;44.119667;66.584667;257114;5;06-jul-03;00:38:31;NaN;0.512587209302326;NaN;2.6556;1;7.954;1;32.381;4;6;NaN;NaN
NED2003036_32;MFD_SETNO32;44.119667;66.584667;257113;25;06-jul-03;00:38:31;NaN;0.463769379844961;NaN;2.6747;1;7.8;1;32.516;4;6;NaN;NaN
NED2003036_32;MFD_SETNO32;44.119667;66.584667;257112;50;06-jul-03;00:38:31;32.657;0.454005813953488;6.3525;2.6828;1;7.536;7;32.669;4;262;NaN;NaN
NED2003036_32;MFD_SETNO32;44.119667;66.584667;257111;87;06-jul-03;00:38:31;32.613;0.312434108527132;6.733;2.25;1;13.203;7;32.682;4;262;NaN;NaN
NED2003036_33;MFD_SETNO33;44.329667;66.652;257118;5;06-jul-03;02:44:51;NaN;0.302670542635659;NaN;3.4175;1;7.348;7;31.995;4;518;NaN;NaN
NED2003036_33;MFD_SETNO33;44.329667;66.652;257117;25;06-jul-03;02:44:51;NaN;0.798215891472868;NaN;3.639;1;1.551;7;32.359;4;518;NaN;NaN
NED2003036_33;MFD_SETNO33;44.329667;66.652;257116;50;06-jul-03;02:44:51;35.037;0.468518023255814;2.4765;1.8678;1;9.731;7;35.033;4;262;NaN;NaN
NED2003036_33;MFD_SETNO33;44.329667;66.652;257115;190;06-jul-03;02:44:51;32.315;0.0242313953488372;6.5335;2.1361;1;8.028;7;32.489;4;262;NaN;NaN
NED2003036_34;MFD_SETNO34;44.297333;66.6045;257122;5;06-jul-03;04:44:53;NaN;1.26673391472868;NaN;2.6077;1;8.718;1;31.916;4;6;NaN;NaN
NED2003036_34;MFD_SETNO34;44.297333;66.6045;257121;25;06-jul-03;04:44:53;NaN;0.937036046511628;NaN;2.6248;1;8.559;1;31.958;4;6;NaN;NaN
NED2003036_34;MFD_SETNO34;44.297333;66.6045;257120;50;06-jul-03;04:44:53;32.084;0.728805813953488;6.5515;2.61;1;8.283;7;32.093;4;262;NaN;NaN
NED2003036_34;MFD_SETNO34;44.297333;66.6045;257119;198;06-jul-03;04:44:53;31.369;0.555280620155039;6.228;2.5839;1;13.795;7;31.721;4;262;NaN;NaN
NED2003036_35;MFD_SETNO35;44.437833;66.442;257126;5;06-jul-03;06:50:51;NaN;1.1973238372093;NaN;2.6033;1;8.53;1;32.198;4;6;NaN;NaN
NED2003036_35;MFD_SETNO35;44.437833;66.442;257125;25;06-jul-03;06:50:51;NaN;1.21467635658915;NaN;2.6239;1;8.507;1;32.23;4;6;NaN;NaN
NED2003036_35;MFD_SETNO35;44.437833;66.442;257124;50;06-jul-03;06:50:51;32.44;1.00644612403101;6.4795;2.5788;1;7.916;7;32.431;4;262;NaN;NaN
NED2003036_35;MFD_SETNO35;44.437833;66.442;257123;194;06-jul-03;06:50:51;31.814;0.589985658914729;6.7395;2.1143;1;9.256;7;32.319;4;262;NaN;NaN
NED2003036_36;MFD_SETNO36;44.467;66.543667;257130;5;06-jul-03;08:42:31;NaN;1.71789941860465;NaN;2.6975;1;8.807;1;32.636;4;6;NaN;NaN
NED2003036_36;MFD_SETNO36;44.467;66.543667;257129;25;06-jul-03;08:42:31;NaN;2.16906492248062;NaN;2.5984;1;7.97;1;32.609;4;6;NaN;NaN
NED2003036_36;MFD_SETNO36;44.467;66.543667;257128;50;06-jul-03;08:42:31;32.749;0.832920930232558;6.2505;2.5845;1;7.6;7;32.742;4;262;NaN;NaN
NED2003036_36;MFD_SETNO36;44.467;66.543667;257127;201;06-jul-03;08:42:31;32.125;0.537928100775194;6.6995;2.2046;1;8.494;7;32.249;4;262;NaN;NaN
NED2003036_37;MFD_SETNO37;44.522333;66.330333;257134;5;06-jul-03;10:57:08;NaN;3.58584709302326;NaN;2.7027;1;8.601;1;32.516;4;6;NaN;NaN
NED2003036_37;MFD_SETNO37;44.522333;66.330333;257133;25;06-jul-03;10:57:08;NaN;1.56172674418605;NaN;2.585;1;7.63;1;32.58;4;6;NaN;NaN
NED2003036_37;MFD_SETNO37;44.522333;66.330333;257132;50;06-jul-03;10:57:08;33.391;0.497941860465116;5.3955;2.3317;1;6.441;7;33.378;4;262;NaN;NaN
NED2003036_37;MFD_SETNO37;44.522333;66.330333;257131;153;06-jul-03;10:57:08;32.525;0.0976356589147287;6.743;2.7821;1;8.81;7;32.592;4;262;NaN;NaN
NED2003036_38;MFD_SETNO38;44.6055;66.334833;257138;5;06-jul-03;12:22:52;NaN;1.56172674418605;NaN;2.6345;1;8.966;1;32.433;4;6;NaN;NaN
NED2003036_38;MFD_SETNO38;44.6055;66.334833;257137;25;06-jul-03;12:22:52;NaN;1.75260445736434;NaN;2.5534;1;7.955;1;32.483;4;6;NaN;NaN
NED2003036_38;MFD_SETNO38;44.6055;66.334833;257136;50;06-jul-03;12:22:52;33.393;0.572633139534884;6.637;2.3123;1;6.461;7;33.383;4;262;NaN;NaN
NED2003036_38;MFD_SETNO38;44.6055;66.334833;257135;122;06-jul-03;12:22:52;32.325;NaN;6.9415;2.5702;1;8.149;7;32.491;4;262;NaN;NaN
NED2003036_39;MFD_SETNO39;44.832833;65.786167;257142;5;06-jul-03;15:57:17;32.387;5.4567238372093;6.792;2.6578;1;7.744;7;32.393;4;262;NaN;NaN
NED2003036_39;MFD_SETNO39;44.832833;65.786167;257141;25;06-jul-03;15:57:17;32.565;NaN;6.2005;2.5055;1;6.805;7;32.678;4;262;NaN;NaN
NED2003036_39;MFD_SETNO39;44.832833;65.786167;257140;50;06-jul-03;15:57:17;NaN;1.02379864341085;NaN;2.3553;1;6.484;1;33.384;4;6;NaN;NaN
NED2003036_39;MFD_SETNO39;44.832833;65.786167;257139;84;06-jul-03;15:57:17;32.44;NaN;5.4295;2.2902;1;8.81;7;32.581;4;262;NaN;NaN
NED2003036_40;MFD_SETNO40;44.997333;65.248667;257146;5;06-jul-03;18:42:14;NaN;6.65200620155039;NaN;2.6889;1;8.285;1;32.283;4;6;NaN;NaN
NED2003036_40;MFD_SETNO40;44.997333;65.248667;257145;25;06-jul-03;18:42:14;NaN;3.68978468992248;NaN;2.5811;1;7.971;1;32.394;4;6;NaN;NaN
NED2003036_40;MFD_SETNO40;44.997333;65.248667;257144;50;06-jul-03;18:42:14;33.024;0.317315891472868;5.6285;2.3612;1;6.423;7;33.013;4;262;NaN;NaN
NED2003036_40;MFD_SETNO40;44.997333;65.248667;257143;64;06-jul-03;18:42:14;32.329;0.277640310077519;6.955;2.4429;1;7.782;7;32.428;4;262;NaN;NaN
NED2003036_42;MFD_SETNO42;45.045667;65.291167;257150;5;06-jul-03;21:12:50;NaN;4.6252230620155;NaN;2.5564;1;7.562;1;32.185;4;6;NaN;NaN
NED2003036_42;MFD_SETNO42;45.045667;65.291167;257149;25;06-jul-03;21:12:50;NaN;2.60287790697674;NaN;2.4365;1;6.852;1;32.555;4;6;NaN;NaN
NED2003036_42;MFD_SETNO42;45.045667;65.291167;257148;50;06-jul-03;21:12:50;33.092;0.649277131782946;5.5625;2.2878;1;6.437;7;33.079;4;262;NaN;NaN
NED2003036_42;MFD_SETNO42;45.045667;65.291167;257147;72;06-jul-03;21:12:50;32.111;0.190389534883721;7.108;2.5564;1;8.279;7;32.467;4;262;NaN;NaN
NED2003036_43;MFD_SETNO43;45.260833;65.089333;257154;5;06-jul-03;23:46:36;NaN;1.70054689922481;NaN;5.0096;1;8.587;1;32.307;4;6;NaN;NaN
NED2003036_43;MFD_SETNO43;45.260833;65.089333;257153;25;06-jul-03;23:46:36;NaN;2.49450232558139;NaN;5.0603;1;8.185;1;32.301;4;6;NaN;NaN
NED2003036_43;MFD_SETNO43;45.260833;65.089333;257152;50;06-jul-03;23:46:36;32.332;2.44253352713178;6.396;5.0607;1;7.801;7;32.322;4;262;NaN;NaN
NED2003036_43;MFD_SETNO43;45.260833;65.089333;257151;59;06-jul-03;23:46:36;31.873;5.19687984496124;7.456;2.515;1;9.405;7;31.931;4;262;NaN;NaN
NED2003036_44;MFD_SETNO44;45.213833;65.642333;257158;5;07-jul-03;02:27:07;NaN;0.27337984496124;NaN;3.4398;1;3.623;1;31.932;4;6;NaN;NaN
NED2003036_44;MFD_SETNO44;45.213833;65.642333;257157;25;07-jul-03;02:27:07;NaN;0.737149224806201;NaN;3.4153;1;2.043;1;32.174;4;6;NaN;NaN
NED2003036_44;MFD_SETNO44;45.213833;65.642333;257156;50;07-jul-03;02:27:07;32.184;0.263616279069767;6.755;3.4515;1;2.047;7;32.171;4;262;NaN;NaN
NED2003036_44;MFD_SETNO44;45.213833;65.642333;257155;59;07-jul-03;02:27:07;32.062;0.239207364341085;6.78;4.3256;1;10.592;7;32.487;4;262;NaN;NaN
NED2003036_45;MFD_SETNO45;45.124333;65.652833;257162;5;07-jul-03;03:47:42;NaN;1.63113682170543;NaN;4.9923;1;9.515;1;32.17;4;6;NaN;NaN
NED2003036_45;MFD_SETNO45;45.124333;65.652833;257161;25;07-jul-03;03:47:42;NaN;1.76995697674419;NaN;5.0635;1;9.505;1;32.169;4;6;NaN;NaN
NED2003036_45;MFD_SETNO45;45.124333;65.652833;257160;50;07-jul-03;03:47:42;32.159;1.8914246124031;6.703;5.1074;1;9.496;7;32.168;4;262;NaN;NaN
NED2003036_45;MFD_SETNO45;45.124333;65.652833;257159;68;07-jul-03;03:47:42;30.879;1.59643178294574;6.3555;2.417;1;13.07;7;30.949;4;262;NaN;NaN
NED2003036_47;MFD_SETNO47;45.1875;65.8015;257166;5;07-jul-03;07:06:08;NaN;2.09965484496124;NaN;4.8928;1;9.191;1;32.187;4;6;NaN;NaN
NED2003036_47;MFD_SETNO47;45.1875;65.8015;257165;25;07-jul-03;07:06:08;NaN;1.21467635658915;NaN;4.9974;1;9.088;1;32.182;4;6;NaN;NaN
NED2003036_47;MFD_SETNO47;45.1875;65.8015;257164;50;07-jul-03;07:06:08;32.196;1.30143895348837;6.7475;5.0518;1;9.028;7;32.185;4;262;NaN;NaN
NED2003036_47;MFD_SETNO47;45.1875;65.8015;257163;63;07-jul-03;07:06:08;32.179;1.47496414728682;6.706;3.3526;1;9.718;7;32.749;4;262;NaN;NaN
NED2003036_48;MFD_SETNO48;45.128333;66.111;257170;5;07-jul-03;09:16:47;NaN;1.11056124031008;NaN;4.9624;1;9.205;1;31.908;4;6;NaN;NaN
NED2003036_48;MFD_SETNO48;45.128333;66.111;257169;25;07-jul-03;09:16:47;NaN;1.56172674418605;NaN;5.0171;1;9.199;1;31.914;4;6;NaN;NaN
NED2003036_48;MFD_SETNO48;45.128333;66.111;257168;50;07-jul-03;09:16:47;31.941;1.81890794573643;7.1675;5.0267;1;9.185;7;31.915;4;262;NaN;NaN
NED2003036_48;MFD_SETNO48;45.128333;66.111;257167;67;07-jul-03;09:16:47;32.107;1.71497034883721;6.7575;3.5805;1;11.647;7;32.418;4;262;NaN;NaN
NED2003036_49;MFD_SETNO49;45.075333;66.3545;257173;5;07-jul-03;11:03:46;NaN;1.96083468992248;NaN;4.9445;1;8.797;1;31.837;4;6;NaN;NaN
NED2003036_49;MFD_SETNO49;45.075333;66.3545;257172;25;07-jul-03;11:03:46;31.851;2.03024476744186;7.2155;4.9703;1;8.786;7;31.842;4;262;NaN;NaN
NED2003036_49;MFD_SETNO49;45.075333;66.3545;257171;49;07-jul-03;11:03:46;31.741;2.35994263565892;7.2375;3.9309;1;9.811;7;31.766;4;262;NaN;NaN
NED2003036_50;MFD_SETNO50;45.018667;66.528167;257176;5;07-jul-03;12:24:23;31.754;2.28662713178295;7.2055;5.0425;1;8.782;7;31.765;4;262;NaN;NaN
NED2003036_50;MFD_SETNO50;45.018667;66.528167;257175;25;07-jul-03;12:24:23;32.111;3.53926600775194;7.179;4.0309;1;8.171;7;32.207;4;262;NaN;NaN
NED2003036_50;MFD_SETNO50;45.018667;66.528167;257174;53;07-jul-03;12:24:23;NaN;1.33614399224806;NaN;5.0692;1;8.165;1;32.099;4;6;NaN;NaN
NED2003036_51;MFD_SETNO51;44.968;66.763;257180;5;07-jul-03;14:04:50;32.208;0.971741085271318;6.9305;4.9954;1;7.399;7;32.199;4;262;NaN;NaN
NED2003036_51;MFD_SETNO51;44.968;66.763;257179;25;07-jul-03;14:04:50;31.687;0.902331007751938;7.195;3.8144;1;9.436;7;31.891;4;262;NaN;NaN
NED2003036_51;MFD_SETNO51;44.968;66.763;257178;50;07-jul-03;14:04:50;NaN;1.07585620155039;NaN;4.9775;1;9.085;1;31.691;4;6;NaN;NaN
NED2003036_51;MFD_SETNO51;44.968;66.763;257177;76;07-jul-03;14:04:50;NaN;1.14526627906977;NaN;5.0204;1;8.833;1;31.756;4;6;NaN;NaN
NED2003036_52;MFD_SETNO52;44.829167;66.813167;257184;5;07-jul-03;15:48:46;31.915;0.989093604651163;7.0815;4.7999;1;7.984;7;31.906;4;262;NaN;NaN
NED2003036_52;MFD_SETNO52;44.829167;66.813167;257183;25;07-jul-03;15:48:46;31.561;1.05850368217054;7.1505;4.6558;1;9.608;7;31.998;4;262;NaN;NaN
NED2003036_52;MFD_SETNO52;44.829167;66.813167;257182;50;07-jul-03;15:48:46;NaN;1.12791375968992;NaN;5.0981;1;8.104;1;31.99;4;6;NaN;NaN
NED2003036_52;MFD_SETNO52;44.829167;66.813167;257181;114;07-jul-03;15:48:46;NaN;0.954388565891473;NaN;5.0487;1;7.614;1;32.118;4;6;NaN;NaN
NED2003036_53;MFD_SETNO53;44.791667;66.8325;257188;5;07-jul-03;18:34:24;NaN;0.790848837209302;NaN;3.2607;1;1.715;1;32.292;4;6;NaN;NaN
NED2003036_53;MFD_SETNO53;44.791667;66.8325;257187;25;07-jul-03;18:34:24;32.495;0.175744186046512;6.1715;3.1387;1;1.83;7;32.496;4;262;NaN;NaN
NED2003036_53;MFD_SETNO53;44.791667;66.8325;257186;50;07-jul-03;18:34:24;31.387;0.0709633720930233;7.3275;3.3553;1;9.479;7;31.691;4;262;NaN;NaN
NED2003036_53;MFD_SETNO53;44.791667;66.8325;257185;94;07-jul-03;18:34:24;NaN;1.57907926356589;NaN;4.7289;1;8.273;1;31.792;4;6;NaN;NaN
NED2003036_54;MFD_SETNO54;44.165;67.031167;257192;5;07-jul-03;23:10:24;NaN;5.71656782945736;NaN;4.7789;1;7.995;1;31.783;4;6;NaN;NaN
NED2003036_54;MFD_SETNO54;44.165;67.031167;257191;25;07-jul-03;23:10:24;31.919;1.30143895348837;6.9745;4.8158;1;7.668;7;31.911;4;262;NaN;NaN
NED2003036_54;MFD_SETNO54;44.165;67.031167;257190;50;07-jul-03;23:10:24;30.948;1.21467635658915;6.216;2.4253;1;13.72;7;31.093;4;262;NaN;NaN
NED2003036_54;MFD_SETNO54;44.165;67.031167;257189;150;07-jul-03;23:10:24;NaN;0.234325581395349;NaN;3.097;1;4.073;1;32.065;4;6;NaN;NaN
NED2003036_55;MFD_SETNO55;44.137167;67.093167;257196;5;08-jul-03;00:55:25;NaN;2.7416980620155;NaN;4.6193;1;7.199;1;31.851;4;6;NaN;NaN
NED2003036_55;MFD_SETNO55;44.137167;67.093167;257195;25;08-jul-03;00:55:25;NaN;1.8914246124031;NaN;4.5629;1;6.78;1;32.168;4;6;NaN;NaN
NED2003036_55;MFD_SETNO55;44.137167;67.093167;257194;50;08-jul-03;00:55:25;32.254;0.642043217054264;6.554;4.5597;1;6.639;7;32.268;4;262;NaN;NaN
NED2003036_55;MFD_SETNO55;44.137167;67.093167;257193;67;08-jul-03;00:55:25;31.637;0.642043217054264;7.9595;3.5268;1;9.878;7;31.948;4;262;NaN;NaN
NED2003036_56;MFD_SETNO56;44.147333;67.2335;257200;5;08-jul-03;02:42:51;NaN;2.81110813953488;NaN;4.9247;1;8.376;1;31.79;4;6;NaN;NaN
NED2003036_56;MFD_SETNO56;44.147333;67.2335;257199;25;08-jul-03;02:42:51;NaN;1.37084903100775;NaN;4.7992;1;7.172;1;32.075;4;6;NaN;NaN
NED2003036_56;MFD_SETNO56;44.147333;67.2335;257198;50;08-jul-03;02:42:51;32.445;0.711453294573643;6.455;4.6911;1;6.486;7;32.436;4;262;NaN;NaN
NED2003036_56;MFD_SETNO56;44.147333;67.2335;257197;140;08-jul-03;02:42:51;31.672;0.659395736434109;7.841;3.2191;1;9.241;7;32.014;4;262;NaN;NaN
NED2003036_57;MFD_SETNO57;43.7095;67.216167;257204;5;08-jul-03;06:11:26;NaN;1.66584186046512;NaN;4.7994;1;7.483;1;32.02;4;6;NaN;NaN
NED2003036_57;MFD_SETNO57;43.7095;67.216167;257203;25;08-jul-03;06:11:26;NaN;1.44025910852713;NaN;4.8329;1;7.333;1;32.049;4;6;NaN;NaN
NED2003036_57;MFD_SETNO57;43.7095;67.216167;257202;50;08-jul-03;06:11:26;32.066;1.11056124031008;6.909;4.8861;1;7.252;7;32.07;4;262;NaN;NaN
NED2003036_57;MFD_SETNO57;43.7095;67.216167;257201;160;08-jul-03;06:11:26;31.548;0.971741085271318;7.69;3.7676;1;9.96;7;31.86;4;262;NaN;NaN
NED2003036_58;MFD_SETNO58;43.2045;67.579667;257208;5;08-jul-03;10:44:45;NaN;2.13072073643411;NaN;4.9332;1;9.927;7;32.786;4;518;NaN;NaN
NED2003036_58;MFD_SETNO58;43.2045;67.579667;257207;25;08-jul-03;10:44:45;NaN;3.53387829457364;NaN;4.5771;1;7.712;7;32.922;4;518;NaN;NaN
NED2003036_58;MFD_SETNO58;43.2045;67.579667;257206;50;08-jul-03;10:44:45;33.463;0.615104651162791;5.4115;4.0976;1;6.697;7;33.473;4;262;NaN;NaN
NED2003036_58;MFD_SETNO58;43.2045;67.579667;257205;202;08-jul-03;10:44:45;31.917;0.112281007751938;7.172;3.4179;1;7.726;7;32.524;4;262;NaN;NaN
NED2003036_59;MFD_SETNO59;42.732167;67.46;257212;5;08-jul-03;14:37:07;NaN;1.90877713178295;NaN;4.6281;1;8.189;1;32.911;4;6;NaN;NaN
NED2003036_59;MFD_SETNO59;42.732167;67.46;257211;25;08-jul-03;14:37:07;NaN;4.72916065891473;NaN;4.3219;1;6.787;1;33.217;4;6;NaN;NaN
NED2003036_59;MFD_SETNO59;42.732167;67.46;257210;50;08-jul-03;14:37:07;33.559;0.190389534883721;5.3165;4.0861;1;6.777;7;33.553;4;262;NaN;NaN
NED2003036_59;MFD_SETNO59;42.732167;67.46;257209;203;08-jul-03;14:37:07;32.714;0.122044573643411;7.6065;3.8307;1;11.823;7;33.398;4;262;NaN;NaN
NED2003036_60;MFD_SETNO60;42.4305;67.1735;257216;5;08-jul-03;17:43:26;NaN;0.390542635658915;NaN;4.6841;1;8.093;1;32.7;4;6;NaN;NaN
NED2003036_60;MFD_SETNO60;42.4305;67.1735;257215;25;08-jul-03;17:43:26;NaN;3.48190949612403;NaN;4.4144;1;6.909;1;33.162;4;6;NaN;NaN
NED2003036_60;MFD_SETNO60;42.4305;67.1735;257214;50;08-jul-03;17:43:26;34.066;0.209916666666667;4.669;3.8245;1;7.18;7;34.055;4;262;NaN;NaN
NED2003036_60;MFD_SETNO60;42.4305;67.1735;257213;358;08-jul-03;17:43:26;32.738;0.0328854651162791;7.0815;4.2842;1;11.076;7;33.11;4;262;NaN;NaN
NED2003036_61;MFD_SETNO61;42.4255;66.805667;257220;5;08-jul-03;20:33:10;NaN;0.336843023255814;NaN;4.5501;1;8.121;7;32.609;4;518;NaN;NaN
NED2003036_61;MFD_SETNO61;42.4255;66.805667;257219;25;08-jul-03;20:33:10;NaN;1.1973238372093;NaN;4.3893;1;4.982;7;32.853;4;518;NaN;NaN
NED2003036_61;MFD_SETNO61;42.4255;66.805667;257218;50;08-jul-03;20:33:10;34.549;0.13668992248062;6.5055;3.6383;1;8.13;7;34.558;4;262;NaN;NaN
NED2003036_61;MFD_SETNO61;42.4255;66.805667;257217;351;08-jul-03;20:33:10;32.586;NaN;6.4765;3.806;1;13.401;7;32.874;4;262;NaN;NaN
NED2003036_62;MFD_SETNO62;42.725833;66.479833;257224;5;08-jul-03;23:53:55;NaN;1.21467635658915;NaN;4.7784;1;9.508;7;32.555;4;518;NaN;NaN
NED2003036_62;MFD_SETNO62;42.725833;66.479833;257223;25;08-jul-03;23:53:55;NaN;2.0787519379845;NaN;4.5437;1;7.025;7;32.87;4;518;NaN;NaN
NED2003036_62;MFD_SETNO62;42.725833;66.479833;257222;50;08-jul-03;23:53:55;34.793;0.522350775193798;4.1835;3.6516;1;8.484;7;34.79;4;262;NaN;NaN
NED2003036_62;MFD_SETNO62;42.725833;66.479833;257221;127;08-jul-03;23:53:55;32.337;NaN;4.381;4.0767;1;13.747;7;32.819;4;262;NaN;NaN
NED2003036_63;MFD_SETNO63;42.604;66.409833;257228;5;09-jul-03;01:35:18;NaN;0.28802519379845;NaN;3.3112;1;8.899;7;31.562;4;518;NaN;NaN
NED2003036_63;MFD_SETNO63;42.604;66.409833;257227;25;09-jul-03;01:35:18;NaN;2.464;NaN;3.3763;1;3.841;7;32.109;4;518;NaN;NaN
NED2003036_63;MFD_SETNO63;42.604;66.409833;257226;50;09-jul-03;01:35:18;33.541;0.283143410852713;4.3185;2.638;1;5.845;7;33.534;4;262;NaN;NaN
NED2003036_63;MFD_SETNO63;42.604;66.409833;257225;178;09-jul-03;01:35:18;32.369;0.0398087209302325;6.886;3.6516;1;12.613;7;32.27;4;262;NaN;NaN
NED2003036_64;MFD_SETNO64;42.389833;66.406833;257232;5;09-jul-03;05:04:34;NaN;0.676748255813953;NaN;4.537;1;8.402;1;32.663;4;6;NaN;NaN
NED2003036_64;MFD_SETNO64;42.389833;66.406833;257231;25;09-jul-03;05:04:34;NaN;2.23465833333333;NaN;4.4145;1;6.636;1;33.038;4;6;NaN;NaN
NED2003036_64;MFD_SETNO64;42.389833;66.406833;257230;50;09-jul-03;05:04:34;35.03;0.317315891472868;4.0305;3.2532;1;7.956;7;35.026;4;262;NaN;NaN
NED2003036_64;MFD_SETNO64;42.389833;66.406833;257229;264;09-jul-03;05:04:34;30.823;NaN;5.243;2.793;1;14.607;7;30.873;4;262;NaN;NaN
NED2003036_65;MFD_SETNO65;42.383833;66.085333;257236;5;09-jul-03;07:36:55;NaN;0.468651162790698;NaN;4.5548;1;8.025;1;32.75;4;6;NaN;NaN
NED2003036_65;MFD_SETNO65;42.383833;66.085333;257235;25;09-jul-03;07:36:55;NaN;1.99553972868217;NaN;4.3345;1;7.017;1;33.403;4;6;NaN;NaN
NED2003036_65;MFD_SETNO65;42.383833;66.085333;257234;50;09-jul-03;07:36:55;35.025;0.156217054263566;4.0295;3.2846;1;7.932;7;35.023;4;262;NaN;NaN
NED2003036_65;MFD_SETNO65;42.383833;66.085333;257233;255;09-jul-03;07:36:55;32.312;NaN;6.594;3.258;1;14.906;7;32.669;4;262;NaN;NaN
NED2003036_66;MFD_SETNO66;42.468333;65.9645;257240;5;09-jul-03;09:44:26;NaN;0.488178294573643;NaN;4.6646;1;7.251;1;32.266;4;6;NaN;NaN
NED2003036_66;MFD_SETNO66;42.468333;65.9645;257239;25;09-jul-03;09:44:26;NaN;1.59643178294574;NaN;4.4027;1;6.226;1;32.93;4;6;NaN;NaN
NED2003036_66;MFD_SETNO66;42.468333;65.9645;257238;50;09-jul-03;09:44:26;34.052;1.40555406976744;5.078;4.112;1;7.815;7;34.048;4;262;NaN;NaN
NED2003036_66;MFD_SETNO66;42.468333;65.9645;257237;175;09-jul-03;09:44:26;32.322;0.060578488372093;6.508;3.7987;1;15.179;7;32.375;4;262;NaN;NaN
NED2003036_67;MFD_SETNO67;42.555;65.922333;257244;5;09-jul-03;11:24:25;NaN;0.307552325581395;NaN;4.4358;1;8.248;7;32.631;4;518;NaN;NaN
NED2003036_67;MFD_SETNO67;42.555;65.922333;257243;25;09-jul-03;11:24:25;NaN;1.0411511627907;NaN;4.2399;1;5.413;7;33.133;4;518;NaN;NaN
NED2003036_67;MFD_SETNO67;42.555;65.922333;257242;50;09-jul-03;11:24:25;34.647;0.170862403100775;4.602;3.707;1;9.075;7;34.633;4;262;NaN;NaN
NED2003036_67;MFD_SETNO67;42.555;65.922333;257241;101;09-jul-03;11:24:25;31.775;NaN;6.4675;3.9483;1;14.131;7;31.903;4;262;NaN;NaN
NED2003036_68;MFD_SETNO68;42.587167;65.816;257248;5;09-jul-03;12:28:14;NaN;0.468651162790698;NaN;4.4504;1;11.121;7;32.472;4;518;NaN;NaN
NED2003036_68;MFD_SETNO68;42.587167;65.816;257247;25;09-jul-03;12:28:14;NaN;0.639513565891473;NaN;4.3056;1;6.802;7;32.765;4;518;NaN;NaN
NED2003036_68;MFD_SETNO68;42.587167;65.816;257246;50;09-jul-03;12:28:14;34.991;0.649277131782946;4.003;3.3112;1;8.267;7;34.989;4;262;NaN;NaN
NED2003036_68;MFD_SETNO68;42.587167;65.816;257245;85;09-jul-03;12:28:14;32;NaN;6.32;3.9057;1;14.862;7;32.028;4;262;NaN;NaN
NED2003036_70;MFD_SETNO70;42.594;65.738167;257252;5;09-jul-03;17:21:44;NaN;0.234325581395349;NaN;4.4193;1;13.5;7;33.877;4;518;NaN;NaN
NED2003036_70;MFD_SETNO70;42.594;65.738167;257251;25;09-jul-03;17:21:44;NaN;0.536996124031008;NaN;4.0956;1;8.987;7;33.727;4;518;NaN;NaN
NED2003036_70;MFD_SETNO70;42.594;65.738167;257250;50;09-jul-03;17:21:44;34.84;0.380779069767442;4.4445;3.5782;1;9.915;7;34.834;4;262;NaN;NaN
NED2003036_70;MFD_SETNO70;42.594;65.738167;257249;90;09-jul-03;17:21:44;31.964;NaN;6.349;3.9623;1;14.252;7;32.132;4;262;NaN;NaN
NED2003036_71;MFD_SETNO71;42.479333;65.737667;257256;5;09-jul-03;19:34:14;NaN;0.419833333333333;NaN;4.4253;1;7.847;1;32.944;4;6;NaN;NaN
NED2003036_71;MFD_SETNO71;42.479333;65.737667;257255;25;09-jul-03;19:34:14;NaN;0.395424418604651;NaN;4.3454;1;7.511;1;33.658;4;6;NaN;NaN
NED2003036_71;MFD_SETNO71;42.479333;65.737667;257254;50;09-jul-03;19:34:14;33.915;0.146453488372093;5.2265;4.1592;1;7.809;7;33.902;4;262;NaN;NaN
NED2003036_71;MFD_SETNO71;42.479333;65.737667;257253;92;09-jul-03;19:34:14;32.886;0.120091860465116;5.995;3.5031;1;15.632;7;32.651;4;262;NaN;NaN
NED2003036_72;MFD_SETNO72;42.599167;65.438833;257260;5;09-jul-03;21:55:38;NaN;0.375897286821705;NaN;4.4577;1;10.219;7;32.667;4;518;NaN;NaN
NED2003036_72;MFD_SETNO72;42.599167;65.438833;257259;25;09-jul-03;21:55:38;NaN;0.663922480620155;NaN;4.4628;1;7.524;7;32.959;4;518;NaN;NaN
NED2003036_72;MFD_SETNO72;42.599167;65.438833;257258;50;09-jul-03;21:55:38;33.862;0.380779069767442;5.28;4.2345;1;7.681;7;33.849;4;262;NaN;NaN
NED2003036_72;MFD_SETNO72;42.599167;65.438833;257257;92;09-jul-03;21:55:38;32.323;0.117162790697674;6.3495;3.662;1;12.149;7;32.349;4;262;NaN;NaN
NED2003036_73;MFD_SETNO73;42.529667;65.396;257264;5;09-jul-03;23:25:56;NaN;0.214798449612403;NaN;3.1324;1;6.719;7;31.774;4;518;NaN;NaN
NED2003036_73;MFD_SETNO73;42.529667;65.396;257263;25;09-jul-03;23:25:56;NaN;0.248970930232558;NaN;3.3232;1;2.444;7;32.127;4;518;NaN;NaN
NED2003036_73;MFD_SETNO73;42.529667;65.396;257262;50;09-jul-03;23:25:56;33.549;0.253852713178295;4.3555;2.4975;1;5.874;7;33.548;4;262;NaN;NaN
NED2003036_73;MFD_SETNO73;42.529667;65.396;257261;98;09-jul-03;23:25:56;32.257;0.0242313953488372;6.296;3.6918;1;13.243;7;32.427;4;262;NaN;NaN
NED2003036_74;MFD_SETNO74;42.384333;65.199333;257268;5;10-jul-03;01:34:49;NaN;1.11056124031008;NaN;4.7819;1;7.125;1;32.547;4;6;NaN;NaN
NED2003036_74;MFD_SETNO74;42.384333;65.199333;257267;25;10-jul-03;01:34:49;NaN;1.49231666666667;NaN;4.4545;1;7.113;1;33.612;4;6;NaN;NaN
NED2003036_74;MFD_SETNO74;42.384333;65.199333;257266;50;10-jul-03;01:34:49;33.921;0.126926356589147;5.2855;4.2505;1;7.903;7;33.915;4;262;NaN;NaN
NED2003036_74;MFD_SETNO74;42.384333;65.199333;257265;117;10-jul-03;01:34:49;30.884;0.117162790697674;6.1355;2.6323;1;14.676;7;30.915;4;262;NaN;NaN
NED2003036_75;MFD_SETNO75;42.323;64.947167;257272;5;10-jul-03;04:19:53;NaN;0.28802519379845;NaN;4.2697;1;5.096;1;32.529;4;6;NaN;NaN
NED2003036_75;MFD_SETNO75;42.323;64.947167;257271;25;10-jul-03;04:19:53;NaN;0.541877906976744;NaN;4.3811;1;6.339;1;33.238;4;6;NaN;NaN
NED2003036_75;MFD_SETNO75;42.323;64.947167;257270;50;10-jul-03;04:19:53;34.008;0.161098837209302;5.2415;4.2464;1;8.468;7;33.986;4;262;NaN;NaN
NED2003036_75;MFD_SETNO75;42.323;64.947167;257269;648;10-jul-03;04:19:53;32.071;0.161098837209302;6.9565;3.5964;1;10.967;7;32.364;4;262;NaN;NaN
NED2003036_76;MFD_SETNO76;42.407833;64.982;257276;5;10-jul-03;07:51:02;NaN;0.954388565891473;NaN;4.6534;1;8.469;7;32.147;4;518;NaN;NaN
NED2003036_76;MFD_SETNO76;42.407833;64.982;257275;25;10-jul-03;07:51:02;NaN;1.07585620155039;NaN;4.436;1;6.343;7;33.116;4;518;NaN;NaN
NED2003036_76;MFD_SETNO76;42.407833;64.982;257274;50;10-jul-03;07:51:02;33.284;0.239207364341085;5.76;4.4482;1;6.419;7;33.268;4;262;NaN;NaN
NED2003036_76;MFD_SETNO76;42.407833;64.982;257273;133;10-jul-03;07:51:02;32.373;0.165980620155039;6.179;3.6224;1;12.971;7;32.74;4;262;NaN;NaN
NED2003036_77;MFD_SETNO77;42.710167;65.0405;257280;5;10-jul-03;10:21:38;NaN;0.850273449612403;NaN;4.847;1;9.396;7;31.947;4;518;NaN;NaN
NED2003036_77;MFD_SETNO77;42.710167;65.0405;257279;25;10-jul-03;10:21:38;NaN;1.49231666666667;NaN;4.6497;1;5.952;7;32.463;4;518;NaN;NaN
NED2003036_77;MFD_SETNO77;42.710167;65.0405;257278;50;10-jul-03;10:21:38;33.218;0.610222868217054;5.745;4.5342;1;6.297;7;33.203;4;262;NaN;NaN
NED2003036_77;MFD_SETNO77;42.710167;65.0405;257277;103;10-jul-03;10:21:38;32.063;0.185507751937984;6.522;4.1713;1;12.152;7;32.283;4;262;NaN;NaN
NED2003036_78;MFD_SETNO78;42.988167;64.981333;257284;5;10-jul-03;12:45:36;NaN;0.711453294573644;NaN;4.717;1;7.623;7;31.81;4;518;NaN;NaN
NED2003036_78;MFD_SETNO78;42.988167;64.981333;257283;25;10-jul-03;12:45:36;NaN;0.971741085271318;NaN;4.6387;1;1.382;7;32.128;4;518;NaN;NaN
NED2003036_78;MFD_SETNO78;42.988167;64.981333;257282;50;10-jul-03;12:45:36;33.202;0.520575581395349;5.845;4.3004;1;5.415;7;33.189;4;262;NaN;NaN
NED2003036_78;MFD_SETNO78;42.988167;64.981333;257281;106;10-jul-03;12:45:36;31.885;0.0398087209302325;6.5775;4.4327;1;11.979;7;32.109;4;262;NaN;NaN
NED2003036_79;MFD_SETNO79;42.918667;64.828833;257288;5;10-jul-03;14:31:46;NaN;0.185507751937984;NaN;4.3008;1;11.777;7;33.109;4;518;NaN;NaN
NED2003036_79;MFD_SETNO79;42.918667;64.828833;257287;25;10-jul-03;14:31:46;NaN;0.283143410852713;NaN;4.233;1;8.17;7;33.578;4;518;NaN;NaN
NED2003036_79;MFD_SETNO79;42.918667;64.828833;257286;50;10-jul-03;14:31:46;34.956;0.634631782945736;5.5915;4.1962;1;4.718;7;34.959;4;774;NaN;NaN
NED2003036_79;MFD_SETNO79;42.918667;64.828833;257285;90;10-jul-03;14:31:46;31.751;NaN;7.3465;3.9876;1;12.382;7;31.749;4;262;NaN;NaN
NED2003036_81;MFD_SETNO81;42.581;64.79;257292;5;10-jul-03;18:36:37;NaN;0.200153100775194;NaN;4.3272;1;10.289;7;31.806;4;518;NaN;NaN
NED2003036_81;MFD_SETNO81;42.581;64.79;257291;25;10-jul-03;18:36:37;NaN;0.312434108527132;NaN;4.1217;1;4.444;7;32.839;4;518;NaN;NaN
NED2003036_81;MFD_SETNO81;42.581;64.79;257290;50;10-jul-03;18:36:37;34.833;0.366133720930232;4.538;3.4883;1;9.366;7;34.828;4;262;NaN;NaN
NED2003036_81;MFD_SETNO81;42.581;64.79;257289;122;10-jul-03;18:36:37;31.319;NaN;6.379;4.1769;1;16.502;7;31.239;4;262;NaN;NaN
NED2003036_82;MFD_SETNO82;42.514;64.645333;257296;5;10-jul-03;20:57:46;NaN;0.434478682170543;NaN;4.5575;1;6.78;7;31.92;4;518;NaN;NaN
NED2003036_82;MFD_SETNO82;42.514;64.645333;257295;25;10-jul-03;20:57:46;NaN;0.937036046511628;NaN;4.4373;1;3.923;7;32.454;4;518;NaN;NaN
NED2003036_82;MFD_SETNO82;42.514;64.645333;257294;50;10-jul-03;20:57:46;32.819;0.190389534883721;6.0385;4.3977;1;4.447;7;32.804;4;262;NaN;NaN
NED2003036_82;MFD_SETNO82;42.514;64.645333;257293;182;10-jul-03;20:57:46;31.231;0.0588476744186047;6.336;4.1248;1;16.08;7;31.186;4;262;NaN;NaN
NED2003036_83;MFD_SETNO83;42.702167;64.455833;257300;5;10-jul-03;23:04:21;NaN;0.351488372093023;NaN;4.0016;1;5.95;1;32.252;4;6;NaN;NaN
NED2003036_83;MFD_SETNO83;42.702167;64.455833;257299;25;10-jul-03;23:04:21;NaN;1.99553972868217;NaN;3.9986;1;4.634;1;32.706;4;6;NaN;NaN
NED2003036_83;MFD_SETNO83;42.702167;64.455833;257298;50;10-jul-03;23:04:21;33.046;0.136734302325581;5.4005;3.8007;1;4.713;7;33.037;4;262;NaN;NaN
NED2003036_83;MFD_SETNO83;42.702167;64.455833;257297;126;10-jul-03;23:04:21;31.613;0.0346162790697675;6.839;4.099;1;13.975;7;31.739;4;262;NaN;NaN
NED2003036_84;MFD_SETNO84;42.711667;64.164;257304;5;11-jul-03;02:01:26;NaN;0.405187984496124;NaN;4.3254;1;6.825;7;32.016;4;518;NaN;NaN
NED2003036_84;MFD_SETNO84;42.711667;64.164;257303;25;11-jul-03;02:01:26;NaN;1.35349651162791;NaN;4.1725;1;3.826;7;32.32;4;518;NaN;NaN
NED2003036_84;MFD_SETNO84;42.711667;64.164;257302;50;11-jul-03;02:01:26;32.757;0.47841472868217;6.119;4.07995;1;4.441;7;32.739;4;262;NaN;NaN
NED2003036_84;MFD_SETNO84;42.711667;64.164;257301;346;11-jul-03;02:01:26;31.228;0.0501936046511628;6.3305;3.2557;1;15.61;7;31.34;4;262;NaN;NaN
NED2003036_85;MFD_SETNO85;42.963333;64.428667;257308;5;11-jul-03;05:00:08;NaN;0.253852713178295;NaN;3.6866;1;5.142;7;32.031;4;518;NaN;NaN
NED2003036_85;MFD_SETNO85;42.963333;64.428667;257307;25;11-jul-03;05:00:08;NaN;1.76995697674419;NaN;5.2186;1;1.388;7;32.154;4;518;NaN;NaN
NED2003036_85;MFD_SETNO85;42.963333;64.428667;257306;50;11-jul-03;05:00:08;34.031;0.263616279069767;5.288;4.7511;1;7.589;7;34.029;4;262;NaN;NaN
NED2003036_85;MFD_SETNO85;42.963333;64.428667;257305;125;11-jul-03;05:00:08;31.387;NaN;6.8975;2.812;1;14.663;7;31.522;4;262;NaN;NaN
NED2003036_86;MFD_SETNO86;43.126833;63.946333;257312;5;11-jul-03;08:03:11;NaN;0.170862403100775;NaN;4.9286;1;10.444;7;32.833;4;518;NaN;NaN
NED2003036_86;MFD_SETNO86;43.126833;63.946333;257311;25;11-jul-03;08:03:11;NaN;0.35637015503876;NaN;5.0017;1;5.018;7;32.914;4;518;NaN;NaN
NED2003036_86;MFD_SETNO86;43.126833;63.946333;257310;50;11-jul-03;08:03:11;35.208;0.258734496124031;3.5395;3.692;1;10.051;7;35.234;4;262;NaN;NaN
NED2003036_86;MFD_SETNO86;43.126833;63.946333;257309;94;11-jul-03;08:03:11;31.169;NaN;6.583;3.4886;1;16.531;7;31.553;4;262;NaN;NaN
NED2003036_87;MFD_SETNO87;43.251;64.026167;257316;5;11-jul-03;09:37:18;NaN;0.190389534883721;NaN;5.0959;1;10.926;7;33.11;4;518;NaN;NaN
NED2003036_87;MFD_SETNO87;43.251;64.026167;257315;25;11-jul-03;09:37:18;NaN;0.336843023255814;NaN;4.857;1;6.518;7;33.371;4;518;NaN;NaN
NED2003036_87;MFD_SETNO87;43.251;64.026167;257314;50;11-jul-03;09:37:18;34.744;0.263616279069767;4.432;4.4109;1;9.56;7;34.735;4;262;NaN;NaN
NED2003036_87;MFD_SETNO87;43.251;64.026167;257313;91;11-jul-03;09:37:18;31.408;0.0259622093023256;5.765;3.9687;1;17.642;7;32.052;4;262;NaN;NaN
NED2003036_88;MFD_SETNO88;43.381333;63.7625;257320;5;11-jul-03;12:29:16;NaN;0.195271317829457;NaN;4.094;1;12.417;7;33.354;4;518;NaN;NaN
NED2003036_88;MFD_SETNO88;43.381333;63.7625;257319;25;11-jul-03;12:29:16;NaN;0.263616279069767;NaN;3.9033;1;7.764;7;33.512;4;518;NaN;NaN
NED2003036_88;MFD_SETNO88;43.381333;63.7625;257318;50;11-jul-03;12:29:16;35.111;0.283143410852713;3.477;2.7761;1;7.841;7;35.106;4;262;NaN;NaN
NED2003036_88;MFD_SETNO88;43.381333;63.7625;257317;206;11-jul-03;12:29:16;31.55;NaN;5.5875;3.9594;1;18.372;7;31.696;4;262;NaN;NaN
NED2003036_89;MFD_SETNO89;43.2605;63.803;257324;5;11-jul-03;15:12:34;NaN;0.307552325581395;NaN;4.6376;1;5.234;7;32.095;4;518;NaN;NaN
NED2003036_89;MFD_SETNO89;43.2605;63.803;257323;25;11-jul-03;15:12:34;NaN;0.56140503875969;NaN;4.8459;1;1.215;7;32.188;4;518;NaN;NaN
NED2003036_89;MFD_SETNO89;43.2605;63.803;257322;50;11-jul-03;15:12:34;34.338;0.585813953488372;4.6295;3.9723;1;8.363;7;34.331;4;262;NaN;NaN
NED2003036_89;MFD_SETNO89;43.2605;63.803;257321;135;11-jul-03;15:12:34;31.789;NaN;5.584;3.5688;1;17.875;7;31.91;4;262;NaN;NaN
NED2003036_90;MFD_SETNO90;43.038833;63.772;257328;5;11-jul-03;17:41:40;NaN;0.239207364341085;NaN;3.9561;1;4.834;7;32.222;4;518;NaN;NaN
NED2003036_90;MFD_SETNO90;43.038833;63.772;257327;25;11-jul-03;17:41:40;NaN;0.884978488372093;NaN;4.4039;1;1.143;7;32.151;4;518;NaN;NaN
NED2003036_90;MFD_SETNO90;43.038833;63.772;257326;50;11-jul-03;17:41:40;33.012;0.152311627906977;5.2465;4.0551;1;3.433;7;32.987;4;262;NaN;NaN
NED2003036_90;MFD_SETNO90;43.038833;63.772;257325;126;11-jul-03;17:41:40;31.401;0.0467319767441861;6.533;3.5612;1;15.433;7;31.741;4;262;NaN;NaN
NED2003036_92;MFD_SETNO92;42.992667;63.444333;257332;5;11-jul-03;21:33:56;NaN;0.248970930232558;NaN;3.9521;1;8.99;7;31.776;4;518;NaN;NaN
NED2003036_92;MFD_SETNO92;42.992667;63.444333;257331;25;11-jul-03;21:33:56;NaN;0.41006976744186;NaN;4.2492;1;2.472;7;32.493;4;518;NaN;NaN
NED2003036_92;MFD_SETNO92;42.992667;63.444333;257330;50;11-jul-03;21:33:56;35.015;0.395424418604651;2.614;2.5077;1;9.836;7;35.016;4;262;NaN;NaN
NED2003036_92;MFD_SETNO92;42.992667;63.444333;257329;154;11-jul-03;21:33:56;31.09;NaN;3.182;3.5407;1;16.883;7;31.059;4;262;NaN;NaN
NED2003036_93;MFD_SETNO93;42.812667;63.276;257336;5;12-jul-03;01:21:59;NaN;0.351488372093023;NaN;4.3632;1;3.607;7;32.2;4;518;NaN;NaN
NED2003036_93;MFD_SETNO93;42.812667;63.276;257335;25;12-jul-03;01:21:59;NaN;0.566286821705426;NaN;4.5376;1;0.835;7;32.3;4;518;NaN;NaN
NED2003036_93;MFD_SETNO93;42.812667;63.276;257334;50;12-jul-03;01:21:59;34.698;0.110772093023256;3.017;3.5236;1;9.143;7;34.676;4;262;NaN;NaN
NED2003036_93;MFD_SETNO93;42.812667;63.276;257333;249;12-jul-03;01:21:59;31.09;NaN;5.6245;3.51;1;17.126;7;31.031;4;262;NaN;NaN
NED2003036_94;MFD_SETNO94;42.996;63.130667;257340;5;12-jul-03;03:47:56;NaN;0.458887596899225;NaN;3.439;1;4.535;7;31.671;4;518;NaN;NaN
NED2003036_94;MFD_SETNO94;42.996;63.130667;257339;25;12-jul-03;03:47:56;NaN;0.69809496124031;NaN;3.4632;1;1.615;7;32.06;4;518;NaN;NaN
NED2003036_94;MFD_SETNO94;42.996;63.130667;257338;50;12-jul-03;03:47:56;33.279;0.28802519379845;4.733;2.7915;1;4.918;7;33.269;4;262;NaN;NaN
NED2003036_94;MFD_SETNO94;42.996;63.130667;257337;150;12-jul-03;03:47:56;31.074;0.0328854651162791;5.9215;4.1929;1;16.259;7;31.051;4;262;NaN;NaN
NED2003036_95;MFD_SETNO95;42.98;62.903833;257344;5;12-jul-03;05:49:36;NaN;0.380779069767442;NaN;4.2037;1;6.806;7;32.003;4;518;NaN;NaN
NED2003036_95;MFD_SETNO95;42.98;62.903833;257343;25;12-jul-03;05:49:36;NaN;0.971741085271318;NaN;4.6972;1;1.437;7;32.493;4;518;NaN;NaN
NED2003036_95;MFD_SETNO95;42.98;62.903833;257342;50;12-jul-03;05:49:36;34.337;0.258734496124031;2.259;3.7212;1;8.187;7;34.349;4;262;NaN;NaN
NED2003036_95;MFD_SETNO95;42.98;62.903833;257341;127;12-jul-03;05:49:36;31.436;NaN;6.696;3.286;1;11.311;7;31.669;4;262;NaN;NaN
NED2003036_96;MFD_SETNO96;42.843667;62.574;257348;5;12-jul-03;09:14:54;NaN;0.292906976744186;NaN;4.1497;1;1.379;1;32.319;4;6;NaN;NaN
NED2003036_96;MFD_SETNO96;42.843667;62.574;257347;25;12-jul-03;09:14:54;NaN;1.33614399224806;NaN;4.4323;1;0.526;1;32.191;4;6;NaN;NaN
NED2003036_96;MFD_SETNO96;42.843667;62.574;257346;50;12-jul-03;09:14:54;35.207;0.253852713178295;3.829;3.5298;1;10.635;7;35.207;4;262;NaN;NaN
NED2003036_96;MFD_SETNO96;42.843667;62.574;257345;383;12-jul-03;09:14:54;31.072;NaN;5.721;3.9809;1;16.836;7;31.074;4;262;NaN;NaN
NED2003036_97;MFD_SETNO97;43.038833;62.622167;257352;5;12-jul-03;11:22:11;NaN;0.234325581395349;NaN;4.4661;1;3.875;7;31.994;4;518;NaN;NaN
NED2003036_97;MFD_SETNO97;43.038833;62.622167;257351;25;12-jul-03;11:22:11;NaN;0.639513565891473;NaN;4.5935;1;1.266;7;32.257;4;518;NaN;NaN
NED2003036_97;MFD_SETNO97;43.038833;62.622167;257350;50;12-jul-03;11:22:11;35.211;0.371015503875969;3.3145;2.8833;1;9.457;7;35.216;4;262;NaN;NaN
NED2003036_97;MFD_SETNO97;43.038833;62.622167;257349;109;12-jul-03;11:22:11;31.768;NaN;5.7575;3.2438;1;16.777;7;31.824;4;262;NaN;NaN
NED2003036_98;MFD_SETNO98;43.165;63.023667;257356;5;12-jul-03;14:10:16;NaN;0.297788759689922;NaN;4.6759;1;8.57;7;32.233;4;518;NaN;NaN
NED2003036_98;MFD_SETNO98;43.165;63.023667;257355;25;12-jul-03;14:10:16;NaN;0.400306201550388;NaN;4.6853;1;5.048;7;32.794;4;518;NaN;NaN
NED2003036_98;MFD_SETNO98;43.165;63.023667;257354;50;12-jul-03;14:10:16;35.017;1.63113682170543;4.0945;3.6428;1;9.948;7;35.01;4;262;NaN;NaN
NED2003036_98;MFD_SETNO98;43.165;63.023667;257353;125;12-jul-03;14:10:16;32.395;NaN;5.512;3.4843;1;16.624;7;32.999;4;262;NaN;NaN
NED2003036_99;MFD_SETNO99;43.348667;63.230167;257360;5;12-jul-03;16:58:50;NaN;0.263616279069767;NaN;4.4852;1;7.872;7;32.582;4;518;NaN;NaN
NED2003036_99;MFD_SETNO99;43.348667;63.230167;257359;25;12-jul-03;16:58:50;NaN;1.0411511627907;NaN;4.4068;1;3.862;7;32.863;4;518;NaN;NaN
NED2003036_99;MFD_SETNO99;43.348667;63.230167;257358;50;12-jul-03;16:58:50;34.993;0.693213178294574;4.368;3.7544;1;10.007;7;34.98;4;262;NaN;NaN
NED2003036_99;MFD_SETNO99;43.348667;63.230167;257357;175;12-jul-03;16:58:50;31.596;NaN;6.179;3.3408;1;13.414;7;32.487;4;262;NaN;NaN
NED2003036_100;MFD_SETNO100;43.644333;63.354;257364;5;12-jul-03;19:35:10;10.823;9.027;10.221;1.428;1;2.761;7;10.807;4;260;NaN;NaN
NED2003036_100;MFD_SETNO100;43.644333;63.354;257363;25;12-jul-03;19:35:10;31.049;6.171;31.379;30.912;1;NaN;9;32.108;4;6;NaN;NaN
NED2003036_100;MFD_SETNO100;43.644333;63.354;257362;50;12-jul-03;19:35:10;32.15;34.615;34.597;31.029;1;31.241;7;32.341;4;262;NaN;NaN
NED2003036_100;MFD_SETNO100;43.644333;63.354;257361;104;12-jul-03;19:35:10;34.608;31.338;31.29;31.145;1;32.645;7;28.998;4;262;NaN;NaN
NED2003036_101;MFD_SETNO101;43.652333;62.942;257368;5;12-jul-03;22:13:07;1.098;9.478;10.693;1.68;1;0.802;7;10.863;4;260;NaN;NaN
NED2003036_101;MFD_SETNO101;43.652333;62.942;257367;25;12-jul-03;22:13:07;1.59;-0.004;10.886;9.086;1;0.75;7;1.008;7;256;NaN;NaN
NED2003036_101;MFD_SETNO101;43.652333;62.942;257366;50;12-jul-03;22:13:07;8.227;0.774;10.788;10.236;1;1.08;7;10.749;4;260;NaN;NaN
NED2003036_101;MFD_SETNO101;43.652333;62.942;257365;240;12-jul-03;22:13:07;3.378;9.056;0.9;1.716;1;6.301;7;1.088;1;256;NaN;NaN
NED2003036_102;MFD_SETNO102;43.726667;62.446833;257372;5;13-jul-03;01:41:07;0.224562015503876;6.374;NaN;32.229;1;2.6151;7;4.506;1;256;NaN;NaN
NED2003036_102;MFD_SETNO102;43.726667;62.446833;257371;25;13-jul-03;01:41:07;0.444242248062016;NaN;NaN;32.28;1;3.4675;7;0.576;1;256;NaN;NaN
NED2003036_102;MFD_SETNO102;43.726667;62.446833;257370;50;13-jul-03;01:41:07;0.0855022093023256;NaN;34.944;34.949;1;3.7958;7;9.871;3;272;NaN;NaN
NED2003036_102;MFD_SETNO102;43.726667;62.446833;257369;117;13-jul-03;01:41:07;NaN;3.001;9.072;10.338;1;2.2804;3;10.726;4;20;NaN;NaN
NED2003036_103;MFD_SETNO103;43.505667;62.6005;257376;5;13-jul-03;04:05:40;0.820139534883721;6.691;NaN;32.147;1;2.7489;7;5.113;1;256;NaN;NaN
NED2003036_103;MFD_SETNO103;43.505667;62.6005;257375;25;13-jul-03;04:05:40;0.605341085271318;NaN;NaN;32.507;1;3.1408;7;4.438;1;256;NaN;NaN
NED2003036_103;MFD_SETNO103;43.505667;62.6005;257374;50;13-jul-03;04:05:40;0.180625968992248;NaN;32.92;32.911;1;3.0772;7;5.852;7;256;NaN;NaN
NED2003036_103;MFD_SETNO103;43.505667;62.6005;257373;94;13-jul-03;04:05:40;0.102517441860465;5.901;30.961;31.635;1;3.0078;7;12.715;4;262;NaN;NaN
NED2003036_104;MFD_SETNO104;43.3455;62.843;257380;5;13-jul-03;06:22:58;0.229443798449612;5.96;NaN;32.142;1;3.7147;7;2.902;1;256;NaN;NaN
NED2003036_104;MFD_SETNO104;43.3455;62.843;257379;25;13-jul-03;06:22:58;1.30143895348837;NaN;NaN;32.417;1;4.6236;7;1.645;1;256;NaN;NaN
NED2003036_104;MFD_SETNO104;43.3455;62.843;257378;50;13-jul-03;06:22:58;0.322197674418605;NaN;34.2;34.191;1;4.6923;7;7.771;7;256;NaN;NaN
NED2003036_104;MFD_SETNO104;43.3455;62.843;257377;101;13-jul-03;06:22:58;0.0657709302325581;3.967;31.75;32.8;1;3.7497;7;8.203;7;256;NaN;NaN
NED2003036_105;MFD_SETNO105;43.4295;62.308667;257384;5;13-jul-03;09:34:02;0.180625968992248;5.892;NaN;32.211;1;3.9944;7;4.795;1;256;NaN;NaN
NED2003036_105;MFD_SETNO105;43.4295;62.308667;257383;25;13-jul-03;09:34:02;0.971741085271318;NaN;NaN;32.399;1;4.6619;7;2.264;1;256;NaN;NaN
NED2003036_105;MFD_SETNO105;43.4295;62.308667;257382;50;13-jul-03;09:34:02;0.62975;NaN;35.087;35.072;1;5.0879;7;9.381;3;272;NaN;NaN
NED2003036_105;MFD_SETNO105;43.4295;62.308667;257381;80;13-jul-03;09:34:02;NaN;2.5625;31.445;31.466;1;2.4558;1;16.153;4;6;NaN;NaN
NED2003036_106;MFD_SETNO106;43.422333;62.0675;257388;5;13-jul-03;11:33:58;0.244089147286822;5.891;NaN;32.175;1;4.1909;7;6.188;1;256;NaN;NaN
NED2003036_106;MFD_SETNO106;43.422333;62.0675;257387;25;13-jul-03;11:33:58;0.902331007751938;NaN;NaN;32.415;1;4.6433;7;1.885;1;256;NaN;NaN
NED2003036_106;MFD_SETNO106;43.422333;62.0675;257386;50;13-jul-03;11:33:58;0.642043217054264;NaN;34.384;34.371;1;4.8366;7;8.249;7;256;NaN;NaN
NED2003036_106;MFD_SETNO106;43.422333;62.0675;257385;94;13-jul-03;11:33:58;0.0432703488372093;4.26;31.373;31.397;1;4.0099;7;16.356;4;262;NaN;NaN
NED2003036_107;MFD_SETNO107;43.099167;62.1375;257392;5;13-jul-03;14:24:17;0.248970930232558;6.008;NaN;32.281;1;4.39;7;7.06;1;256;NaN;NaN
NED2003036_107;MFD_SETNO107;43.099167;62.1375;257391;25;13-jul-03;14:24:17;0.919683527131783;NaN;NaN;32.847;1;4.9189;7;3.348;1;256;NaN;NaN
NED2003036_107;MFD_SETNO107;43.099167;62.1375;257390;50;13-jul-03;14:24:17;0.589985658914729;NaN;33.782;33.767;1;5.1194;7;6.256;7;256;NaN;NaN
NED2003036_107;MFD_SETNO107;43.099167;62.1375;257389;103;13-jul-03;14:24:17;0.0640401162790698;4.8105;31.494;31.549;1;4.3542;7;16.012;4;262;NaN;NaN
NED2003036_108;MFD_SETNO108;43.0625;62.117167;257396;5;13-jul-03;15:55:57;0.21968023255814;5.899;NaN;32.091;1;4.1698;7;5.369;1;256;NaN;NaN
NED2003036_108;MFD_SETNO108;43.0625;62.117167;257395;25;13-jul-03;15:55:57;0.676748255813953;NaN;NaN;32.247;1;4.4998;7;1.529;1;256;NaN;NaN
NED2003036_108;MFD_SETNO108;43.0625;62.117167;257394;50;13-jul-03;15:55:57;0.937036046511628;NaN;34.079;34.064;1;5.0168;7;7.221;7;256;NaN;NaN
NED2003036_108;MFD_SETNO108;43.0625;62.117167;257393;107;13-jul-03;15:55:57;0.0640401162790698;4.7735;31.409;31.951;1;4.3611;7;14.81;4;262;NaN;NaN
NED2003036_109;MFD_SETNO109;43.020333;61.850333;257400;5;13-jul-03;18:04:24;0.224562015503876;5.8745;NaN;32.204;1;4.3527;7;2.559;1;256;NaN;NaN
NED2003036_109;MFD_SETNO109;43.020333;61.850333;257399;25;13-jul-03;18:04:24;0.954388565891473;NaN;NaN;32.674;1;4.5561;7;2.938;1;256;NaN;NaN
NED2003036_109;MFD_SETNO109;43.020333;61.850333;257398;50;13-jul-03;18:04:24;0.434478682170543;NaN;33.576;33.582;1;4.8487;7;5.76;7;256;NaN;NaN
NED2003036_109;MFD_SETNO109;43.020333;61.850333;257397;132;13-jul-03;18:04:24;0.102517441860465;4.8405;31.324;31.336;1;4.2702;7;15.916;4;262;NaN;NaN
NED2003036_110;MFD_SETNO110;42.985167;61.539167;257404;5;13-jul-03;20:51:06;0.400306201550388;5.8295;NaN;32.964;1;3.8272;7;5.318;1;256;NaN;NaN
NED2003036_110;MFD_SETNO110;42.985167;61.539167;257403;25;13-jul-03;20:51:06;1.57907926356589;NaN;NaN;32.88;1;4.5415;7;3.153;1;256;NaN;NaN
NED2003036_110;MFD_SETNO110;42.985167;61.539167;257402;50;13-jul-03;20:51:06;1.44025910852713;NaN;33.777;33.748;1;5.1193;7;5.706;7;256;NaN;NaN
NED2003036_110;MFD_SETNO110;42.985167;61.539167;257401;601;13-jul-03;20:51:06;0.0732267441860465;5.7335;31.431;31.42;1;4.8679;3;15.807;4;22;NaN;NaN
NED2003036_111;MFD_SETNO111;43.064333;61.571333;257408;5;13-jul-03;23:06:05;0.253852713178295;5.738;NaN;33.225;1;4.2105;7;7.014;1;256;NaN;NaN
NED2003036_111;MFD_SETNO111;43.064333;61.571333;257407;25;13-jul-03;23:06:05;1.35349651162791;NaN;NaN;33.794;1;5.1071;7;6.542;1;256;NaN;NaN
NED2003036_111;MFD_SETNO111;43.064333;61.571333;257406;50;13-jul-03;23:06:05;0.224562015503876;NaN;34.444;34.422;1;5.276;7;8.115;7;256;NaN;NaN
NED2003036_111;MFD_SETNO111;43.064333;61.571333;257405;263;13-jul-03;23:06:05;0.0380779069767442;5.249;31.837;31.897;1;4.7776;7;16.285;4;262;NaN;NaN
NED2003036_112;MFD_SETNO112;43.300167;61.171167;257412;5;14-jul-03;02:03:10;0.27337984496124;5.791;NaN;33.089;1;3.9742;7;8.592;1;256;NaN;NaN
NED2003036_112;MFD_SETNO112;43.300167;61.171167;257411;25;14-jul-03;02:03:10;1.11056124031008;NaN;NaN;33.673;1;4.7699;7;6.703;1;256;NaN;NaN
NED2003036_112;MFD_SETNO112;43.300167;61.171167;257410;50;14-jul-03;02:03:10;0.867625968992248;NaN;34.409;34.399;1;4.853;7;8.153;7;256;NaN;NaN
NED2003036_112;MFD_SETNO112;43.300167;61.171167;257409;180;14-jul-03;02:03:10;NaN;5.4175;31.78;31.91;1;4.7682;1;17.221;4;6;NaN;NaN
NED2003036_113;MFD_SETNO113;43.3095;61.484167;257416;5;14-jul-03;04:15:19;0.239207364341085;6.286;NaN;33.653;1;3.9428;7;7.553;1;256;NaN;NaN
NED2003036_113;MFD_SETNO113;43.3095;61.484167;257415;25;14-jul-03;04:15:19;0.667606007751938;NaN;NaN;33.891;1;5.0035;7;6.156;1;256;NaN;NaN
NED2003036_113;MFD_SETNO113;43.3095;61.484167;257414;50;14-jul-03;04:15:19;0.0796174418604651;NaN;34.273;34.27;1;4.9748;7;7.526;7;256;NaN;NaN
NED2003036_113;MFD_SETNO113;43.3095;61.484167;257413;78;14-jul-03;04:15:19;NaN;5.539;31.708;31.723;1;4.91;1;17.145;4;6;NaN;NaN
NED2003036_114;MFD_SETNO114;43.202833;61.531333;257420;5;14-jul-03;05:57:32;0.283143410852713;5.8655;NaN;34.122;1;3.5704;7;9.675;1;256;NaN;NaN
NED2003036_114;MFD_SETNO114;43.202833;61.531333;257419;25;14-jul-03;05:57:32;1.09320872093023;NaN;NaN;33.854;1;4.5395;7;6.605;1;256;NaN;NaN
NED2003036_114;MFD_SETNO114;43.202833;61.531333;257418;50;14-jul-03;05:57:32;0.20503488372093;NaN;34.955;34.954;1;4.7181;7;4.888;7;256;NaN;NaN
NED2003036_114;MFD_SETNO114;43.202833;61.531333;257417;84;14-jul-03;05:57:32;NaN;5.2845;32.39;32.524;1;4.6009;1;15.046;4;6;NaN;NaN
NED2003036_115;MFD_SETNO115;43.17;61.698833;257424;5;14-jul-03;07:43:47;0.244089147286822;5.902;NaN;34.095;1;4.6135;7;11.275;4;262;NaN;NaN
NED2003036_115;MFD_SETNO115;43.17;61.698833;257423;25;14-jul-03;07:43:47;0.676748255813953;NaN;NaN;33.855;1;5.0401;7;6.695;1;256;NaN;NaN
NED2003036_115;MFD_SETNO115;43.17;61.698833;257422;50;14-jul-03;07:43:47;0.102118023255814;NaN;35.112;35.111;1;4.9519;7;8.907;7;256;NaN;NaN
NED2003036_115;MFD_SETNO115;43.17;61.698833;257421;88;14-jul-03;07:43:47;NaN;3.5825;32.859;33.064;1;3.2475;1;16.648;4;6;NaN;NaN
NED2003036_116;MFD_SETNO116;43.252167;61.848667;257428;5;14-jul-03;09:14:54;0.214798449612403;6.1165;NaN;33.331;1;4.0319;7;10.335;4;260;NaN;NaN
NED2003036_116;MFD_SETNO116;43.252167;61.848667;257427;25;14-jul-03;09:14:54;0.522350775193798;NaN;NaN;33.638;1;5.2571;7;6.968;1;256;NaN;NaN
NED2003036_116;MFD_SETNO116;43.252167;61.848667;257426;50;14-jul-03;09:14:54;0.517468992248062;NaN;34.986;34.942;1;4.991;7;10.086;4;260;NaN;NaN
NED2003036_116;MFD_SETNO116;43.252167;61.848667;257425;92;14-jul-03;09:14:54;NaN;4.881;33.094;32.952;1;4.5335;1;17.585;4;6;NaN;NaN
NED2003036_117;MFD_SETNO117;43.543167;61.955667;257432;5;14-jul-03;11:36:53;0.185507751937984;6.232;NaN;33.144;1;4.1886;7;7.861;1;256;NaN;NaN
NED2003036_117;MFD_SETNO117;43.543167;61.955667;257431;25;14-jul-03;11:36:53;0.551641472868217;NaN;NaN;33.397;1;5.2801;7;3.612;1;256;NaN;NaN
NED2003036_117;MFD_SETNO117;43.543167;61.955667;257430;50;14-jul-03;11:36:53;0.195271317829457;NaN;33.379;33.354;1;5.1746;7;3.291;7;256;NaN;NaN
NED2003036_117;MFD_SETNO117;43.543167;61.955667;257429;84;14-jul-03;11:36:53;0.0878720930232558;6.5885;32.026;32.059;1;5.417;7;14.802;4;262;NaN;NaN
NED2003036_118;MFD_SETNO118;43.570667;61.886333;257436;5;14-jul-03;13:10:18;0.161098837209302;5.8495;NaN;32.959;1;4.2547;7;8.583;1;256;NaN;NaN
NED2003036_118;MFD_SETNO118;43.570667;61.886333;257435;25;14-jul-03;13:10:18;0.458887596899225;NaN;NaN;33.398;1;5.3515;7;3.725;1;256;NaN;NaN
NED2003036_118;MFD_SETNO118;43.570667;61.886333;257434;50;14-jul-03;13:10:18;0.156217054263566;NaN;33.473;33.475;1;5.5249;7;4.098;7;256;NaN;NaN
NED2003036_118;MFD_SETNO118;43.570667;61.886333;257433;78;14-jul-03;13:10:18;0.0976356589147287;6.5025;32.572;32.524;1;6.2615;7;15.699;4;262;NaN;NaN
NED2003036_119;MFD_SETNO119;43.7855;62.079833;257440;5;14-jul-03;15:43:15;0.239207364341085;6.159;NaN;32.787;1;3.9931;7;11.89;4;262;NaN;NaN
NED2003036_119;MFD_SETNO119;43.7855;62.079833;257439;25;14-jul-03;15:43:15;0.488178294573643;NaN;NaN;33.587;1;5.2464;7;6.286;1;256;NaN;NaN
NED2003036_119;MFD_SETNO119;43.7855;62.079833;257438;50;14-jul-03;15:43:15;0.449124031007752;NaN;33.82;33.81;1;5.1253;7;5.867;7;256;NaN;NaN
NED2003036_119;MFD_SETNO119;43.7855;62.079833;257437;112;14-jul-03;15:43:15;0.078108527131783;6.062;32.652;32.71;1;5.1608;7;16.139;4;262;NaN;NaN
NED2003036_120;MFD_SETNO120;44.138167;61.734333;257444;5;14-jul-03;19:21:38;0.395424418604651;5.9085;NaN;32.479;1;4.6292;7;8.388;1;256;NaN;NaN
NED2003036_120;MFD_SETNO120;44.138167;61.734333;257443;25;14-jul-03;19:21:38;0.971741085271318;NaN;NaN;32.798;1;4.9067;7;2.802;1;256;NaN;NaN
NED2003036_120;MFD_SETNO120;44.138167;61.734333;257442;50;14-jul-03;19:21:38;1.16261879844961;NaN;33.543;33.519;1;4.9248;7;5.118;7;256;NaN;NaN
NED2003036_120;MFD_SETNO120;44.138167;61.734333;257441;124;14-jul-03;19:21:38;0.0927538759689922;5.389;32.487;32.499;1;4.8124;7;15.945;4;262;NaN;NaN
NED2003036_121;MFD_SETNO121;44.1365;61.331833;257448;5;14-jul-03;21:56:05;0.35637015503876;5.8435;NaN;32.335;1;4.2293;7;7.026;1;256;NaN;NaN
NED2003036_121;MFD_SETNO121;44.1365;61.331833;257447;25;14-jul-03;21:56:05;0.678567829457364;NaN;NaN;33.148;1;5.2719;7;5.912;1;256;NaN;NaN
NED2003036_121;MFD_SETNO121;44.1365;61.331833;257446;50;14-jul-03;21:56:05;0.785967054263566;NaN;33.341;33.326;1;5.4452;7;4.147;7;256;NaN;NaN
NED2003036_121;MFD_SETNO121;44.1365;61.331833;257445;122;14-jul-03;21:56:05;0.0927538759689922;6.2875;32.059;31.959;1;5.3066;7;16.37;4;262;NaN;NaN
NED2003036_122;MFD_SETNO122;44.142;61.250833;257452;5;14-jul-03;22:38:47;NaN;5.9115;NaN;32.416;1;4.3575;1;6.649;1;0;NaN;NaN
NED2003036_122;MFD_SETNO122;44.142;61.250833;257451;25;14-jul-03;22:38:47;1.11056124031008;NaN;NaN;32.797;1;5.701;7;3.25;1;256;NaN;NaN
NED2003036_122;MFD_SETNO122;44.142;61.250833;257450;50;14-jul-03;22:38:47;0.322197674418605;NaN;34.182;34.155;1;5.5844;7;7.592;7;256;NaN;NaN
NED2003036_122;MFD_SETNO122;44.142;61.250833;257449;87;14-jul-03;22:38:47;NaN;4.2935;32.025;32.059;1;4.362;1;16.59;4;6;NaN;NaN
NED2003036_123;MFD_SETNO123;44.2885;61.084333;257456;5;15-jul-03;01:29:06;0.478414728682171;6.779;NaN;31.969;1;3.1667;7;7.069;1;256;NaN;NaN
NED2003036_123;MFD_SETNO123;44.2885;61.084333;257455;25;15-jul-03;01:29:06;1.37084903100775;NaN;NaN;32.834;1;3.1532;7;5.001;1;256;NaN;NaN
NED2003036_123;MFD_SETNO123;44.2885;61.084333;257454;50;15-jul-03;01:29:06;0.146453488372093;NaN;33.066;33.061;1;2.8965;7;5.697;7;256;NaN;NaN
NED2003036_123;MFD_SETNO123;44.2885;61.084333;257453;70;15-jul-03;01:29:06;0.165980620155039;5.972;31.625;31.644;1;2.9323;7;16.556;4;262;NaN;NaN
NED2003036_124;MFD_SETNO124;44.193667;60.999833;257460;5;15-jul-03;02:58:54;0.278261627906977;5.824;NaN;32.169;1;4.0034;7;7.048;1;256;NaN;NaN
NED2003036_124;MFD_SETNO124;44.193667;60.999833;257459;25;15-jul-03;02:58:54;0.712740310077519;NaN;NaN;32.657;1;4.8167;7;2.794;1;256;NaN;NaN
NED2003036_124;MFD_SETNO124;44.193667;60.999833;257458;50;15-jul-03;02:58:54;0.336843023255814;NaN;34.254;34.221;1;4.9605;7;7.934;7;768;NaN;NaN
NED2003036_124;MFD_SETNO124;44.193667;60.999833;257457;62;15-jul-03;02:58:54;NaN;3.551;31.784;31.797;1;3.5791;7;12.251;4;518;NaN;NaN
NED2003036_125;MFD_SETNO125;44.125167;60.779167;257462;5;15-jul-03;04:44:23;0.483296511627907;NaN;33.922;33.872;1;5.0994;7;6.724;7;256;NaN;NaN
NED2003036_125;MFD_SETNO125;44.125167;60.779167;257461;24;15-jul-03;04:44:23;0.131808139534884;4.039;31.251;31.267;1;4.3327;7;16.611;4;262;NaN;NaN
NED2003036_126;MFD_SETNO126;44.031333;60.919333;257465;5;15-jul-03;06:38:34;0.239207364341085;5.3315;31.718;31.69;1;5;7;16.887;4;262;NaN;NaN
NED2003036_126;MFD_SETNO126;44.031333;60.919333;257464;25;15-jul-03;06:38:34;0.307552325581395;5.8175;NaN;32.509;1;4.3386;7;5.996;1;256;NaN;NaN
NED2003036_126;MFD_SETNO126;44.031333;60.919333;257463;43;15-jul-03;06:38:34;1.5443742248062;NaN;NaN;32.782;1;5.1658;7;2.725;1;256;NaN;NaN
NED2003036_127;MFD_SETNO127;43.973;61.288333;257469;5;15-jul-03;08:51:48;1.66584186046512;6.529;31.694;31.818;1;5.2114;7;16.746;4;262;NaN;NaN
NED2003036_127;MFD_SETNO127;43.973;61.288333;257468;25;15-jul-03;08:51:48;0.27337984496124;5.781;NaN;32.352;1;4.5167;7;6.311;1;256;NaN;NaN
NED2003036_127;MFD_SETNO127;43.973;61.288333;257467;50;15-jul-03;08:51:48;0.737149224806201;NaN;NaN;32.595;1;5.1295;7;3.656;1;256;NaN;NaN
NED2003036_127;MFD_SETNO127;43.973;61.288333;257466;68;15-jul-03;08:51:48;0.639513565891473;NaN;33.289;33.257;1;5.6274;7;4.329;7;256;NaN;NaN
NED2003036_128;MFD_SETNO128;43.8915;61.171167;257472;5;15-jul-03;10:21:59;0.375897286821705;5.725;NaN;32.108;1;4.5818;7;7.388;1;256;NaN;NaN
NED2003036_128;MFD_SETNO128;43.8915;61.171167;257471;25;15-jul-03;10:21:59;0.937036046511628;NaN;NaN;32.338;1;4.956;7;4.023;1;256;NaN;NaN
NED2003036_128;MFD_SETNO128;43.8915;61.171167;257470;55;15-jul-03;10:21:59;1.7352519379845;NaN;32.568;32.597;1;5.3582;7;3.043;7;256;NaN;NaN
NED2003036_130;MFD_SETNO130;43.7715;61.050833;257475;5;15-jul-03;12:16:04;0.591672093023256;NaN;NaN;32.418;1;4.9812;7;3.637;1;256;NaN;NaN
NED2003036_130;MFD_SETNO130;43.7715;61.050833;257474;25;15-jul-03;12:16:04;2.86316569767442;NaN;32.411;32.39;1;5.0996;7;3.634;7;256;NaN;NaN
NED2003036_130;MFD_SETNO130;43.7715;61.050833;257473;52;15-jul-03;12:16:04;2.42935271317829;6.5455;31.818;31.836;1;5.3499;7;16.659;4;262;NaN;NaN
NED2003036_131;MFD_SETNO131;43.657667;61.365167;257479;5;15-jul-03;15:32:57;0.615104651162791;6.5505;31.939;31.922;1;5.0157;7;9.98;7;256;NaN;NaN
NED2003036_131;MFD_SETNO131;43.657667;61.365167;257478;25;15-jul-03;15:32:57;0.751794573643411;6.697;31.849;31.871;1;5.8643;7;15.75;4;262;NaN;NaN
NED2003036_131;MFD_SETNO131;43.657667;61.365167;257476;56;15-jul-03;15:32:57;0.307552325581395;5.889;NaN;32.272;1;4.3822;7;7.504;1;256;NaN;NaN
NED2003036_132;MFD_SETNO132;43.6435;60.711667;257483;5;15-jul-03;19:10:04;1.80466201550388;6.3115;31.887;32.148;1;5.343;7;14.79;4;262;NaN;NaN
NED2003036_132;MFD_SETNO132;43.6435;60.711667;257482;25;15-jul-03;19:10:04;0.278261627906977;6.2025;NaN;32.219;1;4.6496;7;6.791;1;256;NaN;NaN
NED2003036_132;MFD_SETNO132;43.6435;60.711667;257481;50;15-jul-03;19:10:04;1.59643178294574;NaN;32.121;32.137;1;5.333;7;6.507;7;256;NaN;NaN
NED2003036_132;MFD_SETNO132;43.6435;60.711667;257480;61;15-jul-03;19:10:04;1.52702170542636;6.982;31.923;32.783;1;5.7184;7;11.753;4;262;NaN;NaN
NED2003036_133;MFD_SETNO133;43.347;60.6065;257487;5;15-jul-03;22:33:58;2.04759728682171;6.896;31.968;32.063;1;5.5283;7;16.468;4;262;NaN;NaN
NED2003036_133;MFD_SETNO133;43.347;60.6065;257486;25;15-jul-03;22:33:58;0.331961240310078;5.8385;NaN;32.36;1;4.9661;7;5.932;1;256;NaN;NaN
NED2003036_133;MFD_SETNO133;43.347;60.6065;257485;50;15-jul-03;22:33:58;1.02379864341085;NaN;NaN;32.691;1;5.2348;7;2.953;1;256;NaN;NaN
NED2003036_133;MFD_SETNO133;43.347;60.6065;257484;358;15-jul-03;22:33:58;0.919683527131783;NaN;32.768;32.775;1;5.2711;7;3.036;7;256;NaN;NaN
NED2003036_134;MFD_SETNO134;43.565;60.407667;257491;5;16-jul-03;00:58:09;1.3882015503876;NaN;32.41;32.393;1;5.4969;7;4.957;7;256;NaN;NaN
NED2003036_134;MFD_SETNO134;43.565;60.407667;257490;25;16-jul-03;00:58:09;2.80631511627907;7.235;31.943;32.017;1;5.8032;7;14.681;4;262;NaN;NaN
NED2003036_134;MFD_SETNO134;43.565;60.407667;257489;50;16-jul-03;00:58:09;0.307552325581395;6.075;NaN;32.237;1;4.6308;7;6.066;1;256;NaN;NaN
NED2003036_134;MFD_SETNO134;43.565;60.407667;257488;74;16-jul-03;00:58:09;0.728805813953488;NaN;32.444;32.438;1;5.2647;7;3.987;7;256;NaN;NaN
NED2003036_135;MFD_SETNO135;43.792667;60.127667;257494;5;16-jul-03;03:34:42;2.238475;NaN;32.459;32.439;1;5.3414;7;4.527;7;256;NaN;NaN
NED2003036_135;MFD_SETNO135;43.792667;60.127667;257493;25;16-jul-03;03:34:42;1.8914246124031;7.187;31.927;31.862;1;6.1246;7;15.445;4;262;NaN;NaN
NED2003036_135;MFD_SETNO135;43.792667;60.127667;257492;57;16-jul-03;03:34:42;0.331961240310078;6.369;NaN;32.202;1;4.6179;7;6.779;1;256;NaN;NaN
NED2003036_136;MFD_SETNO136;44.105667;60.271167;257498;5;16-jul-03;07:24:25;1.07585620155039;NaN;NaN;32.589;1;5.4553;7;3.739;1;256;NaN;NaN
NED2003036_136;MFD_SETNO136;44.105667;60.271167;257497;25;16-jul-03;07:24:25;1.96083468992248;NaN;32.599;32.581;1;5.5304;7;3.708;7;256;NaN;NaN
NED2003036_136;MFD_SETNO136;44.105667;60.271167;257496;50;16-jul-03;07:24:25;2.18641744186047;6.9005;32.276;32.216;1;5.655;7;14.816;4;262;NaN;NaN
NED2003036_136;MFD_SETNO136;44.105667;60.271167;257495;67;16-jul-03;07:24:25;0.327079457364341;6.066;NaN;32.327;1;4.5239;7;7.122;1;256;NaN;NaN
NED2003036_137;MFD_SETNO137;44.072167;59.699833;257703;5;16-jul-03;10:14:09;0.414951550387597;NaN;34.978;34.96;1;4.8825;7;6.229;7;256;NaN;NaN
NED2003036_137;MFD_SETNO137;44.072167;59.699833;257702;25;16-jul-03;10:14:09;NaN;4.361;31.644;31.856;1;3.7702;1;14.485;4;6;NaN;NaN
NED2003036_137;MFD_SETNO137;44.072167;59.699833;257701;53;16-jul-03;10:14:09;0.385660852713178;6.171;NaN;32.17;1;3.8671;7;6.828;1;256;NaN;NaN
NED2003036_138;MFD_SETNO138;44.3575;59.2195;257707;5;16-jul-03;13:40:30;0.919683527131783;NaN;32.932;32.911;1;5.5522;7;2.036;7;256;NaN;NaN
NED2003036_138;MFD_SETNO138;44.3575;59.2195;257706;25;16-jul-03;13:40:30;1.35349651162791;6.8745;32.3;32.337;1;5.7584;7;18.424;4;262;NaN;NaN
NED2003036_138;MFD_SETNO138;44.3575;59.2195;257705;50;16-jul-03;13:40:30;0.307552325581395;5.664;NaN;33.402;1;4.0541;7;11.149;4;262;NaN;NaN
NED2003036_138;MFD_SETNO138;44.3575;59.2195;257704;183;16-jul-03;13:40:30;0.654158914728682;NaN;NaN;33.732;1;5.3673;7;7.078;1;256;NaN;NaN
NED2003036_139;MFD_SETNO139;44.382167;59.331333;257711;5;16-jul-03;16:19:58;3.53387829457364;NaN;32.259;32.259;1;5.706;7;5.411;7;256;NaN;NaN
NED2003036_139;MFD_SETNO139;44.382167;59.331333;257710;25;16-jul-03;16:19:58;2.88051821705426;6.7995;31.938;32.451;1;5.7091;7;14.856;4;262;NaN;NaN
NED2003036_139;MFD_SETNO139;44.382167;59.331333;257709;50;16-jul-03;16:19:58;0.35637015503876;6.1345;NaN;32.767;1;4.9899;7;3.656;1;256;NaN;NaN
NED2003036_139;MFD_SETNO139;44.382167;59.331333;257708;189;16-jul-03;16:19:58;3.68978468992248;NaN;NaN;32.855;1;5.4472;7;2.276;1;256;NaN;NaN
NED2003036_140;MFD_SETNO140;44.644;59.644333;257715;5;16-jul-03;19:16:34;1.09320872093023;NaN;NaN;32.5;1;5.4763;7;3.851;1;256;NaN;NaN
NED2003036_140;MFD_SETNO140;44.644;59.644333;257714;25;16-jul-03;19:16:34;0.954388565891473;NaN;32.79;32.793;1;5.3838;7;1.983;7;256;NaN;NaN
NED2003036_140;MFD_SETNO140;44.644;59.644333;257713;50;16-jul-03;19:16:34;0.607338178294573;6.755;31.825;32.769;1;5.5175;7;10.509;4;260;NaN;NaN
NED2003036_140;MFD_SETNO140;44.644;59.644333;257712;76;16-jul-03;19:16:34;1.42290658914729;6.707;NaN;32.05;1;4.6582;7;7.961;1;256;NaN;NaN
NED2003036_141;MFD_SETNO141;44.459333;59.787167;257718;5;16-jul-03;21:30:30;1.64848934108527;NaN;32.218;32.259;1;5.3921;7;4.366;7;256;NaN;NaN
NED2003036_141;MFD_SETNO141;44.459333;59.787167;257717;25;16-jul-03;21:30:30;1.40555406976744;6.652;31.772;31.649;1;5.3668;7;12.545;4;262;NaN;NaN
NED2003036_141;MFD_SETNO141;44.459333;59.787167;257716;50;16-jul-03;21:30:30;0.676748255813953;6.3835;NaN;31.967;1;4.5735;7;10.083;4;260;NaN;NaN
NED2003036_142;MFD_SETNO142;44.516667;59.900833;257722;5;16-jul-03;23:00:19;1.52702170542636;NaN;NaN;32.71;1;5.5789;7;2.248;1;256;NaN;NaN
NED2003036_142;MFD_SETNO142;44.516667;59.900833;257721;25;16-jul-03;23:00:19;1.0411511627907;NaN;34.13;34.119;1;5.5592;7;4.567;7;256;NaN;NaN
NED2003036_142;MFD_SETNO142;44.516667;59.900833;257720;50;16-jul-03;23:00:19;NaN;5.4515;31.658;31.715;1;5.1348;1;13.783;4;6;NaN;NaN
NED2003036_142;MFD_SETNO142;44.516667;59.900833;257719;72;16-jul-03;23:00:19;0.454005813953488;6.0815;NaN;31.974;1;4.4499;7;9.724;3;272;NaN;NaN
NED2003036_143;MFD_SETNO143;44.46;60.1015;257726;5;17-jul-03;01:09:00;1.09320872093023;NaN;NaN;32.62;1;5.2688;7;2.212;1;256;NaN;NaN
NED2003036_143;MFD_SETNO143;44.46;60.1015;257725;25;17-jul-03;01:09:00;NaN;NaN;34.299;34.295;1;5.2895;1;4.494;7;256;NaN;NaN
NED2003036_143;MFD_SETNO143;44.46;60.1015;257724;50;17-jul-03;01:09:00;0.0829903100775194;5.4185;31.47;31.654;1;5.0356;7;12.422;4;262;NaN;NaN
NED2003036_143;MFD_SETNO143;44.46;60.1015;257723;118;17-jul-03;01:09:00;0.405187984496124;6.277;NaN;32.058;1;4.532;7;5.761;1;256;NaN;NaN
NED2003036_144;MFD_SETNO144;44.337167;60.105667;257730;5;17-jul-03;02:47:41;0.746158333333333;NaN;NaN;32.29;1;5.5134;7;2.354;1;256;NaN;NaN
NED2003036_144;MFD_SETNO144;44.337167;60.105667;257729;25;17-jul-03;02:47:41;2.65040872093023;NaN;32.66;32.643;1;5.8522;7;1.556;7;256;NaN;NaN
NED2003036_144;MFD_SETNO144;44.337167;60.105667;257728;50;17-jul-03;02:47:41;0.122044573643411;6.491;31.486;31.515;1;5.755;7;13.639;4;262;NaN;NaN
NED2003036_144;MFD_SETNO144;44.337167;60.105667;257727;112;17-jul-03;02:47:41;0.346606589147287;6.105;NaN;31.826;1;4.1291;7;7.209;1;256;NaN;NaN
NED2003036_145;MFD_SETNO145;44.413333;60.2755;257734;5;17-jul-03;04:43:11;0.454005813953488;6.1035;NaN;32.01;1;4.1039;7;5.059;1;256;NaN;NaN
NED2003036_145;MFD_SETNO145;44.413333;60.2755;257733;25;17-jul-03;04:43:11;1.0411511627907;NaN;32.295;32.315;1;5.2993;7;2.37;7;256;NaN;NaN
NED2003036_145;MFD_SETNO145;44.413333;60.2755;257732;50;17-jul-03;04:43:11;1.47496414728682;6.985;31.145;31.152;1;5.6229;7;15.549;4;262;NaN;NaN
NED2003036_145;MFD_SETNO145;44.413333;60.2755;257731;65;17-jul-03;04:43:11;0.419833333333333;5.945;NaN;32.249;1;4.712;7;5.46;1;256;NaN;NaN
NED2003036_146;MFD_SETNO146;44.4975;60.378833;257737;5;17-jul-03;06:26:54;1.33614399224806;NaN;NaN;32.324;1;5.7668;7;2.331;1;256;NaN;NaN
NED2003036_146;MFD_SETNO146;44.4975;60.378833;257736;25;17-jul-03;06:26:54;2.18641744186047;NaN;32.47;32.462;1;6.0211;7;2.255;7;256;NaN;NaN
NED2003036_146;MFD_SETNO146;44.4975;60.378833;257735;48;17-jul-03;06:26:54;1.33614399224806;6.864;31.638;31.8;1;6.0795;7;13.943;4;262;NaN;NaN
NED2003036_147;MFD_SETNO147;44.529167;60.637333;257740;5;17-jul-03;08:20:59;1.1973238372093;NaN;33.402;33.378;1;5.444;7;2.911;7;256;NaN;NaN
NED2003036_147;MFD_SETNO147;44.529167;60.637333;257739;25;17-jul-03;08:20:59;0.122044573643411;6.017;31.616;31.99;1;5.5476;7;13.703;4;262;NaN;NaN
NED2003036_147;MFD_SETNO147;44.529167;60.637333;257738;45;17-jul-03;08:20:59;0.414951550387597;6.2005;NaN;32.123;1;4.3965;7;4.847;1;256;NaN;NaN
NED2003036_148;MFD_SETNO148;44.419667;60.654333;257743;5;17-jul-03;09:56:45;0.0761558139534884;5.7685;31.065;31.045;1;5.3919;7;15.128;4;262;NaN;NaN
NED2003036_148;MFD_SETNO148;44.419667;60.654333;257742;25;17-jul-03;09:56:45;0.346606589147287;5.9315;NaN;32.298;1;4.9411;7;6.224;1;256;NaN;NaN
NED2003036_148;MFD_SETNO148;44.419667;60.654333;257741;53;17-jul-03;09:56:45;0.798215891472868;NaN;NaN;32.447;1;5.3182;7;2.054;1;256;NaN;NaN
NED2003036_150;MFD_SETNO150;44.4775;60.959;257747;5;17-jul-03;12:49:51;0.385660852713178;7.058;31.1;31.155;1;5.8116;7;14.282;4;262;NaN;NaN
NED2003036_150;MFD_SETNO150;44.4775;60.959;257746;25;17-jul-03;12:49:51;0.253852713178295;6.0795;NaN;32.018;1;4.8197;7;4.43;1;256;NaN;NaN
NED2003036_150;MFD_SETNO150;44.4775;60.959;257745;50;17-jul-03;12:49:51;0.639513565891473;NaN;NaN;32.63;1;5.3419;7;1.241;1;256;NaN;NaN
NED2003036_150;MFD_SETNO150;44.4775;60.959;257744;89;17-jul-03;12:49:51;0.166158139534884;NaN;32.672;32.666;1;5.2322;7;1.28;7;256;NaN;NaN
NED2003036_151;MFD_SETNO151;44.603833;60.852333;257751;5;17-jul-03;14:24:07;1.30143895348837;NaN;32.023;32.035;1;5.4311;7;3.174;7;256;NaN;NaN
NED2003036_151;MFD_SETNO151;44.603833;60.852333;257750;35;17-jul-03;14:24:07;1.11056124031008;7.0145;31.082;31.086;1;6.0197;7;14.103;4;262;NaN;NaN
NED2003036_151;MFD_SETNO151;44.603833;60.852333;257749;50;17-jul-03;14:24:07;0.027337984496124;6.0855;NaN;31.678;1;4.921;7;8.32;1;256;NaN;NaN
NED2003036_151;MFD_SETNO151;44.603833;60.852333;257748;73;17-jul-03;14:24:07;0.595577519379845;NaN;32.186;32.186;1;5.2371;7;2.41;7;256;NaN;NaN
NED2003036_153;MFD_SETNO153;44.742;61.006167;257755;5;17-jul-03;18:04:16;0.429596899224806;5.9955;NaN;32.273;1;5.3177;7;4.893;1;256;NaN;NaN
NED2003036_153;MFD_SETNO153;44.742;61.006167;257754;36;17-jul-03;18:04:16;1.28408643410853;NaN;32.609;32.594;1;5.575;7;1.549;7;256;NaN;NaN
NED2003036_153;MFD_SETNO153;44.742;61.006167;257753;50;17-jul-03;18:04:16;0.41006976744186;6.527;31.354;31.406;1;5.5901;7;13.969;4;262;NaN;NaN
NED2003036_153;MFD_SETNO153;44.742;61.006167;257752;154;17-jul-03;18:04:16;0.346606589147287;6.0695;NaN;32.052;1;4.5024;7;3.767;1;256;NaN;NaN
NED2003036_154;MFD_SETNO154;44.773833;61.280833;257759;5;17-jul-03;20:07:48;0.954388565891473;6.9415;NaN;32.213;1;2.8742;7;7.005;1;256;NaN;NaN
NED2003036_154;MFD_SETNO154;44.773833;61.280833;257758;40;17-jul-03;20:07:48;3.17009670542636;NaN;NaN;32.794;1;3.0275;7;5.195;1;256;NaN;NaN
NED2003036_154;MFD_SETNO154;44.773833;61.280833;257757;50;17-jul-03;20:07:48;0.146453488372093;NaN;32.989;32.995;1;2.8533;7;5.315;7;256;NaN;NaN
NED2003036_154;MFD_SETNO154;44.773833;61.280833;257756;88;17-jul-03;20:07:48;0.146453488372093;5.9885;31.301;31.806;1;2.7764;7;13.515;4;262;NaN;NaN
NED2003036_155;MFD_SETNO155;44.2655;63.318167;257769;1;18-jul-03;04:52:38;32.884;1.14526627906977;5.9105;5.385;1;1.804;7;32.889;4;262;NaN;NaN
NED2003036_155;MFD_SETNO155;44.2655;63.318167;257768;5;18-jul-03;04:52:38;31.604;NaN;31.857;NaN;9;16.025;7;31.604;4;774;NaN;NaN
NED2003036_155;MFD_SETNO155;44.2655;63.318167;257767;10;18-jul-03;04:52:38;0.41006976744186;4.6227;NaN;32.139;1;0.41006976744186;7;2.498;1;512;NaN;NaN
NED2003036_155;MFD_SETNO155;44.2655;63.318167;257766;20;18-jul-03;04:52:38;13.3295751937985;NaN;NaN;32.303;1;5.282;7;1.582;1;256;NaN;NaN
NED2003036_155;MFD_SETNO155;44.2655;63.318167;257765;30;18-jul-03;04:52:38;0.810375968992248;NaN;32.38;32.367;1;5.3726;7;1.357;7;256;NaN;NaN
NED2003036_155;MFD_SETNO155;44.2655;63.318167;257764;40;18-jul-03;04:52:38;0.439360465116279;6.657;31.704;31.682;1;5.5823;7;16.824;4;262;NaN;NaN
NED2003036_155;MFD_SETNO155;44.2655;63.318167;257763;50;18-jul-03;04:52:38;0.366133720930233;5.652;NaN;31.848;1;4.5826;7;4.955;1;256;NaN;NaN
NED2003036_155;MFD_SETNO155;44.2655;63.318167;257762;75;18-jul-03;04:52:38;1.17997131782946;NaN;NaN;32.262;1;5.2216;7;1.627;1;256;NaN;NaN
NED2003036_155;MFD_SETNO155;44.2655;63.318167;257761;100;18-jul-03;04:52:38;0.322197674418605;NaN;32.898;32.883;1;5.5703;7;1.873;7;256;NaN;NaN
NED2003036_155;MFD_SETNO155;44.2655;63.318167;257760;156;18-jul-03;04:52:38;0.161098837209302;6.2455;31.835;32.157;1;5.5158;7;11.161;4;262;NaN;NaN
