CTD;CTD;CTD;CTD;CTD;CTD;CTD;CTD;CTD;CTD;CTD;labo;labo;terrain;labo;labo;labo;labo;calc;calc
Fichier;Station;Latitude;Longitude;Echantillon;zbouteille;Date;Heure;PSAL;TEMP_XX;DOXY;OXY_XX;Q_OXY;TEMP_RT;Q_TEMP_RT;SSAL_BS;Q_SSAL;QCFF;N_P;N_Si
(nom);(nom/no);(degres);(degres);(no_unique);(dbar);(jj-mmm-yyyy);(GMT);(psu);(celsius);(ml/l);(ml/l);((none));(celsius);((none));(g/kg);((none));((none));((none));((none))
NED2011002_0;MFD_SETNO0;44.27;-63.3183;353010;4;05-feb-11;14:16:03;30.2818;1.977;NaN;NaN;9;1.977;1;30.2818;1;0;NaN;NaN
NED2011002_0;MFD_SETNO0;44.27;-63.3183;353009;6;05-feb-11;14:16:03;30.3818;1.979;NaN;NaN;9;1.979;1;30.3818;1;0;NaN;NaN
NED2011002_0;MFD_SETNO0;44.27;-63.3183;353008;10;05-feb-11;14:16:03;30.6218;1.98;NaN;NaN;9;1.98;1;30.6218;1;0;NaN;NaN
NED2011002_0;MFD_SETNO0;44.27;-63.3183;353007;20;05-feb-11;14:16:03;31.0118;2.2978;NaN;NaN;9;2.2978;1;31.0118;1;0;NaN;NaN
NED2011002_0;MFD_SETNO0;44.27;-63.3183;353006;30;05-feb-11;14:16:03;31.0444;2.35;NaN;NaN;9;2.35;1;31.0444;1;0;NaN;NaN
NED2011002_0;MFD_SETNO0;44.27;-63.3183;353005;40;05-feb-11;14:16:03;31.067;2.4054;NaN;NaN;9;2.4054;1;31.067;1;0;NaN;NaN
NED2011002_0;MFD_SETNO0;44.27;-63.3183;353004;50;05-feb-11;14:16:03;31.0821;2.42;NaN;NaN;9;2.42;1;31.0821;1;0;NaN;NaN
NED2011002_0;MFD_SETNO0;44.27;-63.3183;353003;76;05-feb-11;14:16:03;31.4512;2.516;NaN;NaN;9;2.516;1;31.4512;1;0;NaN;NaN
NED2011002_0;MFD_SETNO0;44.27;-63.3183;353002;102;05-feb-11;14:16:03;31.5363;2.7378;NaN;NaN;9;2.7378;1;31.5363;1;0;NaN;NaN
NED2011002_0;MFD_SETNO0;44.27;-63.3183;353001;147;05-feb-11;14:16:03;32.9864;5.2463;NaN;NaN;9;5.2463;1;32.9864;1;0;NaN;NaN
NED2011002_5;MFD_SETNO5;44.2635;-63.317;353020;2;18-feb-11;14:57:00;30.9469;1.4074;NaN;NaN;9;1.4074;1;30.9469;1;0;NaN;NaN
NED2011002_5;MFD_SETNO5;44.2635;-63.317;353019;6;18-feb-11;14:57:00;30.9518;1.3923;NaN;NaN;9;1.3923;1;30.9518;1;0;NaN;NaN
NED2011002_5;MFD_SETNO5;44.2635;-63.317;353018;10;18-feb-11;14:57:00;30.9551;1.4121;NaN;NaN;9;1.4121;1;30.9551;1;0;NaN;NaN
NED2011002_5;MFD_SETNO5;44.2635;-63.317;353017;21;18-feb-11;14:57:00;30.9626;1.4189;NaN;NaN;9;1.4189;1;30.9626;1;0;NaN;NaN
NED2011002_5;MFD_SETNO5;44.2635;-63.317;353016;31;18-feb-11;14:57:00;30.9698;1.3858;NaN;NaN;9;1.3858;1;30.9698;1;0;NaN;NaN
NED2011002_5;MFD_SETNO5;44.2635;-63.317;353015;42;18-feb-11;14:57:00;31.0774;1.5966;NaN;NaN;9;1.5966;1;31.0774;1;0;NaN;NaN
NED2011002_5;MFD_SETNO5;44.2635;-63.317;353014;52;18-feb-11;14:57:00;31.2743;2.2351;NaN;NaN;9;2.2351;1;31.2743;1;0;NaN;NaN
NED2011002_5;MFD_SETNO5;44.2635;-63.317;353013;76;18-feb-11;14:57:00;31.3797;2.3767;NaN;NaN;9;2.3767;1;31.3797;1;0;NaN;NaN
NED2011002_5;MFD_SETNO5;44.2635;-63.317;353012;101;18-feb-11;14:57:00;31.5308;2.3607;NaN;NaN;9;2.3607;1;31.5308;1;0;NaN;NaN
NED2011002_5;MFD_SETNO5;44.2635;-63.317;353011;162;18-feb-11;14:57:00;33.0422;5.2548;NaN;NaN;9;5.2548;1;33.0422;1;0;NaN;NaN
NED2011002_6;MFD_SETNO6;42.2782;-66.1423;353022;6;22-feb-11;18:27:16;31.5896;2.4783;5.20131;5.20131;1;2.4783;1;31.5896;1;0;NaN;NaN
NED2011002_6;MFD_SETNO6;42.2782;-66.1423;353021;258;22-feb-11;18:27:16;35.1423;8.9665;2.88726;2.88726;1;8.9665;1;35.1423;1;0;NaN;NaN
NED2011002_7;MFD_SETNO7;42.1608;-65.8878;353024;5;22-feb-11;20:50:39;32.1185;3.7581;5.39961;5.39961;1;3.7581;1;32.1185;1;0;NaN;NaN
NED2011002_7;MFD_SETNO7;42.1608;-65.8878;353023;239;22-feb-11;20:50:39;35.1152;9.5974;3.10049;3.10049;1;9.5974;1;35.1152;1;0;NaN;NaN
NED2011002_8;MFD_SETNO8;42.0952;-66.1128;353026;5;22-feb-11;23:56:50;31.4703;2.9443;5.49472;5.49472;1;2.9443;1;31.4703;1;0;NaN;NaN
NED2011002_8;MFD_SETNO8;42.0952;-66.1128;353025;92;22-feb-11;23:56:50;33.7293;7.4306;4.21726;4.21726;1;7.4306;1;33.7293;1;0;NaN;NaN
NED2011002_11;MFD_SETNO11;41.9865;-66.2072;353028;5;23-feb-11;07:36:57;31.7442;3.3663;5.42123;5.42123;1;3.3663;1;31.7442;1;0;NaN;NaN
NED2011002_11;MFD_SETNO11;41.9865;-66.2072;353027;85;23-feb-11;07:36:57;32.7263;5.6578;4.9606;4.9606;1;5.6578;1;32.7263;1;0;NaN;NaN
NED2011002_13;MFD_SETNO13;42.055;-66.3582;353030;6;23-feb-11;13:04:22;31.7853;3.4438;5.43594;5.43594;1;3.4438;1;31.7853;1;0;NaN;NaN
NED2011002_13;MFD_SETNO13;42.055;-66.3582;353029;86;23-feb-11;13:04:22;32.9332;5.8445;4.98967;4.98967;1;5.8445;1;32.9332;1;0;NaN;NaN
NED2011002_15;MFD_SETNO15;41.8965;-66.552;353032;4;23-feb-11;18:05:18;32.3999;4.7389;5.2821;5.2821;1;4.7389;1;32.3999;1;0;NaN;NaN
NED2011002_15;MFD_SETNO15;41.8965;-66.552;353031;75;23-feb-11;18:05:18;32.4029;4.7407;5.28158;5.28158;1;4.7407;1;32.4029;1;0;NaN;NaN
NED2011002_16;MFD_SETNO16;41.9068;-66.792;353034;4;23-feb-11;21:07:41;32.8037;5.3504;5.24985;5.24985;1;5.3504;1;32.8037;1;0;NaN;NaN
NED2011002_16;MFD_SETNO16;41.9068;-66.792;353033;63;23-feb-11;21:07:41;32.7991;5.346;5.29504;5.29504;1;5.346;1;32.7991;1;0;NaN;NaN
NED2011002_18;MFD_SETNO18;41.9838;-66.6873;353036;7;24-feb-11;01:24:33;32.6857;5.2033;5.25928;5.25928;1;5.2033;1;32.6857;1;0;NaN;NaN
NED2011002_18;MFD_SETNO18;41.9838;-66.6873;353035;66;24-feb-11;01:24:33;32.6841;5.1999;4.65517;4.65517;1;5.1999;1;32.6841;1;0;NaN;NaN
NED2011002_20;MFD_SETNO20;42.1042;-66.5548;353038;6;24-feb-11;06:36:14;32.3221;4.4223;4.71275;4.71275;1;4.4223;1;32.3221;1;0;NaN;NaN
NED2011002_20;MFD_SETNO20;42.1042;-66.5548;353037;83;24-feb-11;06:36:14;32.8296;5.5935;4.62125;4.62125;1;5.5935;1;32.8296;1;0;NaN;NaN
NED2011002_21;MFD_SETNO21;42.149;-66.5695;353040;5;24-feb-11;09:12:31;32.0736;3.9421;4.93964;4.93964;1;3.9421;1;32.0736;1;0;NaN;NaN
NED2011002_21;MFD_SETNO21;42.149;-66.5695;353039;94;24-feb-11;09:12:31;32.92;5.7972;4.62977;4.62977;1;5.7972;1;32.92;1;0;NaN;NaN
NED2011002_27;MFD_SETNO27;42.1122;-66.7605;353042;5;24-feb-11;21:49:02;32.6565;5.1676;5.08844;5.08844;1;5.1676;1;32.6565;1;0;NaN;NaN
NED2011002_27;MFD_SETNO27;42.1122;-66.7605;353041;69;24-feb-11;21:49:02;32.7165;5.2678;4.97296;4.97296;1;5.2678;1;32.7165;1;0;NaN;NaN
NED2011002_28;MFD_SETNO28;41.8837;-66.0302;353044;6;27-feb-11;11:38:53;31.7966;3.0642;5.5296;5.5296;1;3.0642;1;31.7966;1;0;NaN;NaN
NED2011002_28;MFD_SETNO28;41.8837;-66.0302;353043;90;27-feb-11;11:38:53;32.8494;5.7848;5.00701;5.00701;1;5.7848;1;32.8494;1;0;NaN;NaN
NED2011002_29;MFD_SETNO29;41.8325;-66.1418;353046;6;27-feb-11;14:01:26;32.6055;5.2241;4.76465;4.76465;1;5.2241;1;32.6055;1;0;NaN;NaN
NED2011002_29;MFD_SETNO29;41.8325;-66.1418;353045;87;27-feb-11;14:01:26;32.6586;5.3326;4.85581;4.85581;1;5.3326;1;32.6586;1;0;NaN;NaN
NED2011002_30;MFD_SETNO30;41.8797;-66.272;353048;5;27-feb-11;16:21:10;32.2687;4.4833;4.76324;4.76324;1;4.4833;1;32.2687;1;0;NaN;NaN
NED2011002_30;MFD_SETNO30;41.8797;-66.272;353047;83;27-feb-11;16:21:10;32.4882;4.9304;4.91191;4.91191;1;4.9304;1;32.4882;1;0;NaN;NaN
NED2011002_33;MFD_SETNO33;41.7035;-66.3145;353050;7;27-feb-11;21:10:56;32.3387;4.7297;5.1178;5.1178;1;4.7297;1;32.3387;1;0;NaN;NaN
NED2011002_33;MFD_SETNO33;41.7035;-66.3145;353049;81;27-feb-11;21:10:56;32.3319;4.7146;4.98552;4.98552;1;4.7146;1;32.3319;1;0;NaN;NaN
NED2011002_34;MFD_SETNO34;41.7823;-66.1298;353052;5;27-feb-11;23:37:38;32.4108;4.83;5.21613;5.21613;1;4.83;1;32.4108;1;0;NaN;NaN
NED2011002_34;MFD_SETNO34;41.7823;-66.1298;353051;87;27-feb-11;23:37:38;32.792;5.6635;5.11592;5.11592;1;5.6635;1;32.792;1;0;NaN;NaN
NED2011002_35;MFD_SETNO35;41.7018;-65.8643;353054;5;28-feb-11;04:02:02;32.078;3.6103;5.5767;5.5767;1;3.6103;1;32.078;1;0;NaN;NaN
NED2011002_35;MFD_SETNO35;41.7018;-65.8643;353053;123;28-feb-11;04:02:02;33.3766;7.0133;4.65709;4.65709;1;7.0133;1;33.3766;1;0;NaN;NaN
NED2011002_37;MFD_SETNO37;41.6535;-65.842;353056;6;28-feb-11;07:59:49;32.2157;3.9111;5.69174;5.69174;1;3.9111;1;32.2157;1;0;NaN;NaN
NED2011002_37;MFD_SETNO37;41.6535;-65.842;353055;214;28-feb-11;07:59:49;35.1534;9.669;3.26185;3.26185;1;9.669;1;35.1534;1;0;NaN;NaN
NED2011002_41;MFD_SETNO41;41.3957;-66.1565;353058;5;28-feb-11;15:52:56;32.1058;3.8428;5.69676;5.69676;1;3.8428;1;32.1058;1;0;NaN;NaN
NED2011002_41;MFD_SETNO41;41.3957;-66.1565;353057;253;28-feb-11;15:52:56;35.185;9.5854;3.15508;3.15508;1;9.5854;1;35.185;1;0;NaN;NaN
NED2011002_43;MFD_SETNO43;41.5072;-66.434;353060;4;28-feb-11;19:58:23;32.29;4.6166;5.53836;5.53836;1;4.6166;1;32.29;1;0;NaN;NaN
NED2011002_43;MFD_SETNO43;41.5072;-66.434;353059;88;28-feb-11;19:58:23;32.3478;4.7214;5.43419;5.43419;1;4.7214;1;32.3478;1;0;NaN;NaN
NED2011002_46;MFD_SETNO46;41.6437;-66.43;353062;5;04-mar-11;12:53:20;32.3957;4.6595;5.25462;5.25462;1;4.6595;1;32.3957;1;0;NaN;NaN
NED2011002_46;MFD_SETNO46;41.6437;-66.43;353061;79;04-mar-11;12:53:20;32.4112;4.7316;5.39718;5.39718;1;4.7316;1;32.4112;1;0;NaN;NaN
NED2011002_48;MFD_SETNO48;41.7118;-66.5483;353064;6;04-mar-11;15:46:51;32.3404;4.5961;5.42424;5.42424;1;4.5961;1;32.3404;1;0;NaN;NaN
NED2011002_48;MFD_SETNO48;41.7118;-66.5483;353063;73;04-mar-11;15:46:51;32.3556;4.5935;5.55463;5.55463;1;4.5935;1;32.3556;1;0;NaN;NaN
NED2011002_51;MFD_SETNO51;41.7838;-66.6872;353066;5;04-mar-11;19:13:46;32.764;5.2036;5.5867;5.5867;1;5.2036;1;32.764;1;0;NaN;NaN
NED2011002_51;MFD_SETNO51;41.7838;-66.6872;353065;64;04-mar-11;19:13:46;32.765;5.1699;5.63117;5.63117;1;5.1699;1;32.765;1;0;NaN;NaN
NED2011002_52;MFD_SETNO52;41.7672;-66.9218;353068;5;04-mar-11;21:12:25;32.8544;5.2732;5.58084;5.58084;1;5.2732;1;32.8544;1;0;NaN;NaN
NED2011002_52;MFD_SETNO52;41.7672;-66.9218;353067;63;04-mar-11;21:12:25;32.8585;5.2804;6.01536;6.01536;1;5.2804;1;32.8585;1;0;NaN;NaN
NED2011002_53;MFD_SETNO53;41.817;-67.1685;353070;4;04-mar-11;23:21:52;32.8446;5.1397;5.46017;5.46017;1;5.1397;1;32.8446;1;0;NaN;NaN
NED2011002_53;MFD_SETNO53;41.817;-67.1685;353069;56;04-mar-11;23:21:52;32.8519;5.1711;5.89736;5.89736;1;5.1711;1;32.8519;1;0;NaN;NaN
NED2011002_55;MFD_SETNO55;42.1028;-67.363;353072;5;05-mar-11;02:55:10;32.7564;5.2804;5.47802;5.47802;1;5.2804;1;32.7564;1;0;NaN;NaN
NED2011002_55;MFD_SETNO55;42.1028;-67.363;353071;72;05-mar-11;02:55:10;32.7578;5.312;5.14857;5.14857;1;5.312;1;32.7578;1;0;NaN;NaN
NED2011002_56;MFD_SETNO56;42.0398;-67.399;353074;5;05-mar-11;05:21:15;32.7666;5.1779;5.46906;5.46906;1;5.1779;1;32.7666;1;0;NaN;NaN
NED2011002_56;MFD_SETNO56;42.0398;-67.399;353073;48;05-mar-11;05:21:15;32.7679;5.1932;5.49453;5.49453;1;5.1932;1;32.7679;1;0;NaN;NaN
NED2011002_57;MFD_SETNO57;42.0415;-67.6503;353076;5;05-mar-11;07:29:45;32.5839;5.1802;5.35984;5.35984;1;5.1802;1;32.5839;1;0;NaN;NaN
NED2011002_57;MFD_SETNO57;42.0415;-67.6503;353075;92;05-mar-11;07:29:45;33.2177;6.8898;4.66192;4.66192;1;6.8898;1;33.2177;1;0;NaN;NaN
NED2011002_58;MFD_SETNO58;41.9742;-67.7788;353078;5;05-mar-11;10:03:10;32.6105;5.2195;5.36931;5.36931;1;5.2195;1;32.6105;1;0;NaN;NaN
NED2011002_58;MFD_SETNO58;41.9742;-67.7788;353077;67;05-mar-11;10:03:10;32.9018;6.0015;5.04783;5.04783;1;6.0015;1;32.9018;1;0;NaN;NaN
NED2011002_60;MFD_SETNO60;42.0535;-67.7755;353080;4;05-mar-11;11:55:02;32.5144;5.0483;5.34266;5.34266;1;5.0483;1;32.5144;1;0;NaN;NaN
NED2011002_60;MFD_SETNO60;42.0535;-67.7755;353079;183;05-mar-11;11:55:02;34.1305;8.2756;3.64537;3.64537;1;8.2756;1;34.1305;1;0;NaN;NaN
NED2011002_63;MFD_SETNO63;41.7458;-68.1208;353082;5;05-mar-11;20:25:54;32.6103;5.3493;5.30064;5.30064;1;5.3493;1;32.6103;1;0;NaN;NaN
NED2011002_63;MFD_SETNO63;41.7458;-68.1208;353081;46;05-mar-11;20:25:54;32.6022;5.2767;5.38941;5.38941;1;5.2767;1;32.6022;1;0;NaN;NaN
NED2011002_64;MFD_SETNO64;41.5225;-67.2152;353084;4;06-mar-11;02:55:02;32.9233;5.2942;5.25129;5.25129;1;5.2942;1;32.9233;1;0;NaN;NaN
NED2011002_64;MFD_SETNO64;41.5225;-67.2152;353083;52;06-mar-11;02:55:02;32.9217;5.2992;5.4019;5.4019;1;5.2992;1;32.9217;1;0;NaN;NaN
NED2011002_65;MFD_SETNO65;41.579;-66.9577;353086;4;06-mar-11;04:46:12;32.7324;5.0649;5.39457;5.39457;1;5.0649;1;32.7324;1;0;NaN;NaN
NED2011002_65;MFD_SETNO65;41.579;-66.9577;353085;61;06-mar-11;04:46:12;32.8049;5.1714;5.75399;5.75399;1;5.1714;1;32.8049;1;0;NaN;NaN
NED2011002_66;MFD_SETNO66;42.0373;-66.7195;353088;5;06-mar-11;08:39:24;32.6754;5.0549;5.48596;5.48596;1;5.0549;1;32.6754;1;0;NaN;NaN
NED2011002_66;MFD_SETNO66;42.0373;-66.7195;353087;68;06-mar-11;08:39:24;32.6763;5.0574;5.62244;5.62244;1;5.0574;1;32.6763;1;0;NaN;NaN
NED2011002_68;MFD_SETNO68;44.2663;-63.3175;353098;4;07-mar-11;03:21:31;30.77;0.837;5.29556;5.29556;1;0.837;1;30.77;1;0;NaN;NaN
NED2011002_68;MFD_SETNO68;44.2663;-63.3175;353097;6;07-mar-11;03:21:31;30.7688;0.8339;5.29385;5.29385;1;0.8339;1;30.7688;1;0;NaN;NaN
NED2011002_68;MFD_SETNO68;44.2663;-63.3175;353096;11;07-mar-11;03:21:31;30.7709;0.833;5.32421;5.32421;1;0.833;1;30.7709;1;0;NaN;NaN
NED2011002_68;MFD_SETNO68;44.2663;-63.3175;353095;21;07-mar-11;03:21:31;30.7741;0.8242;5.34272;5.34272;1;0.8242;1;30.7741;1;0;NaN;NaN
NED2011002_68;MFD_SETNO68;44.2663;-63.3175;353094;30;07-mar-11;03:21:31;30.7717;0.8309;5.35635;5.35635;1;0.8309;1;30.7717;1;0;NaN;NaN
NED2011002_68;MFD_SETNO68;44.2663;-63.3175;353093;40;07-mar-11;03:21:31;30.9057;0.6844;5.3212;5.3212;1;0.6844;1;30.9057;1;0;NaN;NaN
NED2011002_68;MFD_SETNO68;44.2663;-63.3175;353092;51;07-mar-11;03:21:31;31.1233;0.9545;5.32196;5.32196;1;0.9545;1;31.1233;1;0;NaN;NaN
NED2011002_68;MFD_SETNO68;44.2663;-63.3175;353091;75;07-mar-11;03:21:31;31.4447;1.4964;5.29107;5.29107;1;1.4964;1;31.4447;1;0;NaN;NaN
NED2011002_68;MFD_SETNO68;44.2663;-63.3175;353090;100;07-mar-11;03:21:31;31.6749;1.9656;5.21316;5.21316;1;1.9656;1;31.6749;1;0;NaN;NaN
NED2011002_68;MFD_SETNO68;44.2663;-63.3175;353089;148;07-mar-11;03:21:31;33.0008;4.9934;4.0721;4.0721;1;4.9934;1;33.0008;1;0;NaN;NaN
