CTD;CTD;CTD;CTD;CTD;CTD;CTD;CTD;CTD;CTD;CTD;labo;labo;terrain;labo;labo;labo;labo;calc;calc
Fichier;Station;Latitude;Longitude;Echantillon;zbouteille;Date;Heure;PSAL;TEMP_XX;DOXY;OXY_XX;Q_OXY;TEMP_RT;Q_TEMP_RT;SSAL_BS;Q_SSAL;QCFF;N_P;N_Si
(nom);(nom/no);(degres);(degres);(no_unique);(dbar);(jj-mmm-yyyy);(GMT);(psu);(celsius);(ml/l);(ml/l);((none));(celsius);((none));(g/kg);((none));((none));((none));((none))
NED2006036_0;MFD_SETNO0;44.271967;-63.323117;295862;2;20-jul-06;21:20:48;31.075;18.2468;4.23417;4.23417;1;18.2468;1;31.075;1;0;NaN;NaN
NED2006036_0;MFD_SETNO0;44.271967;-63.323117;295861;5;20-jul-06;21:20:48;31.0747;18.3794;4.22328;4.22328;1;18.3794;1;31.0747;1;0;NaN;NaN
NED2006036_0;MFD_SETNO0;44.271967;-63.323117;295860;10;20-jul-06;21:20:48;31.4646;10.0962;5.24876;5.24876;1;10.0962;1;31.4646;1;0;NaN;NaN
NED2006036_0;MFD_SETNO0;44.271967;-63.323117;295859;20;20-jul-06;21:20:48;31.7771;5.6684;5.59239;5.59239;1;5.6684;1;31.7771;1;0;NaN;NaN
NED2006036_0;MFD_SETNO0;44.271967;-63.323117;295858;30;20-jul-06;21:20:48;31.9036;3.5551;5.30486;5.30486;1;3.5551;1;31.9036;1;0;NaN;NaN
NED2006036_0;MFD_SETNO0;44.271967;-63.323117;295857;41;20-jul-06;21:20:48;32.2195;3.4933;4.88062;4.88062;1;3.4933;1;32.2195;1;0;NaN;NaN
NED2006036_0;MFD_SETNO0;44.271967;-63.323117;295856;50;20-jul-06;21:20:48;32.3965;3.9474;4.7645;4.7645;1;3.9474;1;32.3965;1;0;NaN;NaN
NED2006036_0;MFD_SETNO0;44.271967;-63.323117;295855;75;20-jul-06;21:20:48;32.6942;3.8759;4.2108;4.2108;1;3.8759;1;32.6942;1;0;NaN;NaN
NED2006036_0;MFD_SETNO0;44.271967;-63.323117;295854;100;20-jul-06;21:20:48;33.27;5.8702;3.93108;3.93108;1;5.8702;1;33.27;1;0;NaN;NaN
NED2006036_0;MFD_SETNO0;44.271967;-63.323117;295853;186;20-jul-06;21:20:48;34.508;9.0087;2.76565;2.76565;1;9.0087;1;34.508;1;0;NaN;NaN
NED2006036_1;MFD_SETNO1;44.398667;-62.8084;295866;5;21-jul-06;01:52:38;30.6578;17.2561;4.36698;4.36698;1;17.2561;1;30.6578;1;0;NaN;NaN
NED2006036_1;MFD_SETNO1;44.398667;-62.8084;295865;25;21-jul-06;01:52:38;31.7802;4.4071;5.57675;5.57675;1;4.4071;1;31.7802;1;0;NaN;NaN
NED2006036_1;MFD_SETNO1;44.398667;-62.8084;295864;50;21-jul-06;01:52:38;32.306;2.9728;4.50541;4.50541;1;2.9728;1;32.306;1;0;NaN;NaN
NED2006036_1;MFD_SETNO1;44.398667;-62.8084;295863;159;21-jul-06;01:52:38;35.0108;9.8455;2.00177;2.00177;1;9.8455;1;35.0108;1;0;NaN;NaN
NED2006036_2;MFD_SETNO2;44.64135;-62.336983;295870;5;21-jul-06;05:11:04;30.6414;16.4745;4.45224;4.45224;1;16.4745;1;30.6414;1;0;NaN;NaN
NED2006036_2;MFD_SETNO2;44.64135;-62.336983;295869;24;21-jul-06;05:11:04;31.8506;8.2814;5.309;5.309;1;8.2814;1;31.8506;1;0;NaN;NaN
NED2006036_2;MFD_SETNO2;44.64135;-62.336983;295868;49;21-jul-06;05:11:04;32.0876;3.1226;4.84903;4.84903;1;3.1226;1;32.0876;1;0;NaN;NaN
NED2006036_2;MFD_SETNO2;44.64135;-62.336983;295867;122;21-jul-06;05:11:04;34.1074;7.4735;2.55835;2.55835;1;7.4735;1;34.1074;1;0;NaN;NaN
NED2006036_3;MFD_SETNO3;44.384;-61.30405;295874;4;21-jul-06;10:44:11;30.8229;17.9637;4.22231;4.22231;1;17.9637;1;30.8229;1;0;NaN;NaN
NED2006036_3;MFD_SETNO3;44.384;-61.30405;295873;26;21-jul-06;10:44:11;32.0219;6.4128;5.33237;5.33237;1;6.4128;1;32.0219;1;0;NaN;NaN
NED2006036_3;MFD_SETNO3;44.384;-61.30405;295872;50;21-jul-06;10:44:11;32.6034;4.5194;4.57754;4.57754;1;4.5194;1;32.6034;1;0;NaN;NaN
NED2006036_3;MFD_SETNO3;44.384;-61.30405;295871;170;21-jul-06;10:44:11;34.5855;8.9895;2.12324;2.12324;1;8.9895;1;34.5855;1;0;NaN;NaN
NED2006036_5;MFD_SETNO5;44.478617;-60.920567;295878;5;21-jul-06;13:50:18;30.9552;17.3421;4.32879;4.32879;1;17.3421;1;30.9552;1;0;NaN;NaN
NED2006036_5;MFD_SETNO5;44.478617;-60.920567;295877;25;21-jul-06;13:50:18;31.4061;5.6616;5.31857;5.31857;1;5.6616;1;31.4061;1;0;NaN;NaN
NED2006036_5;MFD_SETNO5;44.478617;-60.920567;295876;50;21-jul-06;13:50:18;32.1391;3.1418;4.9273;4.9273;1;3.1418;1;32.1391;1;0;NaN;NaN
NED2006036_5;MFD_SETNO5;44.478617;-60.920567;295875;89;21-jul-06;13:50:18;32.6888;3.1181;4.21463;4.21463;1;3.1181;1;32.6888;1;0;NaN;NaN
NED2006036_6;MFD_SETNO6;44.4405;-60.656167;295882;5;21-jul-06;16:44:51;30.2076;17.0965;4.41431;4.41431;1;17.0965;1;30.2076;1;0;NaN;NaN
NED2006036_6;MFD_SETNO6;44.4405;-60.656167;295881;25;21-jul-06;16:44:51;31.088;6.7036;5.21495;5.21495;1;6.7036;1;31.088;1;0;NaN;NaN
NED2006036_6;MFD_SETNO6;44.4405;-60.656167;295880;50;21-jul-06;16:44:51;31.9518;3.9019;4.77931;4.77931;1;3.9019;1;31.9518;1;0;NaN;NaN
NED2006036_6;MFD_SETNO6;44.4405;-60.656167;295879;53;21-jul-06;16:44:51;31.9834;3.8625;4.71977;4.71977;1;3.8625;1;31.9834;1;0;NaN;NaN
NED2006036_7;MFD_SETNO7;44.485017;-60.498917;295885;5;21-jul-06;18:38:15;30.2359;17.1437;4.37715;4.37715;1;17.1437;1;30.2359;1;0;NaN;NaN
NED2006036_7;MFD_SETNO7;44.485017;-60.498917;295884;26;21-jul-06;18:38:15;31.4606;3.8641;5.27593;5.27593;1;3.8641;1;31.4606;1;0;NaN;NaN
NED2006036_7;MFD_SETNO7;44.485017;-60.498917;295883;39;21-jul-06;18:38:15;31.48;3.7715;5.23093;5.23093;1;3.7715;1;31.48;1;0;NaN;NaN
NED2006036_8;MFD_SETNO8;44.710417;-60.571417;295888;5;21-jul-06;20:57:29;30.2608;16.4011;4.47915;4.47915;1;16.4011;1;30.2608;1;0;NaN;NaN
NED2006036_8;MFD_SETNO8;44.710417;-60.571417;295887;25;21-jul-06;20:57:29;31.0678;9.1409;5.23425;5.23425;1;9.1409;1;31.0678;1;0;NaN;NaN
NED2006036_8;MFD_SETNO8;44.710417;-60.571417;295886;37;21-jul-06;20:57:29;31.473;6.4219;5.03422;5.03422;1;6.4219;1;31.473;1;0;NaN;NaN
NED2006036_9;MFD_SETNO9;44.621583;-60.8068;295892;6;21-jul-06;23:22:41;30.9708;18.066;4.24265;4.24265;1;18.066;1;30.9708;1;0;NaN;NaN
NED2006036_9;MFD_SETNO9;44.621583;-60.8068;295891;26;21-jul-06;23:22:41;31.3427;6.3703;5.27575;5.27575;1;6.3703;1;31.3427;1;0;NaN;NaN
NED2006036_9;MFD_SETNO9;44.621583;-60.8068;295890;51;21-jul-06;23:22:41;32.033;3.7386;4.74728;4.74728;1;3.7386;1;32.033;1;0;NaN;NaN
NED2006036_9;MFD_SETNO9;44.621583;-60.8068;295889;62;21-jul-06;23:22:41;32.1207;3.5775;4.666;4.666;1;3.5775;1;32.1207;1;0;NaN;NaN
NED2006036_10;MFD_SETNO10;45.0534;-60.747433;295896;5;22-jul-06;11:42:00;30.6081;15.1744;4.56242;4.56242;1;15.1744;1;30.6081;1;0;NaN;NaN
NED2006036_10;MFD_SETNO10;45.0534;-60.747433;295895;26;22-jul-06;11:42:00;31.8474;7.1719;5.28242;5.28242;1;7.1719;1;31.8474;1;0;NaN;NaN
NED2006036_10;MFD_SETNO10;45.0534;-60.747433;295894;50;22-jul-06;11:42:00;32.0937;3.3024;4.8098;4.8098;1;3.3024;1;32.0937;1;0;NaN;NaN
NED2006036_10;MFD_SETNO10;45.0534;-60.747433;295893;115;22-jul-06;11:42:00;32.7754;3.3427;3.67237;3.67237;1;3.3427;1;32.7754;1;0;NaN;NaN
NED2006036_12;MFD_SETNO12;45.23955;-60.41425;295900;4;22-jul-06;15:40:45;29.8368;15.7542;4.50791;4.50791;1;15.7542;1;29.8368;1;0;NaN;NaN
NED2006036_12;MFD_SETNO12;45.23955;-60.41425;295899;25;22-jul-06;15:40:45;30.3896;11.9954;4.78663;4.78663;1;11.9954;1;30.3896;1;0;NaN;NaN
NED2006036_12;MFD_SETNO12;45.23955;-60.41425;295898;50;22-jul-06;15:40:45;32.0813;2.7401;5.09266;5.09266;1;2.7401;1;32.0813;1;0;NaN;NaN
NED2006036_12;MFD_SETNO12;45.23955;-60.41425;295897;80;22-jul-06;15:40:45;32.6282;2.6293;4.16393;4.16393;1;2.6293;1;32.6282;1;0;NaN;NaN
NED2006036_13;MFD_SETNO13;45.279333;-60.118817;295904;5;22-jul-06;18:55:30;30.0664;15.5152;4.55622;4.55622;1;15.5152;1;30.0664;1;0;NaN;NaN
NED2006036_13;MFD_SETNO13;45.279333;-60.118817;295903;26;22-jul-06;18:55:30;31.3996;4.5138;5.54211;5.54211;1;4.5138;1;31.3996;1;0;NaN;NaN
NED2006036_13;MFD_SETNO13;45.279333;-60.118817;295902;52;22-jul-06;18:55:30;32.314;2.1462;4.72168;4.72168;1;2.1462;1;32.314;1;0;NaN;NaN
NED2006036_13;MFD_SETNO13;45.279333;-60.118817;295901;151;22-jul-06;18:55:30;33.3712;3.0576;3.69087;3.69087;1;3.0576;1;33.3712;1;0;NaN;NaN
NED2006036_14;MFD_SETNO14;45.376767;-59.8387;295908;5;22-jul-06;21:24:29;30.2577;14.9907;4.63205;4.63205;1;14.9907;1;30.2577;1;0;NaN;NaN
NED2006036_14;MFD_SETNO14;45.376767;-59.8387;295907;25;22-jul-06;21:24:29;31.7757;5.7389;5.52142;5.52142;1;5.7389;1;31.7757;1;0;NaN;NaN
NED2006036_14;MFD_SETNO14;45.376767;-59.8387;295906;51;22-jul-06;21:24:29;32.2806;2.1525;4.66115;4.66115;1;2.1525;1;32.2806;1;0;NaN;NaN
NED2006036_14;MFD_SETNO14;45.376767;-59.8387;295905;122;22-jul-06;21:24:29;33.0021;2.6172;3.99121;3.99121;1;2.6172;1;33.0021;1;0;NaN;NaN
NED2006036_15;MFD_SETNO15;45.280533;-59.556217;295912;5;22-jul-06;23:55:32;30.6251;15.5054;4.49602;4.49602;1;15.5054;1;30.6251;1;0;NaN;NaN
NED2006036_15;MFD_SETNO15;45.280533;-59.556217;295911;26;22-jul-06;23:55:32;30.9715;8.1266;5.2494;5.2494;1;8.1266;1;30.9715;1;0;NaN;NaN
NED2006036_15;MFD_SETNO15;45.280533;-59.556217;295910;51;22-jul-06;23:55:32;32.2087;2.8242;4.90508;4.90508;1;2.8242;1;32.2087;1;0;NaN;NaN
NED2006036_15;MFD_SETNO15;45.280533;-59.556217;295909;108;22-jul-06;23:55:32;32.5376;2.4706;4.3011;4.3011;1;2.4706;1;32.5376;1;0;NaN;NaN
NED2006036_16;MFD_SETNO16;45.51295;-59.618817;295916;5;23-jul-06;03:31:26;30.2413;16.1563;4.45192;4.45192;1;16.1563;1;30.2413;1;0;NaN;NaN
NED2006036_16;MFD_SETNO16;45.51295;-59.618817;295915;26;23-jul-06;03:31:26;31.0333;10.2777;4.95613;4.95613;1;10.2777;1;31.0333;1;0;NaN;NaN
NED2006036_16;MFD_SETNO16;45.51295;-59.618817;295914;49;23-jul-06;03:31:26;32.066;1.9725;5.40577;5.40577;1;1.9725;1;32.066;1;0;NaN;NaN
NED2006036_16;MFD_SETNO16;45.51295;-59.618817;295913;120;23-jul-06;03:31:26;33.1484;2.8168;3.89598;3.89598;1;2.8168;1;33.1484;1;0;NaN;NaN
NED2006036_17;MFD_SETNO17;45.70475;-59.7814;295920;5;23-jul-06;05:48:51;29.853;16.7147;4.36864;4.36864;1;16.7147;1;29.853;1;0;NaN;NaN
NED2006036_17;MFD_SETNO17;45.70475;-59.7814;295919;24;23-jul-06;05:48:51;31.5627;4.8563;5.47605;5.47605;1;4.8563;1;31.5627;1;0;NaN;NaN
NED2006036_17;MFD_SETNO17;45.70475;-59.7814;295918;49;23-jul-06;05:48:51;32.2103;2.621;5.02588;5.02588;1;2.621;1;32.2103;1;0;NaN;NaN
NED2006036_17;MFD_SETNO17;45.70475;-59.7814;295917;146;23-jul-06;05:48:51;33.3659;3.0953;3.87477;3.87477;1;3.0953;1;33.3659;1;0;NaN;NaN
NED2006036_18;MFD_SETNO18;45.756217;-59.47495;295924;6;23-jul-06;08:11:47;29.8943;14.6659;4.57363;4.57363;1;14.6659;1;29.8943;1;0;NaN;NaN
NED2006036_18;MFD_SETNO18;45.756217;-59.47495;295923;24;23-jul-06;08:11:47;30.9239;7.1327;5.1581;5.1581;1;7.1327;1;30.9239;1;0;NaN;NaN
NED2006036_18;MFD_SETNO18;45.756217;-59.47495;295922;49;23-jul-06;08:11:47;31.7799;3.2196;5.34904;5.34904;1;3.2196;1;31.7799;1;0;NaN;NaN
NED2006036_18;MFD_SETNO18;45.756217;-59.47495;295921;143;23-jul-06;08:11:47;33.4148;3.2535;3.87103;3.87103;1;3.2535;1;33.4148;1;0;NaN;NaN
NED2006036_19;MFD_SETNO19;45.873033;-59.43225;295928;6;23-jul-06;10:06:18;29.6574;17.1065;4.29219;4.29219;1;17.1065;1;29.6574;1;0;NaN;NaN
NED2006036_19;MFD_SETNO19;45.873033;-59.43225;295927;24;23-jul-06;10:06:18;31.3747;6.8188;5.26261;5.26261;1;6.8188;1;31.3747;1;0;NaN;NaN
NED2006036_19;MFD_SETNO19;45.873033;-59.43225;295926;50;23-jul-06;10:06:18;31.9286;2.9818;5.22012;5.22012;1;2.9818;1;31.9286;1;0;NaN;NaN
NED2006036_19;MFD_SETNO19;45.873033;-59.43225;295925;61;23-jul-06;10:06:18;32.1556;2.4903;5.10865;5.10865;1;2.4903;1;32.1556;1;0;NaN;NaN
NED2006036_20;MFD_SETNO20;45.9936;-59.285567;295932;6;23-jul-06;12:03:06;29.9508;17.3157;4.28731;4.28731;1;17.3157;1;29.9508;1;0;NaN;NaN
NED2006036_20;MFD_SETNO20;45.9936;-59.285567;295931;24;23-jul-06;12:03:06;31.6247;3.7092;5.41538;5.41538;1;3.7092;1;31.6247;1;0;NaN;NaN
NED2006036_20;MFD_SETNO20;45.9936;-59.285567;295930;49;23-jul-06;12:03:06;32.262;1.9464;5.23985;5.23985;1;1.9464;1;32.262;1;0;NaN;NaN
NED2006036_20;MFD_SETNO20;45.9936;-59.285567;295929;79;23-jul-06;12:03:06;32.3758;2.0112;5.00498;5.00498;1;2.0112;1;32.3758;1;0;NaN;NaN
NED2006036_21;MFD_SETNO21;46.3186;-59.2796;295936;6;23-jul-06;14:54:00;30.0272;17.0967;4.34735;4.34735;1;17.0967;1;30.0272;1;0;NaN;NaN
NED2006036_21;MFD_SETNO21;46.3186;-59.2796;295935;25;23-jul-06;14:54:00;31.9185;4.6631;5.92721;5.92721;1;4.6631;1;31.9185;1;0;NaN;NaN
NED2006036_21;MFD_SETNO21;46.3186;-59.2796;295934;51;23-jul-06;14:54:00;32.2717;1.6068;5.31485;5.31485;1;1.6068;1;32.2717;1;0;NaN;NaN
NED2006036_21;MFD_SETNO21;46.3186;-59.2796;295933;140;23-jul-06;14:54:00;33.8131;4.0438;3.0764;3.0764;1;4.0438;1;33.8131;1;0;NaN;NaN
NED2006036_22;MFD_SETNO22;46.4511;-59.310683;295940;6;23-jul-06;16:52:12;29.8798;16.0753;4.46949;4.46949;1;16.0753;1;29.8798;1;0;NaN;NaN
NED2006036_22;MFD_SETNO22;46.4511;-59.310683;295939;25;23-jul-06;16:52:12;30.8818;4.0964;5.33467;5.33467;1;4.0964;1;30.8818;1;0;NaN;NaN
NED2006036_22;MFD_SETNO22;46.4511;-59.310683;295938;50;23-jul-06;16:52:12;32.1895;2.2037;5.5804;5.5804;1;2.2037;1;32.1895;1;0;NaN;NaN
NED2006036_22;MFD_SETNO22;46.4511;-59.310683;295937;149;23-jul-06;16:52:12;34.0456;4.6055;2.69448;2.69448;1;4.6055;1;34.0456;1;0;NaN;NaN
NED2006036_23;MFD_SETNO23;46.465783;-59.584683;295944;4;23-jul-06;20:07:05;29.2246;18.6974;4.27969;4.27969;1;18.6974;1;29.2246;1;0;NaN;NaN
NED2006036_23;MFD_SETNO23;46.465783;-59.584683;295943;24;23-jul-06;20:07:05;30.7551;5.5711;5.3326;5.3326;1;5.5711;1;30.7551;1;0;NaN;NaN
NED2006036_23;MFD_SETNO23;46.465783;-59.584683;295942;50;23-jul-06;20:07:05;32.1487;1.8018;5.46731;5.46731;1;1.8018;1;32.1487;1;0;NaN;NaN
NED2006036_23;MFD_SETNO23;46.465783;-59.584683;295941;83;23-jul-06;20:07:05;32.5104;1.4342;4.90701;4.90701;1;1.4342;1;32.5104;1;0;NaN;NaN
NED2006036_24;MFD_SETNO24;46.527983;-59.745383;295948;5;23-jul-06;22:25:04;28.5659;19.2851;4.2246;4.2246;1;19.2851;1;28.5659;1;0;NaN;NaN
NED2006036_24;MFD_SETNO24;46.527983;-59.745383;295947;25;23-jul-06;22:25:04;31.3799;5.5462;5.54432;5.54432;1;5.5462;1;31.3799;1;0;NaN;NaN
NED2006036_24;MFD_SETNO24;46.527983;-59.745383;295946;50;23-jul-06;22:25:04;32.1544;1.6296;5.46318;5.46318;1;1.6296;1;32.1544;1;0;NaN;NaN
NED2006036_24;MFD_SETNO24;46.527983;-59.745383;295945;64;23-jul-06;22:25:04;32.3712;1.3727;4.86945;4.86945;1;1.3727;1;32.3712;1;0;NaN;NaN
NED2006036_25;MFD_SETNO25;46.892433;-59.713233;295952;5;24-jul-06;01:34:48;29.6745;17.709;4.28799;4.28799;1;17.709;1;29.6745;1;0;NaN;NaN
NED2006036_25;MFD_SETNO25;46.892433;-59.713233;295951;25;24-jul-06;01:34:48;31.7453;2.4461;6.03089;6.03089;1;2.4461;1;31.7453;1;0;NaN;NaN
NED2006036_25;MFD_SETNO25;46.892433;-59.713233;295950;50;24-jul-06;01:34:48;32.2303;1.4215;5.3142;5.3142;1;1.4215;1;32.2303;1;0;NaN;NaN
NED2006036_25;MFD_SETNO25;46.892433;-59.713233;295949;363;24-jul-06;01:34:48;34.8397;5.2012;2.75952;2.75952;1;5.2012;1;34.8397;1;0;NaN;NaN
NED2006036_26;MFD_SETNO26;47.140417;-60.144233;295956;5;24-jul-06;05:16:19;28.8513;18.505;4.21687;4.21687;1;18.505;1;28.8513;1;0;NaN;NaN
NED2006036_26;MFD_SETNO26;47.140417;-60.144233;295955;25;24-jul-06;05:16:19;30.6989;9.5326;5.01774;5.01774;1;9.5326;1;30.6989;1;0;NaN;NaN
NED2006036_26;MFD_SETNO26;47.140417;-60.144233;295954;51;24-jul-06;05:16:19;31.9197;2.1179;5.54;5.54;1;2.1179;1;31.9197;1;0;NaN;NaN
NED2006036_26;MFD_SETNO26;47.140417;-60.144233;295953;209;24-jul-06;05:16:19;34.7154;5.7098;2.56372;2.56372;1;5.7098;1;34.7154;1;0;NaN;NaN
NED2006036_27;MFD_SETNO27;47.025417;-60.036833;295960;5;24-jul-06;07:09:36;29.1552;17.6085;4.26649;4.26649;1;17.6085;1;29.1552;1;0;NaN;NaN
NED2006036_27;MFD_SETNO27;47.025417;-60.036833;295959;26;24-jul-06;07:09:36;31.6536;3.7192;5.95105;5.95105;1;3.7192;1;31.6536;1;0;NaN;NaN
NED2006036_27;MFD_SETNO27;47.025417;-60.036833;295958;48;24-jul-06;07:09:36;32.1109;1.4422;5.42558;5.42558;1;1.4422;1;32.1109;1;0;NaN;NaN
NED2006036_27;MFD_SETNO27;47.025417;-60.036833;295957;214;24-jul-06;07:09:36;34.4348;5.4683;2.49206;2.49206;1;5.4683;1;34.4348;1;0;NaN;NaN
NED2006036_28;MFD_SETNO28;46.664267;-60.226833;295964;5;24-jul-06;10:26:55;28.9103;18.8182;4.2034;4.2034;1;18.8182;1;28.9103;1;0;NaN;NaN
NED2006036_28;MFD_SETNO28;46.664267;-60.226833;295963;26;24-jul-06;10:26:55;30.8059;10.3325;4.8126;4.8126;1;10.3325;1;30.8059;1;0;NaN;NaN
NED2006036_28;MFD_SETNO28;46.664267;-60.226833;295962;50;24-jul-06;10:26:55;31.9094;1.4966;5.47985;5.47985;1;1.4966;1;31.9094;1;0;NaN;NaN
NED2006036_28;MFD_SETNO28;46.664267;-60.226833;295961;136;24-jul-06;10:26:55;33.573;3.3975;3.04843;3.04843;1;3.3975;1;33.573;1;0;NaN;NaN
NED2006036_29;MFD_SETNO29;46.503483;-59.96805;295968;5;24-jul-06;13:06:13;29.0833;18.5245;4.23578;4.23578;1;18.5245;1;29.0833;1;0;NaN;NaN
NED2006036_29;MFD_SETNO29;46.503483;-59.96805;295967;24;24-jul-06;13:06:13;30.9032;8.3544;4.98366;4.98366;1;8.3544;1;30.9032;1;0;NaN;NaN
NED2006036_29;MFD_SETNO29;46.503483;-59.96805;295966;49;24-jul-06;13:06:13;32.0011;1.7335;5.08418;5.08418;1;1.7335;1;32.0011;1;0;NaN;NaN
NED2006036_29;MFD_SETNO29;46.503483;-59.96805;295965;62;24-jul-06;13:06:13;32.4306;1.6596;4.52205;4.52205;1;1.6596;1;32.4306;1;0;NaN;NaN
NED2006036_30;MFD_SETNO30;46.341;-59.558667;295972;5;24-jul-06;16:04:32;30.114;16.6156;4.35237;4.35237;1;16.6156;1;30.114;1;0;NaN;NaN
NED2006036_30;MFD_SETNO30;46.341;-59.558667;295971;25;24-jul-06;16:04:32;31.8958;3.2867;5.93309;5.93309;1;3.2867;1;31.8958;1;0;NaN;NaN
NED2006036_30;MFD_SETNO30;46.341;-59.558667;295970;50;24-jul-06;16:04:32;32.2501;1.737;5.29776;5.29776;1;1.737;1;32.2501;1;0;NaN;NaN
NED2006036_30;MFD_SETNO30;46.341;-59.558667;295969;101;24-jul-06;16:04:32;33.2256;2.6323;3.66953;3.66953;1;2.6323;1;33.2256;1;0;NaN;NaN
NED2006036_31;MFD_SETNO31;46.258083;-59.098183;295976;5;24-jul-06;19:00:53;30.004;16.2222;4.41095;4.41095;1;16.2222;1;30.004;1;0;NaN;NaN
NED2006036_31;MFD_SETNO31;46.258083;-59.098183;295975;25;24-jul-06;19:00:53;31.9315;3.8302;5.70926;5.70926;1;3.8302;1;31.9315;1;0;NaN;NaN
NED2006036_31;MFD_SETNO31;46.258083;-59.098183;295974;51;24-jul-06;19:00:53;32.1981;1.691;5.44291;5.44291;1;1.691;1;32.1981;1;0;NaN;NaN
NED2006036_31;MFD_SETNO31;46.258083;-59.098183;295973;120;24-jul-06;19:00:53;33.8511;4.134;3.11391;3.11391;1;4.134;1;33.8511;1;0;NaN;NaN
NED2006036_32;MFD_SETNO32;46.091017;-58.811017;295980;4;24-jul-06;21:51:43;30.3876;16.1281;4.40252;4.40252;1;16.1281;1;30.3876;1;0;NaN;NaN
NED2006036_32;MFD_SETNO32;46.091017;-58.811017;295979;26;24-jul-06;21:51:43;31.8466;6.1165;5.58246;5.58246;1;6.1165;1;31.8466;1;0;NaN;NaN
NED2006036_32;MFD_SETNO32;46.091017;-58.811017;295978;50;24-jul-06;21:51:43;32.2715;1.9981;5.34002;5.34002;1;1.9981;1;32.2715;1;0;NaN;NaN
NED2006036_32;MFD_SETNO32;46.091017;-58.811017;295977;145;24-jul-06;21:51:43;34.3941;5.5061;2.42143;2.42143;1;5.5061;1;34.3941;1;0;NaN;NaN
NED2006036_33;MFD_SETNO33;46.201033;-58.527483;295984;5;25-jul-06;00:19:08;30.4273;16.3521;4.38928;4.38928;1;16.3521;1;30.4273;1;0;NaN;NaN
NED2006036_33;MFD_SETNO33;46.201033;-58.527483;295983;25;25-jul-06;00:19:08;31.4499;7.5719;5.35465;5.35465;1;7.5719;1;31.4499;1;0;NaN;NaN
NED2006036_33;MFD_SETNO33;46.201033;-58.527483;295982;51;25-jul-06;00:19:08;32.2208;1.86;5.46566;5.46566;1;1.86;1;32.2208;1;0;NaN;NaN
NED2006036_33;MFD_SETNO33;46.201033;-58.527483;295981;366;25-jul-06;00:19:08;34.8637;5.0658;2.9029;2.9029;1;5.0658;1;34.8637;1;0;NaN;NaN
NED2006036_34;MFD_SETNO34;45.9054;-58.431217;295988;5;25-jul-06;04:18:56;30.257;15.9091;4.42801;4.42801;1;15.9091;1;30.257;1;0;NaN;NaN
NED2006036_34;MFD_SETNO34;45.9054;-58.431217;295987;25;25-jul-06;04:18:56;31.4264;7.715;5.29784;5.29784;1;7.715;1;31.4264;1;0;NaN;NaN
NED2006036_34;MFD_SETNO34;45.9054;-58.431217;295986;49;25-jul-06;04:18:56;32.1334;2.8856;5.53084;5.53084;1;2.8856;1;32.1334;1;0;NaN;NaN
NED2006036_34;MFD_SETNO34;45.9054;-58.431217;295985;82;25-jul-06;04:18:56;32.8931;1.8986;4.63209;4.63209;1;1.8986;1;32.8931;1;0;NaN;NaN
NED2006036_35;MFD_SETNO35;45.923183;-58.761;295992;6;25-jul-06;06:48:46;30.3215;15.2126;4.45867;4.45867;1;15.2126;1;30.3215;1;0;NaN;NaN
NED2006036_35;MFD_SETNO35;45.923183;-58.761;295991;26;25-jul-06;06:48:46;31.6208;7.5947;5.32716;5.32716;1;7.5947;1;31.6208;1;0;NaN;NaN
NED2006036_35;MFD_SETNO35;45.923183;-58.761;295990;51;25-jul-06;06:48:46;32.1692;2.2548;5.45589;5.45589;1;2.2548;1;32.1692;1;0;NaN;NaN
NED2006036_35;MFD_SETNO35;45.923183;-58.761;295989;172;25-jul-06;06:48:46;34.0455;4.866;3.1127;3.1127;1;4.866;1;34.0455;1;0;NaN;NaN
NED2006036_36;MFD_SETNO36;45.5501;-58.659433;295996;4;25-jul-06;09:53:04;30.1414;16.6043;4.32091;4.32091;1;16.6043;1;30.1414;1;0;NaN;NaN
NED2006036_36;MFD_SETNO36;45.5501;-58.659433;295995;26;25-jul-06;09:53:04;31.4624;5.3389;5.44342;5.44342;1;5.3389;1;31.4624;1;0;NaN;NaN
NED2006036_36;MFD_SETNO36;45.5501;-58.659433;295994;48;25-jul-06;09:53:04;32.1709;2.7927;4.96941;4.96941;1;2.7927;1;32.1709;1;0;NaN;NaN
NED2006036_36;MFD_SETNO36;45.5501;-58.659433;295993;144;25-jul-06;09:53:04;33.6473;3.8958;3.51405;3.51405;1;3.8958;1;33.6473;1;0;NaN;NaN
NED2006036_37;MFD_SETNO37;45.4278;-59.00585;296000;5;25-jul-06;12:22:17;29.9777;16.9673;4.28928;4.28928;1;16.9673;1;29.9777;1;0;NaN;NaN
NED2006036_37;MFD_SETNO37;45.4278;-59.00585;295999;26;25-jul-06;12:22:17;31.3632;5.1646;5.43581;5.43581;1;5.1646;1;31.3632;1;0;NaN;NaN
NED2006036_37;MFD_SETNO37;45.4278;-59.00585;295998;50;25-jul-06;12:22:17;32.1081;2.1442;4.89413;4.89413;1;2.1442;1;32.1081;1;0;NaN;NaN
NED2006036_37;MFD_SETNO37;45.4278;-59.00585;295997;109;25-jul-06;12:22:17;32.7572;2.5233;4.31426;4.31426;1;2.5233;1;32.7572;1;0;NaN;NaN
NED2006036_38;MFD_SETNO38;45.271767;-58.81225;296004;6;26-jul-06;02:08:04;30.5189;16.4472;4.41464;4.41464;1;16.4472;1;30.5189;1;0;NaN;NaN
NED2006036_38;MFD_SETNO38;45.271767;-58.81225;296003;26;26-jul-06;02:08:04;31.2257;6.667;5.36653;5.36653;1;6.667;1;31.2257;1;0;NaN;NaN
NED2006036_38;MFD_SETNO38;45.271767;-58.81225;296002;50;26-jul-06;02:08:04;32.1526;2.204;4.78755;4.78755;1;2.204;1;32.1526;1;0;NaN;NaN
NED2006036_38;MFD_SETNO38;45.271767;-58.81225;296001;76;26-jul-06;02:08:04;32.2659;2.2082;4.55873;4.55873;1;2.2082;1;32.2659;1;0;NaN;NaN
NED2006036_39;MFD_SETNO39;45.474083;-58.171967;296008;5;26-jul-06;06:37:18;30.3315;17.3359;4.24887;4.24887;1;17.3359;1;30.3315;1;0;NaN;NaN
NED2006036_39;MFD_SETNO39;45.474083;-58.171967;296007;25;26-jul-06;06:37:18;31.4985;5.636;5.53998;5.53998;1;5.636;1;31.4985;1;0;NaN;NaN
NED2006036_39;MFD_SETNO39;45.474083;-58.171967;296006;47;26-jul-06;06:37:18;32.1336;2.2698;5.24868;5.24868;1;2.2698;1;32.1336;1;0;NaN;NaN
NED2006036_39;MFD_SETNO39;45.474083;-58.171967;296005;81;26-jul-06;06:37:18;32.7288;2.3373;4.38383;4.38383;1;2.3373;1;32.7288;1;0;NaN;NaN
NED2006036_40;MFD_SETNO40;45.337667;-57.755533;296012;5;26-jul-06;09:31:07;30.8829;16.6316;4.29518;4.29518;1;16.6316;1;30.8829;1;0;NaN;NaN
NED2006036_40;MFD_SETNO40;45.337667;-57.755533;296011;26;26-jul-06;09:31:07;31.8181;4.6998;5.71603;5.71603;1;4.6998;1;31.8181;1;0;NaN;NaN
NED2006036_40;MFD_SETNO40;45.337667;-57.755533;296010;50;26-jul-06;09:31:07;32.3179;1.9059;5.29774;5.29774;1;1.9059;1;32.3179;1;0;NaN;NaN
NED2006036_40;MFD_SETNO40;45.337667;-57.755533;296009;157;26-jul-06;09:31:07;34.1856;5.7571;3.47028;3.47028;1;5.7571;1;34.1856;1;0;NaN;NaN
NED2006036_41;MFD_SETNO41;45.290283;-58.007533;296016;5;26-jul-06;11:33:58;30.7434;16.5906;4.31824;4.31824;1;16.5906;1;30.7434;1;0;NaN;NaN
NED2006036_41;MFD_SETNO41;45.290283;-58.007533;296015;25;26-jul-06;11:33:58;31.5766;7.8309;5.45069;5.45069;1;7.8309;1;31.5766;1;0;NaN;NaN
NED2006036_41;MFD_SETNO41;45.290283;-58.007533;296014;48;26-jul-06;11:33:58;32.2656;2.2927;5.34616;5.34616;1;2.2927;1;32.2656;1;0;NaN;NaN
NED2006036_41;MFD_SETNO41;45.290283;-58.007533;296013;124;26-jul-06;11:33:58;33.4721;3.4214;3.97931;3.97931;1;3.4214;1;33.4721;1;0;NaN;NaN
NED2006036_42;MFD_SETNO42;45.095183;-58.1257;296020;5;26-jul-06;13:47:29;30.6802;15.9555;4.47986;4.47986;1;15.9555;1;30.6802;1;0;NaN;NaN
NED2006036_42;MFD_SETNO42;45.095183;-58.1257;296019;26;26-jul-06;13:47:29;31.6343;6.8441;5.50018;5.50018;1;6.8441;1;31.6343;1;0;NaN;NaN
NED2006036_42;MFD_SETNO42;45.095183;-58.1257;296018;51;26-jul-06;13:47:29;32.243;2.5356;5.19526;5.19526;1;2.5356;1;32.243;1;0;NaN;NaN
NED2006036_42;MFD_SETNO42;45.095183;-58.1257;296017;89;26-jul-06;13:47:29;32.634;1.9496;4.83957;4.83957;1;1.9496;1;32.634;1;0;NaN;NaN
NED2006036_43;MFD_SETNO43;44.896333;-58.35625;296024;5;26-jul-06;16:09:44;30.7271;15.8398;4.47931;4.47931;1;15.8398;1;30.7271;1;0;NaN;NaN
NED2006036_43;MFD_SETNO43;44.896333;-58.35625;296023;26;26-jul-06;16:09:44;31.3811;5.4083;5.43345;5.43345;1;5.4083;1;31.3811;1;0;NaN;NaN
NED2006036_43;MFD_SETNO43;44.896333;-58.35625;296022;50;26-jul-06;16:09:44;32.1525;2.4615;5.12495;5.12495;1;2.4615;1;32.1525;1;0;NaN;NaN
NED2006036_43;MFD_SETNO43;44.896333;-58.35625;296021;217;26-jul-06;16:09:44;33.375;3.354;4.06985;4.06985;1;3.354;1;33.375;1;0;NaN;NaN
NED2006036_44;MFD_SETNO44;44.749083;-58.391867;296028;5;26-jul-06;18:34:20;30.7821;16.2901;4.44298;4.44298;1;16.2901;1;30.7821;1;0;NaN;NaN
NED2006036_44;MFD_SETNO44;44.749083;-58.391867;296027;26;26-jul-06;18:34:20;31.9601;6.203;5.43183;5.43183;1;6.203;1;31.9601;1;0;NaN;NaN
NED2006036_44;MFD_SETNO44;44.749083;-58.391867;296026;50;26-jul-06;18:34:20;32.4374;2.3814;4.72895;4.72895;1;2.3814;1;32.4374;1;0;NaN;NaN
NED2006036_44;MFD_SETNO44;44.749083;-58.391867;296025;80;26-jul-06;18:34:20;32.609;2.275;4.48033;4.48033;1;2.275;1;32.609;1;0;NaN;NaN
NED2006036_45;MFD_SETNO45;44.589933;-58.539333;296032;5;26-jul-06;20:28:46;30.8091;15.7767;4.45388;4.45388;1;15.7767;1;30.8091;1;0;NaN;NaN
NED2006036_45;MFD_SETNO45;44.589933;-58.539333;296031;26;26-jul-06;20:28:46;31.8684;5.1364;5.49617;5.49617;1;5.1364;1;31.8684;1;0;NaN;NaN
NED2006036_45;MFD_SETNO45;44.589933;-58.539333;296030;50;26-jul-06;20:28:46;32.3069;3.305;4.76071;4.76071;1;3.305;1;32.3069;1;0;NaN;NaN
NED2006036_45;MFD_SETNO45;44.589933;-58.539333;296029;63;26-jul-06;20:28:46;32.3397;3.1267;4.6801;4.6801;1;3.1267;1;32.3397;1;0;NaN;NaN
NED2006036_46;MFD_SETNO46;44.65395;-58.223467;296036;5;26-jul-06;22:43:38;30.7454;16.1806;4.43939;4.43939;1;16.1806;1;30.7454;1;0;NaN;NaN
NED2006036_46;MFD_SETNO46;44.65395;-58.223467;296035;25;26-jul-06;22:43:38;31.8272;5.9293;5.57597;5.57597;1;5.9293;1;31.8272;1;0;NaN;NaN
NED2006036_46;MFD_SETNO46;44.65395;-58.223467;296034;50;26-jul-06;22:43:38;32.3729;3.0472;4.68835;4.68835;1;3.0472;1;32.3729;1;0;NaN;NaN
NED2006036_46;MFD_SETNO46;44.65395;-58.223467;296033;67;26-jul-06;22:43:38;32.4762;2.579;4.57653;4.57653;1;2.579;1;32.4762;1;0;NaN;NaN
NED2006036_47;MFD_SETNO47;44.6935;-57.880717;296039;5;27-jul-06;01:17:09;30.9438;16.4428;4.43881;4.43881;1;16.4428;1;30.9438;1;0;NaN;NaN
NED2006036_47;MFD_SETNO47;44.6935;-57.880717;296038;25;27-jul-06;01:17:09;31.586;9.0749;5.06872;5.06872;1;9.0749;1;31.586;1;0;NaN;NaN
NED2006036_47;MFD_SETNO47;44.6935;-57.880717;296037;43;27-jul-06;01:17:09;31.7643;7.5074;5.03511;5.03511;1;7.5074;1;31.7643;1;0;NaN;NaN
NED2006036_48;MFD_SETNO48;44.961;-57.837333;296043;5;27-jul-06;03:38:20;30.7485;16.6364;4.36323;4.36323;1;16.6364;1;30.7485;1;0;NaN;NaN
NED2006036_48;MFD_SETNO48;44.961;-57.837333;296042;25;27-jul-06;03:38:20;31.7659;8.0408;5.13058;5.13058;1;8.0408;1;31.7659;1;0;NaN;NaN
NED2006036_48;MFD_SETNO48;44.961;-57.837333;296041;51;27-jul-06;03:38:20;32.387;2.9393;4.7116;4.7116;1;2.9393;1;32.387;1;0;NaN;NaN
NED2006036_48;MFD_SETNO48;44.961;-57.837333;296040;60;27-jul-06;03:38:20;32.4496;2.4537;4.67314;4.67314;1;2.4537;1;32.4496;1;0;NaN;NaN
NED2006036_49;MFD_SETNO49;44.997183;-57.447517;296047;4;27-jul-06;06:02:47;30.8307;16.9567;4.30005;4.30005;1;16.9567;1;30.8307;1;0;NaN;NaN
NED2006036_49;MFD_SETNO49;44.997183;-57.447517;296046;26;27-jul-06;06:02:47;31.6668;8.0318;5.37734;5.37734;1;8.0318;1;31.6668;1;0;NaN;NaN
NED2006036_49;MFD_SETNO49;44.997183;-57.447517;296045;51;27-jul-06;06:02:47;32.202;2.9869;5.1708;5.1708;1;2.9869;1;32.202;1;0;NaN;NaN
NED2006036_49;MFD_SETNO49;44.997183;-57.447517;296044;306;27-jul-06;06:02:47;34.8134;5.5517;2.66934;2.66934;1;5.5517;1;34.8134;1;0;NaN;NaN
NED2006036_50;MFD_SETNO50;44.859433;-57.324783;296051;5;27-jul-06;08:11:38;30.9734;17.097;4.30552;4.30552;1;17.097;1;30.9734;1;0;NaN;NaN
NED2006036_50;MFD_SETNO50;44.859433;-57.324783;296050;25;27-jul-06;08:11:38;31.8259;7.5567;5.45484;5.45484;1;7.5567;1;31.8259;1;0;NaN;NaN
NED2006036_50;MFD_SETNO50;44.859433;-57.324783;296049;51;27-jul-06;08:11:38;32.4238;2.1437;5.14215;5.14215;1;2.1437;1;32.4238;1;0;NaN;NaN
NED2006036_50;MFD_SETNO50;44.859433;-57.324783;296048;346;27-jul-06;08:11:38;34.8325;5.3892;2.73152;2.73152;1;5.3892;1;34.8325;1;0;NaN;NaN
NED2006036_52;MFD_SETNO52;44.52755;-57.439867;296055;5;27-jul-06;12:30:31;30.9781;16.9475;4.33738;4.33738;1;16.9475;1;30.9781;1;0;NaN;NaN
NED2006036_52;MFD_SETNO52;44.52755;-57.439867;296054;25;27-jul-06;12:30:31;31.8596;8.7077;5.26585;5.26585;1;8.7077;1;31.8596;1;0;NaN;NaN
NED2006036_52;MFD_SETNO52;44.52755;-57.439867;296053;50;27-jul-06;12:30:31;32.4603;2.8011;5.18356;5.18356;1;2.8011;1;32.4603;1;0;NaN;NaN
NED2006036_52;MFD_SETNO52;44.52755;-57.439867;296052;64;27-jul-06;12:30:31;32.4597;2.6532;5.16945;5.16945;1;2.6532;1;32.4597;1;0;NaN;NaN
NED2006036_53;MFD_SETNO53;44.484283;-57.219733;296059;5;27-jul-06;14:32:32;31.31;15.9924;4.46061;4.46061;1;15.9924;1;31.31;1;0;NaN;NaN
NED2006036_53;MFD_SETNO53;44.484283;-57.219733;296058;25;27-jul-06;14:32:32;32.1609;11.7077;4.9987;4.9987;1;11.7077;1;32.1609;1;0;NaN;NaN
NED2006036_53;MFD_SETNO53;44.484283;-57.219733;296057;49;27-jul-06;14:32:32;32.7021;4.4964;5.22474;5.22474;1;4.4964;1;32.7021;1;0;NaN;NaN
NED2006036_53;MFD_SETNO53;44.484283;-57.219733;296056;289;27-jul-06;14:32:32;34.8989;5.3429;3.57802;3.57802;1;5.3429;1;34.8989;1;0;NaN;NaN
NED2006036_54;MFD_SETNO54;44.435667;-57.330183;296063;5;27-jul-06;16:46:17;31.0652;17.1192;4.34363;4.34363;1;17.1192;1;31.0652;1;0;NaN;NaN
NED2006036_54;MFD_SETNO54;44.435667;-57.330183;296062;25;27-jul-06;16:46:17;32.0492;10.5282;5.17727;5.17727;1;10.5282;1;32.0492;1;0;NaN;NaN
NED2006036_54;MFD_SETNO54;44.435667;-57.330183;296061;50;27-jul-06;16:46:17;32.5175;2.1947;5.17347;5.17347;1;2.1947;1;32.5175;1;0;NaN;NaN
NED2006036_54;MFD_SETNO54;44.435667;-57.330183;296060;106;27-jul-06;16:46:17;33.1661;2.3852;4.75188;4.75188;1;2.3852;1;33.1661;1;0;NaN;NaN
NED2006036_55;MFD_SETNO55;44.392617;-57.403417;296067;5;27-jul-06;18:44:12;31.1935;16.4717;4.38276;4.38276;1;16.4717;1;31.1935;1;0;NaN;NaN
NED2006036_55;MFD_SETNO55;44.392617;-57.403417;296066;25;27-jul-06;18:44:12;31.9735;11.1079;5.07901;5.07901;1;11.1079;1;31.9735;1;0;NaN;NaN
NED2006036_55;MFD_SETNO55;44.392617;-57.403417;296065;51;27-jul-06;18:44:12;32.5456;2.3819;5.18794;5.18794;1;2.3819;1;32.5456;1;0;NaN;NaN
NED2006036_55;MFD_SETNO55;44.392617;-57.403417;296064;331;27-jul-06;18:44:12;34.881;5.733;3.36037;3.36037;1;5.733;1;34.881;1;0;NaN;NaN
NED2006036_56;MFD_SETNO56;44.353983;-57.843317;296071;5;27-jul-06;21:41:42;31.215;16.8934;4.36427;4.36427;1;16.8934;1;31.215;1;0;NaN;NaN
NED2006036_56;MFD_SETNO56;44.353983;-57.843317;296070;25;27-jul-06;21:41:42;31.7003;8.363;5.25359;5.25359;1;8.363;1;31.7003;1;0;NaN;NaN
NED2006036_56;MFD_SETNO56;44.353983;-57.843317;296069;51;27-jul-06;21:41:42;32.5443;2.3942;5.1105;5.1105;1;2.3942;1;32.5443;1;0;NaN;NaN
NED2006036_56;MFD_SETNO56;44.353983;-57.843317;296068;111;27-jul-06;21:41:42;34.1194;5.547;3.79045;3.79045;1;5.547;1;34.1194;1;0;NaN;NaN
NED2006036_57;MFD_SETNO57;44.363383;-57.96975;296075;5;27-jul-06;23:18:43;31.151;16.7471;4.36949;4.36949;1;16.7471;1;31.151;1;0;NaN;NaN
NED2006036_57;MFD_SETNO57;44.363383;-57.96975;296074;25;27-jul-06;23:18:43;31.7326;8.7384;5.17935;5.17935;1;8.7384;1;31.7326;1;0;NaN;NaN
NED2006036_57;MFD_SETNO57;44.363383;-57.96975;296073;49;27-jul-06;23:18:43;32.6106;1.7172;5.12265;5.12265;1;1.7172;1;32.6106;1;0;NaN;NaN
NED2006036_57;MFD_SETNO57;44.363383;-57.96975;296072;127;27-jul-06;23:18:43;33.9041;5.1665;4.00396;4.00396;1;5.1665;1;33.9041;1;0;NaN;NaN
NED2006036_58;MFD_SETNO58;44.503883;-58.0576;296079;4;28-jul-06;01:20:59;31.0926;16.3461;4.38905;4.38905;1;16.3461;1;31.0926;1;0;NaN;NaN
NED2006036_58;MFD_SETNO58;44.503883;-58.0576;296078;25;28-jul-06;01:20:59;31.705;11.3506;4.83765;4.83765;1;11.3506;1;31.705;1;0;NaN;NaN
NED2006036_58;MFD_SETNO58;44.503883;-58.0576;296077;51;28-jul-06;01:20:59;31.9552;5.9439;5.02787;5.02787;1;5.9439;1;31.9552;1;0;NaN;NaN
NED2006036_58;MFD_SETNO58;44.503883;-58.0576;296076;55;28-jul-06;01:20:59;31.9958;5.4505;5.0262;5.0262;1;5.4505;1;31.9958;1;0;NaN;NaN
NED2006036_59;MFD_SETNO59;44.244117;-58.265;296083;5;28-jul-06;04:02:11;31.2429;16.6147;4.35984;4.35984;1;16.6147;1;31.2429;1;0;NaN;NaN
NED2006036_59;MFD_SETNO59;44.244117;-58.265;296082;24;28-jul-06;04:02:11;32.3993;3.9952;5.29971;5.29971;1;3.9952;1;32.3993;1;0;NaN;NaN
NED2006036_59;MFD_SETNO59;44.244117;-58.265;296081;49;28-jul-06;04:02:11;32.6477;1.8805;5.03408;5.03408;1;1.8805;1;32.6477;1;0;NaN;NaN
NED2006036_59;MFD_SETNO59;44.244117;-58.265;296080;93;28-jul-06;04:02:11;33.4501;3.6232;4.38123;4.38123;1;3.6232;1;33.4501;1;0;NaN;NaN
NED2006036_60;MFD_SETNO60;44.0162;-58.52485;296087;5;28-jul-06;06:36:06;31.3608;17.0002;4.32056;4.32056;1;17.0002;1;31.3608;1;0;NaN;NaN
NED2006036_60;MFD_SETNO60;44.0162;-58.52485;296086;25;28-jul-06;06:36:06;32.6051;12.1177;5.08639;5.08639;1;12.1177;1;32.6051;1;0;NaN;NaN
NED2006036_60;MFD_SETNO60;44.0162;-58.52485;296085;50;28-jul-06;06:36:06;33.2112;4.3799;4.87494;4.87494;1;4.3799;1;33.2112;1;0;NaN;NaN
NED2006036_60;MFD_SETNO60;44.0162;-58.52485;296084;303;28-jul-06;06:36:06;34.8739;6.0764;3.30483;3.30483;1;6.0764;1;34.8739;1;0;NaN;NaN
NED2006036_61;MFD_SETNO61;43.943783;-58.65015;296091;5;28-jul-06;08:35:32;31.4059;16.6057;4.37111;4.37111;1;16.6057;1;31.4059;1;0;NaN;NaN
NED2006036_61;MFD_SETNO61;43.943783;-58.65015;296090;25;28-jul-06;08:35:32;32.8573;9.2441;5.35917;5.35917;1;9.2441;1;32.8573;1;0;NaN;NaN
NED2006036_61;MFD_SETNO61;43.943783;-58.65015;296089;50;28-jul-06;08:35:32;33.2125;5.6162;5.09087;5.09087;1;5.6162;1;33.2125;1;0;NaN;NaN
NED2006036_61;MFD_SETNO61;43.943783;-58.65015;296088;409;28-jul-06;08:35:32;34.8958;5.8031;3.42535;3.42535;1;5.8031;1;34.8958;1;0;NaN;NaN
NED2006036_62;MFD_SETNO62;44.135767;-58.737533;296095;5;28-jul-06;11:15:44;30.9521;16.6914;4.33483;4.33483;1;16.6914;1;30.9521;1;0;NaN;NaN
NED2006036_62;MFD_SETNO62;44.135767;-58.737533;296094;25;28-jul-06;11:15:44;32.0218;12.4747;4.84151;4.84151;1;12.4747;1;32.0218;1;0;NaN;NaN
NED2006036_62;MFD_SETNO62;44.135767;-58.737533;296093;51;28-jul-06;11:15:44;32.5894;3.7543;5.20134;5.20134;1;3.7543;1;32.5894;1;0;NaN;NaN
NED2006036_62;MFD_SETNO62;44.135767;-58.737533;296092;76;28-jul-06;11:15:44;33.0335;3.698;4.83245;4.83245;1;3.698;1;33.0335;1;0;NaN;NaN
NED2006036_63;MFD_SETNO63;44.126183;-58.9312;296099;5;28-jul-06;13:02:32;31.0685;16.5371;4.37989;4.37989;1;16.5371;1;31.0685;1;0;NaN;NaN
NED2006036_63;MFD_SETNO63;44.126183;-58.9312;296098;24;28-jul-06;13:02:32;31.7606;11.5955;5.00295;5.00295;1;11.5955;1;31.7606;1;0;NaN;NaN
NED2006036_63;MFD_SETNO63;44.126183;-58.9312;296097;49;28-jul-06;13:02:32;32.8733;5.3975;5.1344;5.1344;1;5.3975;1;32.8733;1;0;NaN;NaN
NED2006036_63;MFD_SETNO63;44.126183;-58.9312;296096;115;28-jul-06;13:02:32;33.5703;4.3607;4.35007;4.35007;1;4.3607;1;33.5703;1;0;NaN;NaN
NED2006036_64;MFD_SETNO64;44.18305;-59.180333;296103;5;28-jul-06;15:20:38;31.4387;14.701;4.65946;4.65946;1;14.701;1;31.4387;1;0;NaN;NaN
NED2006036_64;MFD_SETNO64;44.18305;-59.180333;296102;24;28-jul-06;15:20:38;31.7989;11.731;4.99435;4.99435;1;11.731;1;31.7989;1;0;NaN;NaN
NED2006036_64;MFD_SETNO64;44.18305;-59.180333;296101;51;28-jul-06;15:20:38;32.4837;6.8549;5.14476;5.14476;1;6.8549;1;32.4837;1;0;NaN;NaN
NED2006036_64;MFD_SETNO64;44.18305;-59.180333;296100;163;28-jul-06;15:20:38;34.5658;6.6027;3.57484;3.57484;1;6.6027;1;34.5658;1;0;NaN;NaN
NED2006036_65;MFD_SETNO65;44.138367;-59.56985;296107;5;28-jul-06;18:19:17;31.0709;15.6415;4.57627;4.57627;1;15.6415;1;31.0709;1;0;NaN;NaN
NED2006036_65;MFD_SETNO65;44.138367;-59.56985;296106;26;28-jul-06;18:19:17;31.7963;9.536;4.91396;4.91396;1;9.536;1;31.7963;1;0;NaN;NaN
NED2006036_65;MFD_SETNO65;44.138367;-59.56985;296105;50;28-jul-06;18:19:17;32.6003;3.8013;4.89769;4.89769;1;3.8013;1;32.6003;1;0;NaN;NaN
NED2006036_65;MFD_SETNO65;44.138367;-59.56985;296104;73;28-jul-06;18:19:17;32.9403;3.9797;4.37568;4.37568;1;3.9797;1;32.9403;1;0;NaN;NaN
NED2006036_66;MFD_SETNO66;44.19645;-59.369983;296111;5;28-jul-06;20:05:24;31.0025;16.9853;4.33884;4.33884;1;16.9853;1;31.0025;1;0;NaN;NaN
NED2006036_66;MFD_SETNO66;44.19645;-59.369983;296110;25;28-jul-06;20:05:24;31.7521;10.5436;5.05591;5.05591;1;10.5436;1;31.7521;1;0;NaN;NaN
NED2006036_66;MFD_SETNO66;44.19645;-59.369983;296109;49;28-jul-06;20:05:24;32.4528;4.1445;5.03202;5.03202;1;4.1445;1;32.4528;1;0;NaN;NaN
NED2006036_66;MFD_SETNO66;44.19645;-59.369983;296108;191;28-jul-06;20:05:24;34.4331;6.1801;3.79941;3.79941;1;6.1801;1;34.4331;1;0;NaN;NaN
NED2006036_67;MFD_SETNO67;44.3107;-59.206033;296115;5;28-jul-06;22:36:08;31.2996;16.0593;4.50001;4.50001;1;16.0593;1;31.2996;1;0;NaN;NaN
NED2006036_67;MFD_SETNO67;44.3107;-59.206033;296114;27;28-jul-06;22:36:08;32.0923;8.1412;5.15313;5.15313;1;8.1412;1;32.0923;1;0;NaN;NaN
NED2006036_67;MFD_SETNO67;44.3107;-59.206033;296113;50;28-jul-06;22:36:08;32.3349;4.5908;5.0401;5.0401;1;4.5908;1;32.3349;1;0;NaN;NaN
NED2006036_67;MFD_SETNO67;44.3107;-59.206033;296112;119;28-jul-06;22:36:08;33.8546;5.3719;4.12174;4.12174;1;5.3719;1;33.8546;1;0;NaN;NaN
NED2006036_68;MFD_SETNO68;44.358733;-58.7283;296119;5;29-jul-06;01:29:37;30.9237;17.0697;4.3374;4.3374;1;17.0697;1;30.9237;1;0;NaN;NaN
NED2006036_68;MFD_SETNO68;44.358733;-58.7283;296118;25;29-jul-06;01:29:37;32.1048;6.1548;5.21647;5.21647;1;6.1548;1;32.1048;1;0;NaN;NaN
NED2006036_68;MFD_SETNO68;44.358733;-58.7283;296117;50;29-jul-06;01:29:37;32.3039;3.6913;4.79771;4.79771;1;3.6913;1;32.3039;1;0;NaN;NaN
NED2006036_68;MFD_SETNO68;44.358733;-58.7283;296116;64;29-jul-06;01:29:37;32.2998;3.6883;4.7801;4.7801;1;3.6883;1;32.2998;1;0;NaN;NaN
NED2006036_70;MFD_SETNO70;44.463217;-58.721983;296123;4;29-jul-06;07:31:19;30.596;16.9013;4.36297;4.36297;1;16.9013;1;30.596;1;0;NaN;NaN
NED2006036_70;MFD_SETNO70;44.463217;-58.721983;296122;24;29-jul-06;07:31:19;31.9732;7.1575;5.29119;5.29119;1;7.1575;1;31.9732;1;0;NaN;NaN
NED2006036_70;MFD_SETNO70;44.463217;-58.721983;296121;50;29-jul-06;07:31:19;32.3858;3.6012;4.70863;4.70863;1;3.6012;1;32.3858;1;0;NaN;NaN
NED2006036_70;MFD_SETNO70;44.463217;-58.721983;296120;65;29-jul-06;07:31:19;32.3906;3.1601;4.64326;4.64326;1;3.1601;1;32.3906;1;0;NaN;NaN
NED2006036_71;MFD_SETNO71;44.4822;-58.990967;296127;5;29-jul-06;09:29:30;30.6976;16.5307;4.38521;4.38521;1;16.5307;1;30.6976;1;0;NaN;NaN
NED2006036_71;MFD_SETNO71;44.4822;-58.990967;296126;25;29-jul-06;09:29:30;31.6945;6.221;5.3818;5.3818;1;6.221;1;31.6945;1;0;NaN;NaN
NED2006036_71;MFD_SETNO71;44.4822;-58.990967;296125;49;29-jul-06;09:29:30;32.3937;3.6145;4.77667;4.77667;1;3.6145;1;32.3937;1;0;NaN;NaN
NED2006036_71;MFD_SETNO71;44.4822;-58.990967;296124;55;29-jul-06;09:29:30;32.4007;3.626;4.7593;4.7593;1;3.626;1;32.4007;1;0;NaN;NaN
NED2006036_72;MFD_SETNO72;44.615;-58.97885;296131;5;29-jul-06;10:58:03;30.7664;16.6499;4.36876;4.36876;1;16.6499;1;30.7664;1;0;NaN;NaN
NED2006036_72;MFD_SETNO72;44.615;-58.97885;296130;25;29-jul-06;10:58:03;31.2829;5.4971;5.45364;5.45364;1;5.4971;1;31.2829;1;0;NaN;NaN
NED2006036_72;MFD_SETNO72;44.615;-58.97885;296129;48;29-jul-06;10:58:03;32.4258;2.8027;4.67907;4.67907;1;2.8027;1;32.4258;1;0;NaN;NaN
NED2006036_72;MFD_SETNO72;44.615;-58.97885;296128;66;29-jul-06;10:58:03;32.4364;2.8357;4.60886;4.60886;1;2.8357;1;32.4364;1;0;NaN;NaN
NED2006036_73;MFD_SETNO73;44.740533;-58.855017;296135;5;29-jul-06;12:44:01;30.7427;16.5196;4.36466;4.36466;1;16.5196;1;30.7427;1;0;NaN;NaN
NED2006036_73;MFD_SETNO73;44.740533;-58.855017;296134;25;29-jul-06;12:44:01;31.2017;8.4858;5.26322;5.26322;1;8.4858;1;31.2017;1;0;NaN;NaN
NED2006036_73;MFD_SETNO73;44.740533;-58.855017;296133;50;29-jul-06;12:44:01;31.9216;2.3233;4.96086;4.96086;1;2.3233;1;31.9216;1;0;NaN;NaN
NED2006036_73;MFD_SETNO73;44.740533;-58.855017;296132;225;29-jul-06;12:44:01;33.0089;2.6521;4.28373;4.28373;1;2.6521;1;33.0089;1;0;NaN;NaN
NED2006036_74;MFD_SETNO74;44.90325;-59.520167;296139;5;29-jul-06;17:00:39;30.6299;16.3684;4.37424;4.37424;1;16.3684;1;30.6299;1;0;NaN;NaN
NED2006036_74;MFD_SETNO74;44.90325;-59.520167;296138;26;29-jul-06;17:00:39;31.1823;5.5783;5.42404;5.42404;1;5.5783;1;31.1823;1;0;NaN;NaN
NED2006036_74;MFD_SETNO74;44.90325;-59.520167;296137;50;29-jul-06;17:00:39;31.9413;2.316;4.99419;4.99419;1;2.316;1;31.9413;1;0;NaN;NaN
NED2006036_74;MFD_SETNO74;44.90325;-59.520167;296136;239;29-jul-06;17:00:39;32.9627;3.2482;4.02205;4.02205;1;3.2482;1;32.9627;1;0;NaN;NaN
NED2006036_75;MFD_SETNO75;44.826367;-59.668;296143;5;29-jul-06;19:06:10;30.6899;16.3655;4.38653;4.38653;1;16.3655;1;30.6899;1;0;NaN;NaN
NED2006036_75;MFD_SETNO75;44.826367;-59.668;296142;25;29-jul-06;19:06:10;31.1713;5.9189;5.35617;5.35617;1;5.9189;1;31.1713;1;0;NaN;NaN
NED2006036_75;MFD_SETNO75;44.826367;-59.668;296141;50;29-jul-06;19:06:10;32.287;3.2833;4.85695;4.85695;1;3.2833;1;32.287;1;0;NaN;NaN
NED2006036_75;MFD_SETNO75;44.826367;-59.668;296140;211;29-jul-06;19:06:10;33.1517;3.6401;3.92239;3.92239;1;3.6401;1;33.1517;1;0;NaN;NaN
NED2006036_76;MFD_SETNO76;44.864517;-59.816933;296147;6;29-jul-06;21:04:57;30.8253;16.6392;4.37379;4.37379;1;16.6392;1;30.8253;1;0;NaN;NaN
NED2006036_76;MFD_SETNO76;44.864517;-59.816933;296146;24;29-jul-06;21:04:57;31.1558;6.659;5.39172;5.39172;1;6.659;1;31.1558;1;0;NaN;NaN
NED2006036_76;MFD_SETNO76;44.864517;-59.816933;296145;51;29-jul-06;21:04:57;32.42;2.4777;4.67257;4.67257;1;2.4777;1;32.42;1;0;NaN;NaN
NED2006036_76;MFD_SETNO76;44.864517;-59.816933;296144;207;29-jul-06;21:04:57;33.2896;3.8982;3.87211;3.87211;1;3.8982;1;33.2896;1;0;NaN;NaN
NED2006036_77;MFD_SETNO77;44.907617;-60.313917;296151;5;30-jul-06;00:26:52;29.8156;17.0973;4.3952;4.3952;1;17.0973;1;29.8156;1;0;NaN;NaN
NED2006036_77;MFD_SETNO77;44.907617;-60.313917;296150;25;30-jul-06;00:26:52;31.4349;4.9577;5.2741;5.2741;1;4.9577;1;31.4349;1;0;NaN;NaN
NED2006036_77;MFD_SETNO77;44.907617;-60.313917;296149;50;30-jul-06;00:26:52;32.3395;2.5626;4.48953;4.48953;1;2.5626;1;32.3395;1;0;NaN;NaN
NED2006036_77;MFD_SETNO77;44.907617;-60.313917;296148;194;30-jul-06;00:26:52;32.9364;3.1801;4.01772;4.01772;1;3.1801;1;32.9364;1;0;NaN;NaN
NED2006036_78;MFD_SETNO78;44.683583;-60.313583;296155;4;30-jul-06;03:08:18;30.2159;16.765;4.36704;4.36704;1;16.765;1;30.2159;1;0;NaN;NaN
NED2006036_78;MFD_SETNO78;44.683583;-60.313583;296154;24;30-jul-06;03:08:18;31.0857;9.2289;5.1086;5.1086;1;9.2289;1;31.0857;1;0;NaN;NaN
NED2006036_78;MFD_SETNO78;44.683583;-60.313583;296153;45;30-jul-06;03:08:18;31.7067;3.7311;5.07723;5.07723;1;3.7311;1;31.7067;1;0;NaN;NaN
NED2006036_78;MFD_SETNO78;44.683583;-60.313583;296152;259;30-jul-06;03:08:18;33.0247;3.5725;4.02901;4.02901;1;3.5725;1;33.0247;1;0;NaN;NaN
NED2006036_79;MFD_SETNO79;44.597433;-60.125183;296159;5;30-jul-06;05:05:44;29.8438;17.2314;4.28411;4.28411;1;17.2314;1;29.8438;1;0;NaN;NaN
NED2006036_79;MFD_SETNO79;44.597433;-60.125183;296158;25;30-jul-06;05:05:44;31.8881;8.5512;5.35727;5.35727;1;8.5512;1;31.8881;1;0;NaN;NaN
NED2006036_79;MFD_SETNO79;44.597433;-60.125183;296157;48;30-jul-06;05:05:44;32.3612;4.3464;4.96077;4.96077;1;4.3464;1;32.3612;1;0;NaN;NaN
NED2006036_79;MFD_SETNO79;44.597433;-60.125183;296156;116;30-jul-06;05:05:44;33.8862;5.8358;3.89776;3.89776;1;5.8358;1;33.8862;1;0;NaN;NaN
NED2006036_80;MFD_SETNO80;44.536217;-59.90425;296163;5;30-jul-06;07:02:27;30.5605;17.2719;4.23837;4.23837;1;17.2719;1;30.5605;1;0;NaN;NaN
NED2006036_80;MFD_SETNO80;44.536217;-59.90425;296162;25;30-jul-06;07:02:27;32.207;5.4173;5.06453;5.06453;1;5.4173;1;32.207;1;0;NaN;NaN
NED2006036_80;MFD_SETNO80;44.536217;-59.90425;296161;50;30-jul-06;07:02:27;32.4757;4.1608;4.7414;4.7414;1;4.1608;1;32.4757;1;0;NaN;NaN
NED2006036_80;MFD_SETNO80;44.536217;-59.90425;296160;79;30-jul-06;07:02:27;32.9005;4.4725;4.52025;4.52025;1;4.4725;1;32.9005;1;0;NaN;NaN
NED2006036_81;MFD_SETNO81;44.610283;-59.609517;296167;4;30-jul-06;08:58:13;30.6167;16.9937;4.24579;4.24579;1;16.9937;1;30.6167;1;0;NaN;NaN
NED2006036_81;MFD_SETNO81;44.610283;-59.609517;296166;24;30-jul-06;08:58:13;31.5425;11.8974;4.8336;4.8336;1;11.8974;1;31.5425;1;0;NaN;NaN
NED2006036_81;MFD_SETNO81;44.610283;-59.609517;296165;49;30-jul-06;08:58:13;32.4338;4.2693;4.79896;4.79896;1;4.2693;1;32.4338;1;0;NaN;NaN
NED2006036_81;MFD_SETNO81;44.610283;-59.609517;296164;58;30-jul-06;08:58:13;32.4287;4.2669;4.78606;4.78606;1;4.2669;1;32.4287;1;0;NaN;NaN
NED2006036_82;MFD_SETNO82;44.35195;-59.9099;296171;5;30-jul-06;12:01:29;30.9396;16.8761;4.29967;4.29967;1;16.8761;1;30.9396;1;0;NaN;NaN
NED2006036_82;MFD_SETNO82;44.35195;-59.9099;296170;25;30-jul-06;12:01:29;31.69;11.2005;5.03401;5.03401;1;11.2005;1;31.69;1;0;NaN;NaN
NED2006036_82;MFD_SETNO82;44.35195;-59.9099;296169;49;30-jul-06;12:01:29;32.4351;4.4283;5.00558;5.00558;1;4.4283;1;32.4351;1;0;NaN;NaN
NED2006036_82;MFD_SETNO82;44.35195;-59.9099;296168;159;30-jul-06;12:01:29;34.2969;6.2582;3.72183;3.72183;1;6.2582;1;34.2969;1;0;NaN;NaN
NED2006036_83;MFD_SETNO83;44.019433;-59.822983;296174;5;30-jul-06;15:00:57;31.2141;15.7658;4.55357;4.55357;1;15.7658;1;31.2141;1;0;NaN;NaN
NED2006036_83;MFD_SETNO83;44.019433;-59.822983;296173;25;30-jul-06;15:00:57;31.3528;14.8317;4.61079;4.61079;1;14.8317;1;31.3528;1;0;NaN;NaN
NED2006036_83;MFD_SETNO83;44.019433;-59.822983;296172;40;30-jul-06;15:00:57;32.2556;7.1669;4.33791;4.33791;1;7.1669;1;32.2556;1;0;NaN;NaN
NED2006036_84;MFD_SETNO84;44.020483;-60.0502;296177;5;30-jul-06;16:55:11;30.9701;16.7286;4.36658;4.36658;1;16.7286;1;30.9701;1;0;NaN;NaN
NED2006036_84;MFD_SETNO84;44.020483;-60.0502;296176;25;30-jul-06;16:55:11;31.4755;14.2603;4.69035;4.69035;1;14.2603;1;31.4755;1;0;NaN;NaN
NED2006036_84;MFD_SETNO84;44.020483;-60.0502;296175;31;30-jul-06;16:55:11;31.5565;13.1904;4.70503;4.70503;1;13.1904;1;31.5565;1;0;NaN;NaN
NED2006036_85;MFD_SETNO85;44.260517;-60.241917;296181;5;30-jul-06;19:21:42;30.2357;17.3378;4.36316;4.36316;1;17.3378;1;30.2357;1;0;NaN;NaN
NED2006036_85;MFD_SETNO85;44.260517;-60.241917;296180;25;30-jul-06;19:21:42;32.1447;7.7169;5.29805;5.29805;1;7.7169;1;32.1447;1;0;NaN;NaN
NED2006036_85;MFD_SETNO85;44.260517;-60.241917;296179;50;30-jul-06;19:21:42;32.4308;3.9395;4.88347;4.88347;1;3.9395;1;32.4308;1;0;NaN;NaN
NED2006036_85;MFD_SETNO85;44.260517;-60.241917;296178;112;30-jul-06;19:21:42;33.5042;4.9191;4.07924;4.07924;1;4.9191;1;33.5042;1;0;NaN;NaN
NED2006036_86;MFD_SETNO86;44.406267;-60.404617;296184;5;30-jul-06;21:14:56;29.8121;17.7628;4.33083;4.33083;1;17.7628;1;29.8121;1;0;NaN;NaN
NED2006036_86;MFD_SETNO86;44.406267;-60.404617;296183;25;30-jul-06;21:14:56;31.674;5.1399;5.18636;5.18636;1;5.1399;1;31.674;1;0;NaN;NaN
NED2006036_86;MFD_SETNO86;44.406267;-60.404617;296182;44;30-jul-06;21:14:56;31.7975;4.0345;4.92526;4.92526;1;4.0345;1;31.7975;1;0;NaN;NaN
NED2006036_87;MFD_SETNO87;44.4448;-60.376617;296187;4;30-jul-06;22:27:25;30.2542;17.0116;4.4093;4.4093;1;17.0116;1;30.2542;1;0;NaN;NaN
NED2006036_87;MFD_SETNO87;44.4448;-60.376617;296186;25;30-jul-06;22:27:25;31.6484;3.5439;5.16086;5.16086;1;3.5439;1;31.6484;1;0;NaN;NaN
NED2006036_87;MFD_SETNO87;44.4448;-60.376617;296185;47;30-jul-06;22:27:25;31.8757;3.61;4.88072;4.88072;1;3.61;1;31.8757;1;0;NaN;NaN
NED2006036_88;MFD_SETNO88;44.385867;-60.500283;296190;6;30-jul-06;23:56:33;30.1657;17.7634;4.33751;4.33751;1;17.7634;1;30.1657;1;0;NaN;NaN
NED2006036_88;MFD_SETNO88;44.385867;-60.500283;296188;25;30-jul-06;23:56:33;31.5771;5.1783;5.06082;5.06082;1;5.1783;7;31.5771;7;512;NaN;NaN
NED2006036_88;MFD_SETNO88;44.385867;-60.500283;296189;25;30-jul-06;23:56:33;31.5357;5.464;5.12054;5.12054;1;5.464;7;31.5357;7;512;NaN;NaN
NED2006036_89;MFD_SETNO89;44.188683;-60.408183;296194;5;31-jul-06;02:12:54;30.3052;17.4621;4.29525;4.29525;1;17.4621;1;30.3052;1;0;NaN;NaN
NED2006036_89;MFD_SETNO89;44.188683;-60.408183;296193;25;31-jul-06;02:12:54;32.1491;7.7835;5.30107;5.30107;1;7.7835;1;32.1491;1;0;NaN;NaN
NED2006036_89;MFD_SETNO89;44.188683;-60.408183;296192;50;31-jul-06;02:12:54;32.4901;4.1779;4.98357;4.98357;1;4.1779;1;32.4901;1;0;NaN;NaN
NED2006036_89;MFD_SETNO89;44.188683;-60.408183;296191;148;31-jul-06;02:12:54;33.3735;4.5282;4.01727;4.01727;1;4.5282;1;33.3735;1;0;NaN;NaN
NED2006036_90;MFD_SETNO90;44.067667;-60.6177;296197;6;31-jul-06;04:22:08;30.6719;16.7514;4.4246;4.4246;1;16.7514;1;30.6719;1;0;NaN;NaN
NED2006036_90;MFD_SETNO90;44.067667;-60.6177;296196;26;31-jul-06;04:22:08;31.6145;10.9556;5.0606;5.0606;1;10.9556;1;31.6145;1;0;NaN;NaN
NED2006036_90;MFD_SETNO90;44.067667;-60.6177;296195;40;31-jul-06;04:22:08;32.3585;5.0379;4.97098;4.97098;1;5.0379;1;32.3585;1;0;NaN;NaN
NED2006036_91;MFD_SETNO91;44.258717;-60.896817;296201;5;31-jul-06;06:51:17;31.1608;17.3098;4.21116;4.21116;1;17.3098;1;31.1608;1;0;NaN;NaN
NED2006036_91;MFD_SETNO91;44.258717;-60.896817;296200;24;31-jul-06;06:51:17;31.7074;12.1004;5.0162;5.0162;1;12.1004;1;31.7074;1;0;NaN;NaN
NED2006036_91;MFD_SETNO91;44.258717;-60.896817;296199;49;31-jul-06;06:51:17;32.6883;5.0926;4.58816;4.58816;1;5.0926;1;32.6883;1;0;NaN;NaN
NED2006036_91;MFD_SETNO91;44.258717;-60.896817;296198;58;31-jul-06;06:51:17;33.082;3.9029;4.07703;4.07703;1;3.9029;1;33.082;1;0;NaN;NaN
NED2006036_92;MFD_SETNO92;44.137883;-61.114767;296205;4;31-jul-06;08:19:29;30.9119;18.1626;3.56995;3.56995;1;18.1626;1;30.9119;1;0;NaN;NaN
NED2006036_92;MFD_SETNO92;44.137883;-61.114767;296204;25;31-jul-06;08:19:29;32.2881;8.113;5.14646;5.14646;1;8.113;1;32.2881;1;0;NaN;NaN
NED2006036_92;MFD_SETNO92;44.137883;-61.114767;296203;49;31-jul-06;08:19:29;32.6358;5.2915;4.46111;4.46111;1;5.2915;1;32.6358;1;0;NaN;NaN
NED2006036_92;MFD_SETNO92;44.137883;-61.114767;296202;66;31-jul-06;08:19:29;33.2657;5.8617;3.50574;3.50574;1;5.8617;1;33.2657;1;0;NaN;NaN
NED2006036_93;MFD_SETNO93;44.0065;-60.906033;296208;5;31-jul-06;11:20:13;31.4465;16.1828;4.45049;4.45049;1;16.1828;1;31.4465;1;0;NaN;NaN
NED2006036_93;MFD_SETNO93;44.0065;-60.906033;296207;25;31-jul-06;11:20:13;31.9485;10.6941;5.01534;5.01534;1;10.6941;1;31.9485;1;0;NaN;NaN
NED2006036_93;MFD_SETNO93;44.0065;-60.906033;296206;44;31-jul-06;11:20:13;32.1737;9.0421;4.88274;4.88274;1;9.0421;1;32.1737;1;0;NaN;NaN
NED2006036_94;MFD_SETNO94;43.978383;-61.01795;296211;5;31-jul-06;12:11:18;31.1563;17.7329;4.2085;4.2085;1;17.7329;1;31.1563;1;0;NaN;NaN
NED2006036_94;MFD_SETNO94;43.978383;-61.01795;296210;25;31-jul-06;12:11:18;32.2341;8.7231;5.18206;5.18206;1;8.7231;1;32.2341;1;0;NaN;NaN
NED2006036_94;MFD_SETNO94;43.978383;-61.01795;296209;50;31-jul-06;12:11:18;32.4591;6.1258;4.60437;4.60437;1;6.1258;1;32.4591;1;0;NaN;NaN
NED2006036_95;MFD_SETNO95;43.848517;-61.44825;296214;6;31-jul-06;15:48:33;30.9343;17.766;4.28144;4.28144;1;17.766;1;30.9343;1;0;NaN;NaN
NED2006036_95;MFD_SETNO95;43.848517;-61.44825;296213;26;31-jul-06;15:48:33;31.9574;13.0881;4.80889;4.80889;1;13.0881;1;31.9574;1;0;NaN;NaN
NED2006036_95;MFD_SETNO95;43.848517;-61.44825;296212;47;31-jul-06;15:48:33;32.4498;7.1531;4.88908;4.88908;1;7.1531;1;32.4498;1;0;NaN;NaN
NED2006036_97;MFD_SETNO97;43.816817;-61.542117;296217;5;31-jul-06;16:46:32;31.6105;19.2574;4.0775;4.0775;1;19.2574;1;31.6105;1;0;NaN;NaN
NED2006036_97;MFD_SETNO97;43.816817;-61.542117;296216;25;31-jul-06;16:46:32;32.186;9.3249;5.16115;5.16115;1;9.3249;1;32.186;1;0;NaN;NaN
NED2006036_97;MFD_SETNO97;43.816817;-61.542117;296215;52;31-jul-06;16:46:32;32.4601;7.1353;4.64323;4.64323;1;7.1353;1;32.4601;1;0;NaN;NaN
NED2006036_98;MFD_SETNO98;43.823383;-61.904917;296221;5;31-jul-06;20:12:06;30.9334;16.9952;4.34578;4.34578;1;16.9952;1;30.9334;1;0;NaN;NaN
NED2006036_98;MFD_SETNO98;43.823383;-61.904917;296220;25;31-jul-06;20:12:06;32.3602;8.5382;5.35407;5.35407;1;8.5382;1;32.3602;1;0;NaN;NaN
NED2006036_98;MFD_SETNO98;43.823383;-61.904917;296219;50;31-jul-06;20:12:06;32.6724;4.9539;4.65946;4.65946;1;4.9539;1;32.6724;1;0;NaN;NaN
NED2006036_98;MFD_SETNO98;43.823383;-61.904917;296218;114;31-jul-06;20:12:06;34.2017;8.1597;2.45892;2.45892;1;8.1597;1;34.2017;1;0;NaN;NaN
NED2006036_99;MFD_SETNO99;44.1934;-62.19215;296225;5;01-aug-06;00:12:52;31.3152;17.8395;4.28363;4.28363;1;17.8395;1;31.3152;1;0;NaN;NaN
NED2006036_99;MFD_SETNO99;44.1934;-62.19215;296224;25;01-aug-06;00:12:52;31.8199;5.1491;5.36413;5.36413;1;5.1491;1;31.8199;1;0;NaN;NaN
NED2006036_99;MFD_SETNO99;44.1934;-62.19215;296223;50;01-aug-06;00:12:52;32.4312;3.2831;4.49538;4.49538;1;3.2831;1;32.4312;1;0;NaN;NaN
NED2006036_99;MFD_SETNO99;44.1934;-62.19215;296222;171;01-aug-06;00:12:52;34.8673;9.7073;2.29889;2.29889;1;9.7073;1;34.8673;1;0;NaN;NaN
NED2006036_100;MFD_SETNO100;44.331217;-62.084317;296229;5;01-aug-06;02:09:27;31.5248;17.5796;4.32684;4.32684;1;17.5796;1;31.5248;1;0;NaN;NaN
NED2006036_100;MFD_SETNO100;44.331217;-62.084317;296228;25;01-aug-06;02:09:27;31.7714;5.3495;5.35608;5.35608;1;5.3495;1;31.7714;1;0;NaN;NaN
NED2006036_100;MFD_SETNO100;44.331217;-62.084317;296227;50;01-aug-06;02:09:27;32.3027;3.0099;4.61668;4.61668;1;3.0099;1;32.3027;1;0;NaN;NaN
NED2006036_100;MFD_SETNO100;44.331217;-62.084317;296226;189;01-aug-06;02:09:27;34.9743;9.9615;2.32507;2.32507;1;9.9615;1;34.9743;1;0;NaN;NaN
NED2006036_102;MFD_SETNO102;44.269683;-63.322733;296239;2;02-aug-06;01:17:47;30.5964;16.2946;4.40611;4.40611;1;16.2946;1;30.5964;1;0;NaN;NaN
NED2006036_102;MFD_SETNO102;44.269683;-63.322733;296238;5;02-aug-06;01:17:47;30.6178;16.1878;4.45675;4.45675;1;16.1878;1;30.6178;1;0;NaN;NaN
NED2006036_102;MFD_SETNO102;44.269683;-63.322733;296237;10;02-aug-06;01:17:47;30.9134;11.3218;4.93883;4.93883;1;11.3218;1;30.9134;1;0;NaN;NaN
NED2006036_102;MFD_SETNO102;44.269683;-63.322733;296236;20;02-aug-06;01:17:47;31.3422;4.3789;5.2615;5.2615;1;4.3789;1;31.3422;1;0;NaN;NaN
NED2006036_102;MFD_SETNO102;44.269683;-63.322733;296235;30;02-aug-06;01:17:47;31.6617;3.9229;5.10366;5.10366;1;3.9229;1;31.6617;1;0;NaN;NaN
NED2006036_102;MFD_SETNO102;44.269683;-63.322733;296234;41;02-aug-06;01:17:47;31.859;3.5338;4.90909;4.90909;1;3.5338;1;31.859;1;0;NaN;NaN
NED2006036_102;MFD_SETNO102;44.269683;-63.322733;296233;51;02-aug-06;01:17:47;32.2637;3.1807;4.58367;4.58367;1;3.1807;1;32.2637;1;0;NaN;NaN
NED2006036_102;MFD_SETNO102;44.269683;-63.322733;296232;76;02-aug-06;01:17:47;32.6062;3.1564;4.16579;4.16579;1;3.1564;1;32.6062;1;0;NaN;NaN
NED2006036_102;MFD_SETNO102;44.269683;-63.322733;296231;100;02-aug-06;01:17:47;33.1575;5.3623;3.94662;3.94662;1;5.3623;1;33.1575;1;0;NaN;NaN
NED2006036_102;MFD_SETNO102;44.269683;-63.322733;296230;177;02-aug-06;01:17:47;34.6443;9.3088;2.64016;2.64016;1;9.3088;1;34.6443;1;0;NaN;NaN
NED2006036_103;MFD_SETNO103;43.594783;-61.185483;296243;5;02-aug-06;12:05:29;31.704;19.2249;4.04937;4.04937;1;19.2249;1;31.704;1;0;NaN;NaN
NED2006036_103;MFD_SETNO103;43.594783;-61.185483;296242;26;02-aug-06;12:05:29;32.2615;8.7354;5.15241;5.15241;1;8.7354;1;32.2615;1;0;NaN;NaN
NED2006036_103;MFD_SETNO103;43.594783;-61.185483;296241;50;02-aug-06;12:05:29;32.4899;7.5368;4.72352;4.72352;1;7.5368;1;32.4899;1;0;NaN;NaN
NED2006036_103;MFD_SETNO103;43.594783;-61.185483;296240;57;02-aug-06;12:05:29;32.6287;6.9124;4.57376;4.57376;1;6.9124;1;32.6287;1;0;NaN;NaN
NED2006036_104;MFD_SETNO104;43.564917;-60.966683;296247;4;02-aug-06;13:54:00;31.487;17.8626;4.21207;4.21207;1;17.8626;1;31.487;1;0;NaN;NaN
NED2006036_104;MFD_SETNO104;43.564917;-60.966683;296246;24;02-aug-06;13:54:00;31.6786;15.641;4.60968;4.60968;1;15.641;1;31.6786;1;0;NaN;NaN
NED2006036_104;MFD_SETNO104;43.564917;-60.966683;296245;50;02-aug-06;13:54:00;32.6844;6.0464;5.03145;5.03145;1;6.0464;1;32.6844;1;0;NaN;NaN
NED2006036_104;MFD_SETNO104;43.564917;-60.966683;296244;68;02-aug-06;13:54:00;33.3667;6.3726;4.3692;4.3692;1;6.3726;1;33.3667;1;0;NaN;NaN
NED2006036_106;MFD_SETNO106;43.599383;-60.49295;296251;5;02-aug-06;17:27:01;31.104;17.1115;4.34533;4.34533;1;17.1115;1;31.104;1;0;NaN;NaN
NED2006036_106;MFD_SETNO106;43.599383;-60.49295;296250;24;02-aug-06;17:27:01;32.2449;12.509;5.07695;5.07695;1;12.509;1;32.2449;1;0;NaN;NaN
NED2006036_106;MFD_SETNO106;43.599383;-60.49295;296249;49;02-aug-06;17:27:01;32.6516;4.1697;5.13241;5.13241;1;4.1697;1;32.6516;1;0;NaN;NaN
NED2006036_106;MFD_SETNO106;43.599383;-60.49295;296248;64;02-aug-06;17:27:01;32.9091;3.4561;4.83637;4.83637;1;3.4561;1;32.9091;1;0;NaN;NaN
NED2006036_109;MFD_SETNO109;43.84235;-60.401133;296254;5;02-aug-06;22:03:50;31.1299;17.3743;4.34271;4.34271;1;17.3743;1;31.1299;1;0;NaN;NaN
NED2006036_109;MFD_SETNO109;43.84235;-60.401133;296253;26;02-aug-06;22:03:50;31.4927;12.2767;4.84591;4.84591;1;12.2767;1;31.4927;1;0;NaN;NaN
NED2006036_109;MFD_SETNO109;43.84235;-60.401133;296252;41;02-aug-06;22:03:50;32.1181;8.6501;4.60473;4.60473;1;8.6501;1;32.1181;1;0;NaN;NaN
NED2006036_110;MFD_SETNO110;43.84985;-59.905817;296257;5;03-aug-06;00:43:07;31.2574;16.2496;4.0009;4.0009;1;16.2496;1;31.2574;1;0;NaN;NaN
NED2006036_110;MFD_SETNO110;43.84985;-59.905817;296256;25;03-aug-06;00:43:07;31.6499;11.0006;4.92627;4.92627;1;11.0006;1;31.6499;1;0;NaN;NaN
NED2006036_110;MFD_SETNO110;43.84985;-59.905817;296255;41;03-aug-06;00:43:07;32.4094;6.7872;4.48862;4.48862;1;6.7872;1;32.4094;1;0;NaN;NaN
NED2006036_111;MFD_SETNO111;43.829;-59.341183;296261;5;03-aug-06;04:08:35;31.1015;16.8114;4.35714;4.35714;1;16.8114;1;31.1015;1;0;NaN;NaN
NED2006036_111;MFD_SETNO111;43.829;-59.341183;296260;25;03-aug-06;04:08:35;31.9029;9.5355;5.16607;5.16607;1;9.5355;1;31.9029;1;0;NaN;NaN
NED2006036_111;MFD_SETNO111;43.829;-59.341183;296259;48;03-aug-06;04:08:35;32.614;4.2525;4.85702;4.85702;1;4.2525;1;32.614;1;0;NaN;NaN
NED2006036_111;MFD_SETNO111;43.829;-59.341183;296258;67;03-aug-06;04:08:35;32.9233;4.3641;4.56385;4.56385;1;4.3641;1;32.9233;1;0;NaN;NaN
NED2006036_112;MFD_SETNO112;43.592617;-60.105233;296265;5;03-aug-06;08:23:34;31.1033;16.9728;4.31298;4.31298;1;16.9728;1;31.1033;1;0;NaN;NaN
NED2006036_112;MFD_SETNO112;43.592617;-60.105233;296264;25;03-aug-06;08:23:34;32.1928;7.1859;5.28974;5.28974;1;7.1859;1;32.1928;1;0;NaN;NaN
NED2006036_112;MFD_SETNO112;43.592617;-60.105233;296263;50;03-aug-06;08:23:34;32.6154;4.8869;4.90876;4.90876;1;4.8869;1;32.6154;1;0;NaN;NaN
NED2006036_112;MFD_SETNO112;43.592617;-60.105233;296262;113;03-aug-06;08:23:34;34.1666;7.5276;3.98085;3.98085;1;7.5276;1;34.1666;1;0;NaN;NaN
NED2006036_113;MFD_SETNO113;43.448567;-60.42115;296269;4;03-aug-06;11:07:37;32.0101;18.4796;4.22781;4.22781;1;18.4796;1;32.0101;1;0;NaN;NaN
NED2006036_113;MFD_SETNO113;43.448567;-60.42115;296268;24;03-aug-06;11:07:37;32.9421;14.4378;5.01121;5.01121;1;14.4378;1;32.9421;1;0;NaN;NaN
NED2006036_113;MFD_SETNO113;43.448567;-60.42115;296267;50;03-aug-06;11:07:37;33.6125;9.9259;4.28693;4.28693;1;9.9259;1;33.6125;1;0;NaN;NaN
NED2006036_113;MFD_SETNO113;43.448567;-60.42115;296266;141;03-aug-06;11:07:37;35.077;10.343;3.12773;3.12773;1;10.343;1;35.077;1;0;NaN;NaN
