CTD;CTD;CTD;CTD;CTD;CTD;CTD;CTD;CTD;CTD;CTD;labo;labo;terrain;labo;labo;labo;labo;calc;calc
Fichier;Station;Latitude;Longitude;Echantillon;zbouteille;Date;Heure;PSAL;TEMP_XX;DOXY;OXY_XX;Q_OXY;TEMP_RT;Q_TEMP_RT;SSAL_BS;Q_SSAL;QCFF;N_P;N_Si
(nom);(nom/no);(degres);(degres);(no_unique);(dbar);(jj-mmm-yyyy);(GMT);(psu);(celsius);(ml/l);(ml/l);((none));(celsius);((none));(g/kg);((none));((none));((none));((none))
NED2010002_1;MFD_SETNO1;44.8167;-61.7785;336863;5;11-mar-10;09:26:38;30.9386;0.5565;7.90222;7.90222;1;0.5565;1;30.9386;1;0;NaN;NaN
NED2010002_1;MFD_SETNO1;44.8167;-61.7785;336862;25;11-mar-10;09:26:38;31.3948;0.7376;7.80527;7.80527;1;0.7376;1;31.3948;1;0;NaN;NaN
NED2010002_1;MFD_SETNO1;44.8167;-61.7785;336861;50;11-mar-10;09:26:38;31.5555;0.7601;7.56816;7.56816;1;0.7601;1;31.5555;1;0;NaN;NaN
NED2010002_1;MFD_SETNO1;44.8167;-61.7785;336860;51;11-mar-10;09:26:38;31.5555;0.7601;7.56816;7.56816;1;0.7601;1;31.5555;1;0;NaN;NaN
NED2010002_1;MFD_SETNO1;44.8167;-61.7785;336859;110;11-mar-10;09:26:38;32.0998;1.9761;6.67715;6.67715;1;1.9761;1;32.0998;1;0;NaN;NaN
NED2010002_3;MFD_SETNO3;44.8943;-61.1843;336867;5;11-mar-10;14:36:34;31.5518;0.8856;7.62308;7.62308;1;0.8856;1;31.5518;1;0;NaN;NaN
NED2010002_3;MFD_SETNO3;44.8943;-61.1843;336866;25;11-mar-10;14:36:34;31.7217;0.9895;7.48567;7.48567;1;0.9895;1;31.7217;1;0;NaN;NaN
NED2010002_3;MFD_SETNO3;44.8943;-61.1843;336865;49;11-mar-10;14:36:34;31.841;1.2823;7.39582;7.39582;1;1.2823;1;31.841;1;0;NaN;NaN
NED2010002_3;MFD_SETNO3;44.8943;-61.1843;336864;166;11-mar-10;14:36:34;32.6409;3.3127;5.65091;5.65091;1;3.3127;1;32.6409;1;0;NaN;NaN
NED2010002_4;MFD_SETNO4;44.484;-61.6875;336871;4;11-mar-10;21:37:32;31.6827;1.5568;7.75908;7.75908;1;1.5568;1;31.6827;1;0;NaN;NaN
NED2010002_4;MFD_SETNO4;44.484;-61.6875;336870;27;11-mar-10;21:37:32;32.1206;1.9676;7.54745;7.54745;1;1.9676;1;32.1206;1;0;NaN;NaN
NED2010002_4;MFD_SETNO4;44.484;-61.6875;336869;51;11-mar-10;21:37:32;32.1595;1.9097;7.41201;7.41201;1;1.9097;1;32.1595;1;0;NaN;NaN
NED2010002_4;MFD_SETNO4;44.484;-61.6875;336868;156;11-mar-10;21:37:32;34.7242;9.2753;3.46645;3.46645;1;9.2753;1;34.7242;1;0;NaN;NaN
NED2010002_5;MFD_SETNO5;44.3558;-61.5495;336875;5;11-mar-10;23:02:08;32.032;2.7755;7.78408;7.78408;1;2.7755;1;32.032;1;0;NaN;NaN
NED2010002_5;MFD_SETNO5;44.3558;-61.5495;336874;22;11-mar-10;23:02:08;32.0819;1.9993;7.84492;7.84492;1;1.9993;1;32.0819;1;0;NaN;NaN
NED2010002_5;MFD_SETNO5;44.3558;-61.5495;336873;55;11-mar-10;23:02:08;32.1709;1.8941;7.50628;7.50628;1;1.8941;1;32.1709;1;0;NaN;NaN
NED2010002_5;MFD_SETNO5;44.3558;-61.5495;336872;179;11-mar-10;23:02:08;34.6374;9.1214;3.43957;3.43957;1;9.1214;1;34.6374;1;0;NaN;NaN
NED2010002_6;MFD_SETNO6;44.271;-61.4165;336879;5;12-mar-10;02:07:56;31.9417;2.2309;7.81741;7.81741;1;2.2309;1;31.9417;1;0;NaN;NaN
NED2010002_6;MFD_SETNO6;44.271;-61.4165;336878;25;12-mar-10;02:07:56;32.1479;2.2371;7.54572;7.54572;1;2.2371;1;32.1479;1;0;NaN;NaN
NED2010002_6;MFD_SETNO6;44.271;-61.4165;336877;50;12-mar-10;02:07:56;32.3547;2.4001;7.07933;7.07933;1;2.4001;1;32.3547;1;0;NaN;NaN
NED2010002_6;MFD_SETNO6;44.271;-61.4165;336876;165;12-mar-10;02:07:56;34.4134;8.7492;3.56923;3.56923;1;8.7492;1;34.4134;1;0;NaN;NaN
NED2010002_7;MFD_SETNO7;44.0492;-60.8438;336882;5;12-mar-10;07:33:00;32.2827;2.0546;7.72316;7.72316;1;2.0546;1;32.2827;1;0;NaN;NaN
NED2010002_7;MFD_SETNO7;44.0492;-60.8438;336881;25;12-mar-10;07:33:00;32.2766;2.0593;7.78878;7.78878;1;2.0593;1;32.2766;1;0;NaN;NaN
NED2010002_7;MFD_SETNO7;44.0492;-60.8438;336880;31;12-mar-10;07:33:00;32.2757;2.0576;7.78026;7.78026;1;2.0576;1;32.2757;1;0;NaN;NaN
NED2010002_8;MFD_SETNO8;44.2685;-60.0767;336887;5;12-mar-10;13:30:05;31.9667;1.7319;7.52941;7.52941;1;1.7319;1;31.9667;1;0;NaN;NaN
NED2010002_8;MFD_SETNO8;44.2685;-60.0767;336886;25;12-mar-10;13:30:05;31.9984;1.7376;7.67424;7.67424;1;1.7376;1;31.9984;1;0;NaN;NaN
NED2010002_8;MFD_SETNO8;44.2685;-60.0767;336885;51;12-mar-10;13:30:05;32.1436;1.6443;7.5218;7.5218;1;1.6443;1;32.1436;1;0;NaN;NaN
NED2010002_8;MFD_SETNO8;44.2685;-60.0767;336884;98;12-mar-10;13:30:05;32.8018;3.0619;6.31567;6.31567;1;3.0619;1;32.8018;1;0;NaN;NaN
NED2010002_9;MFD_SETNO9;44.5197;-60.2313;336891;5;12-mar-10;16:29:20;31.8685;1.7721;7.55659;7.55659;1;1.7721;1;31.8685;1;0;NaN;NaN
NED2010002_9;MFD_SETNO9;44.5197;-60.2313;336890;25;12-mar-10;16:29:20;31.9371;1.7221;7.53607;7.53607;1;1.7221;1;31.9371;1;0;NaN;NaN
NED2010002_9;MFD_SETNO9;44.5197;-60.2313;336889;50;12-mar-10;16:29:20;32.0449;1.785;7.47406;7.47406;1;1.785;1;32.0449;1;0;NaN;NaN
NED2010002_9;MFD_SETNO9;44.5197;-60.2313;336888;113;12-mar-10;16:29:20;32.827;3.4664;5.79625;5.79625;1;3.4664;1;32.827;1;0;NaN;NaN
NED2010002_10;MFD_SETNO10;44.5505;-60.5345;336894;5;12-mar-10;18:50:53;31.9021;2.0154;7.56914;7.56914;1;2.0154;1;31.9021;1;0;NaN;NaN
NED2010002_10;MFD_SETNO10;44.5505;-60.5345;336893;25;12-mar-10;18:50:53;31.9015;1.8586;7.58061;7.58061;1;1.8586;1;31.9015;1;0;NaN;NaN
NED2010002_10;MFD_SETNO10;44.5505;-60.5345;336892;31;12-mar-10;18:50:53;31.9007;1.8585;7.57462;7.57462;1;1.8585;1;31.9007;1;0;NaN;NaN
NED2010002_11;MFD_SETNO11;44.6223;-60.83;336898;5;12-mar-10;21:22:22;31.7481;1.8323;7.6695;7.6695;1;1.8323;1;31.7481;1;0;NaN;NaN
NED2010002_11;MFD_SETNO11;44.6223;-60.83;336897;25;12-mar-10;21:22:22;31.8761;1.6737;7.41805;7.41805;1;1.6737;1;31.8761;1;0;NaN;NaN
NED2010002_11;MFD_SETNO11;44.6223;-60.83;336896;50;12-mar-10;21:22:22;31.932;1.7791;7.24967;7.24967;1;1.7791;1;31.932;1;0;NaN;NaN
NED2010002_11;MFD_SETNO11;44.6223;-60.83;336895;61;12-mar-10;21:22:22;32.055;1.7632;7.38967;7.38967;1;1.7632;1;32.055;1;0;NaN;NaN
NED2010002_12;MFD_SETNO12;44.7822;-60.9382;336902;5;12-mar-10;23:32:59;31.6082;1.5885;7.71865;7.71865;1;1.5885;1;31.6082;1;0;NaN;NaN
NED2010002_12;MFD_SETNO12;44.7822;-60.9382;336901;25;12-mar-10;23:32:59;31.7228;1.3484;7.5667;7.5667;1;1.3484;1;31.7228;1;0;NaN;NaN
NED2010002_12;MFD_SETNO12;44.7822;-60.9382;336900;50;12-mar-10;23:32:59;31.9044;1.5999;7.35481;7.35481;1;1.5999;1;31.9044;1;0;NaN;NaN
NED2010002_12;MFD_SETNO12;44.7822;-60.9382;336899;185;12-mar-10;23:32:59;32.6091;3.1235;5.84444;5.84444;1;3.1235;1;32.6091;1;0;NaN;NaN
NED2010002_14;MFD_SETNO14;45.2132;-60.5997;336906;6;13-mar-10;04:01:30;31.1714;0.4878;7.86144;7.86144;1;0.4878;1;31.1714;1;0;NaN;NaN
NED2010002_14;MFD_SETNO14;45.2132;-60.5997;336905;25;13-mar-10;04:01:30;31.3632;0.4286;7.77752;7.77752;1;0.4286;1;31.3632;1;0;NaN;NaN
NED2010002_14;MFD_SETNO14;45.2132;-60.5997;336904;50;13-mar-10;04:01:30;31.532;0.8743;7.68299;7.68299;1;0.8743;1;31.532;1;0;NaN;NaN
NED2010002_14;MFD_SETNO14;45.2132;-60.5997;336903;146;13-mar-10;04:01:30;32.4333;2.0361;6.28147;6.28147;1;2.0361;1;32.4333;1;0;NaN;NaN
NED2010002_15;MFD_SETNO15;44.8282;-60.1818;336910;6;13-mar-10;14:40:07;31.6422;1.2825;7.63764;7.63764;1;1.2825;1;31.6422;1;0;NaN;NaN
NED2010002_15;MFD_SETNO15;44.8282;-60.1818;336909;24;13-mar-10;14:40:07;31.6514;1.259;NaN;NaN;9;1.259;1;31.6514;1;0;NaN;NaN
NED2010002_15;MFD_SETNO15;44.8282;-60.1818;336908;50;13-mar-10;14:40:07;31.8572;1.4807;7.48175;7.48175;1;1.4807;1;31.8572;1;0;NaN;NaN
NED2010002_15;MFD_SETNO15;44.8282;-60.1818;336907;179;13-mar-10;14:40:07;32.796;3.2355;5.8295;5.8295;1;3.2355;1;32.796;1;0;NaN;NaN
NED2010002_16;MFD_SETNO16;44.7223;-60.0345;336914;6;13-mar-10;17:40:04;31.9082;1.7513;7.54646;7.54646;1;1.7513;1;31.9082;1;0;NaN;NaN
NED2010002_16;MFD_SETNO16;44.7223;-60.0345;336913;25;13-mar-10;17:40:04;32.0249;1.6576;7.34088;7.34088;1;1.6576;1;32.0249;1;0;NaN;NaN
NED2010002_16;MFD_SETNO16;44.7223;-60.0345;336912;50;13-mar-10;17:40:04;32.2356;2.1491;6.70156;6.70156;1;2.1491;1;32.2356;1;0;NaN;NaN
NED2010002_16;MFD_SETNO16;44.7223;-60.0345;336911;121;13-mar-10;17:40:04;32.6348;3.0094;6.04435;6.04435;1;3.0094;1;32.6348;1;0;NaN;NaN
NED2010002_17;MFD_SETNO17;44.587;-59.6892;336918;5;13-mar-10;20:26:50;32.0489;2.0135;8.02778;8.02778;1;2.0135;1;32.0489;1;0;NaN;NaN
NED2010002_17;MFD_SETNO17;44.587;-59.6892;336917;25;13-mar-10;20:26:50;32.0443;1.8016;7.87093;7.87093;1;1.8016;1;32.0443;1;0;NaN;NaN
NED2010002_17;MFD_SETNO17;44.587;-59.6892;336916;50;13-mar-10;20:26:50;32.1467;1.7738;7.3113;7.3113;1;1.7738;1;32.1467;1;0;NaN;NaN
NED2010002_17;MFD_SETNO17;44.587;-59.6892;336915;73;13-mar-10;20:26:50;32.1727;1.8479;7.18793;7.18793;1;1.8479;1;32.1727;1;0;NaN;NaN
NED2010002_18;MFD_SETNO18;44.6845;-59.6038;336922;5;13-mar-10;23:32:16;31.9948;1.7161;7.58891;7.58891;1;1.7161;1;31.9948;1;0;NaN;NaN
NED2010002_18;MFD_SETNO18;44.6845;-59.6038;336921;25;13-mar-10;23:32:16;31.9929;1.6012;7.60858;7.60858;1;1.6012;1;31.9929;1;0;NaN;NaN
NED2010002_18;MFD_SETNO18;44.6845;-59.6038;336920;50;13-mar-10;23:32:16;32.0156;1.5747;7.45765;7.45765;1;1.5747;1;32.0156;1;0;NaN;NaN
NED2010002_18;MFD_SETNO18;44.6845;-59.6038;336919;156;13-mar-10;23:32:16;32.8786;3.4828;5.76598;5.76598;1;3.4828;1;32.8786;1;0;NaN;NaN
NED2010002_19;MFD_SETNO19;44.6598;-59.0623;336926;6;14-mar-10;04:05:27;32.0019;1.5235;7.61006;7.61006;1;1.5235;1;32.0019;1;0;NaN;NaN
NED2010002_19;MFD_SETNO19;44.6598;-59.0623;336925;26;14-mar-10;04:05:27;32.0019;1.4393;7.61709;7.61709;1;1.4393;1;32.0019;1;0;NaN;NaN
NED2010002_19;MFD_SETNO19;44.6598;-59.0623;336924;50;14-mar-10;04:05:27;32.123;1.6052;7.18397;7.18397;1;1.6052;1;32.123;1;0;NaN;NaN
NED2010002_19;MFD_SETNO19;44.6598;-59.0623;336923;123;14-mar-10;04:05:27;32.6526;2.6417;5.81894;5.81894;1;2.6417;1;32.6526;1;0;NaN;NaN
NED2010002_20;MFD_SETNO20;44.7712;-59.1777;336930;5;14-mar-10;07:02:15;31.9592;1.502;7.59752;7.59752;1;1.502;1;31.9592;1;0;NaN;NaN
NED2010002_20;MFD_SETNO20;44.7712;-59.1777;336929;25;14-mar-10;07:02:15;31.9621;1.4045;7.56737;7.56737;1;1.4045;1;31.9621;1;0;NaN;NaN
NED2010002_20;MFD_SETNO20;44.7712;-59.1777;336928;50;14-mar-10;07:02:15;32.0467;1.6007;7.35403;7.35403;1;1.6007;1;32.0467;1;0;NaN;NaN
NED2010002_20;MFD_SETNO20;44.7712;-59.1777;336927;173;14-mar-10;07:02:15;32.6766;2.6681;5.79425;5.79425;1;2.6681;1;32.6766;1;0;NaN;NaN
NED2010002_21;MFD_SETNO21;44.718;-59.2068;336934;5;14-mar-10;09:30:51;31.995;1.5649;7.57203;7.57203;1;1.5649;1;31.995;1;0;NaN;NaN
NED2010002_21;MFD_SETNO21;44.718;-59.2068;336933;26;14-mar-10;09:30:51;31.9973;1.5368;7.59189;7.59189;1;1.5368;1;31.9973;1;0;NaN;NaN
NED2010002_21;MFD_SETNO21;44.718;-59.2068;336932;50;14-mar-10;09:30:51;32.0966;1.6495;7.27825;7.27825;1;1.6495;1;32.0966;1;0;NaN;NaN
NED2010002_21;MFD_SETNO21;44.718;-59.2068;336931;212;14-mar-10;09:30:51;32.6144;2.7539;5.83089;5.83089;1;2.7539;1;32.6144;1;0;NaN;NaN
NED2010002_22;MFD_SETNO22;45.0352;-59.3868;336938;6;14-mar-10;13:27:19;31.731;1.1394;7.68466;7.68466;1;1.1394;1;31.731;1;0;NaN;NaN
NED2010002_22;MFD_SETNO22;45.0352;-59.3868;336937;25;14-mar-10;13:27:19;31.8202;1.3133;7.6116;7.6116;1;1.3133;1;31.8202;1;0;NaN;NaN
NED2010002_22;MFD_SETNO22;45.0352;-59.3868;336936;50;14-mar-10;13:27:19;31.9861;1.552;7.0607;7.0607;1;1.552;1;31.9861;1;0;NaN;NaN
NED2010002_22;MFD_SETNO22;45.0352;-59.3868;336935;87;14-mar-10;13:27:19;32.2848;2.1772;6.42793;6.42793;1;2.1772;1;32.2848;1;0;NaN;NaN
NED2010002_24;MFD_SETNO24;45.1388;-59.4608;336942;5;14-mar-10;15:30:59;31.6183;0.9973;7.81044;7.81044;1;0.9973;1;31.6183;1;0;NaN;NaN
NED2010002_24;MFD_SETNO24;45.1388;-59.4608;336941;25;14-mar-10;15:30:59;31.7509;1.1584;7.68293;7.68293;1;1.1584;1;31.7509;1;0;NaN;NaN
NED2010002_24;MFD_SETNO24;45.1388;-59.4608;336940;50;14-mar-10;15:30:59;31.8151;1.1494;7.51873;7.51873;1;1.1494;1;31.8151;1;0;NaN;NaN
NED2010002_24;MFD_SETNO24;45.1388;-59.4608;336939;86;14-mar-10;15:30:59;32.2657;1.737;6.62945;6.62945;1;1.737;1;32.2657;1;0;NaN;NaN
NED2010002_25;MFD_SETNO25;45.2275;-59.8223;336946;5;14-mar-10;18:25:44;31.1307;0.4296;8.09881;8.09881;1;0.4296;1;31.1307;1;0;NaN;NaN
NED2010002_25;MFD_SETNO25;45.2275;-59.8223;336945;25;14-mar-10;18:25:44;31.2797;0.0031;7.89965;7.89965;1;0.0031;1;31.2797;1;0;NaN;NaN
NED2010002_25;MFD_SETNO25;45.2275;-59.8223;336944;50;14-mar-10;18:25:44;31.4947;0.3483;7.73253;7.73253;1;0.3483;1;31.4947;1;0;NaN;NaN
NED2010002_25;MFD_SETNO25;45.2275;-59.8223;336943;79;14-mar-10;18:25:44;32.0093;1.1555;7.11862;7.11862;1;1.1555;1;32.0093;1;0;NaN;NaN
NED2010002_26;MFD_SETNO26;45.5563;-59.4533;336950;5;14-mar-10;22:12:39;31.6334;0.9568;7.8447;7.8447;1;0.9568;1;31.6334;1;0;NaN;NaN
NED2010002_26;MFD_SETNO26;45.5563;-59.4533;336949;24;14-mar-10;22:12:39;31.6658;0.5455;7.95978;7.95978;1;0.5455;1;31.6658;1;0;NaN;NaN
NED2010002_26;MFD_SETNO26;45.5563;-59.4533;336948;51;14-mar-10;22:12:39;31.8618;0.451;7.65939;7.65939;1;0.451;1;31.8618;1;0;NaN;NaN
NED2010002_26;MFD_SETNO26;45.5563;-59.4533;336947;127;14-mar-10;22:12:39;33.0916;2.3509;5.68905;5.68905;1;2.3509;1;33.0916;1;0;NaN;NaN
NED2010002_27;MFD_SETNO27;45.4722;-59.4348;336954;5;15-mar-10;00:45:08;31.6943;0.6232;8.00293;8.00293;1;0.6232;1;31.6943;1;0;NaN;NaN
NED2010002_27;MFD_SETNO27;45.4722;-59.4348;336953;25;15-mar-10;00:45:08;31.7416;0.4612;7.89373;7.89373;1;0.4612;1;31.7416;1;0;NaN;NaN
NED2010002_27;MFD_SETNO27;45.4722;-59.4348;336952;50;15-mar-10;00:45:08;31.8399;0.4596;7.66027;7.66027;1;0.4596;1;31.8399;1;0;NaN;NaN
NED2010002_27;MFD_SETNO27;45.4722;-59.4348;336951;162;15-mar-10;00:45:08;33.3785;2.9781;5.28037;5.28037;1;2.9781;1;33.3785;1;0;NaN;NaN
NED2010002_28;MFD_SETNO28;45.225;-58.8842;336958;7;15-mar-10;04:34:38;31.6571;0.9494;7.77422;7.77422;1;0.9494;1;31.6571;1;0;NaN;NaN
NED2010002_28;MFD_SETNO28;45.225;-58.8842;336957;25;15-mar-10;04:34:38;31.7474;0.8998;NaN;NaN;9;0.8998;1;31.7474;1;0;NaN;NaN
NED2010002_28;MFD_SETNO28;45.225;-58.8842;336956;50;15-mar-10;04:34:38;31.837;0.9781;7.59814;7.59814;1;0.9781;1;31.837;1;0;NaN;NaN
NED2010002_28;MFD_SETNO28;45.225;-58.8842;336955;78;15-mar-10;04:34:38;32.1557;1.4895;6.9325;6.9325;1;1.4895;1;32.1557;1;0;NaN;NaN
NED2010002_29;MFD_SETNO29;45.3265;-58.588;336962;5;15-mar-10;07:28:42;31.7478;1.2332;7.66078;7.66078;1;1.2332;1;31.7478;1;0;NaN;NaN
NED2010002_29;MFD_SETNO29;45.3265;-58.588;336961;25;15-mar-10;07:28:42;31.7732;1.0395;7.71209;7.71209;1;1.0395;1;31.7732;1;0;NaN;NaN
NED2010002_29;MFD_SETNO29;45.3265;-58.588;336960;49;15-mar-10;07:28:42;31.8862;1.0481;7.48046;7.48046;1;1.0481;1;31.8862;1;0;NaN;NaN
NED2010002_29;MFD_SETNO29;45.3265;-58.588;336959;91;15-mar-10;07:28:42;32.167;1.0487;7.29899;7.29899;1;1.0487;1;32.167;1;0;NaN;NaN
NED2010002_30;MFD_SETNO30;45.131;-58.5248;336966;6;15-mar-10;10:35:18;31.7981;1.1806;7.69308;7.69308;1;1.1806;1;31.7981;1;0;NaN;NaN
NED2010002_30;MFD_SETNO30;45.131;-58.5248;336965;26;15-mar-10;10:35:18;31.8252;0.9648;7.70621;7.70621;1;0.9648;1;31.8252;1;0;NaN;NaN
NED2010002_30;MFD_SETNO30;45.131;-58.5248;336964;50;15-mar-10;10:35:18;31.8827;0.9478;7.63018;7.63018;1;0.9478;1;31.8827;1;0;NaN;NaN
NED2010002_30;MFD_SETNO30;45.131;-58.5248;336963;84;15-mar-10;10:35:18;32.2414;0.9582;7.40581;7.40581;1;0.9582;1;32.2414;1;0;NaN;NaN
NED2010002_31;MFD_SETNO31;45.0633;-58.563;336970;5;15-mar-10;12:20:19;31.778;1.1274;7.72826;7.72826;1;1.1274;1;31.778;1;0;NaN;NaN
NED2010002_31;MFD_SETNO31;45.0633;-58.563;336969;25;15-mar-10;12:20:19;31.8099;0.9455;7.73671;7.73671;1;0.9455;1;31.8099;1;0;NaN;NaN
NED2010002_31;MFD_SETNO31;45.0633;-58.563;336968;51;15-mar-10;12:20:19;31.9344;0.7837;7.57728;7.57728;1;0.7837;1;31.9344;1;0;NaN;NaN
NED2010002_31;MFD_SETNO31;45.0633;-58.563;336967;76;15-mar-10;12:20:19;32.1934;0.9227;7.54464;7.54464;1;0.9227;1;32.1934;1;0;NaN;NaN
NED2010002_32;MFD_SETNO32;44.821;-58.5737;336974;5;15-mar-10;15:21:52;32.0182;1.462;8.08622;8.08622;1;1.462;1;32.0182;1;0;NaN;NaN
NED2010002_32;MFD_SETNO32;44.821;-58.5737;336973;25;15-mar-10;15:21:52;32.0063;1.3043;7.76706;7.76706;1;1.3043;1;32.0063;1;0;NaN;NaN
NED2010002_32;MFD_SETNO32;44.821;-58.5737;336972;50;15-mar-10;15:21:52;32.0106;1.2824;7.66811;7.66811;1;1.2824;1;32.0106;1;0;NaN;NaN
NED2010002_32;MFD_SETNO32;44.821;-58.5737;336971;234;15-mar-10;15:21:52;32.949;2.2456;6.06157;6.06157;1;2.2456;1;32.949;1;0;NaN;NaN
NED2010002_33;MFD_SETNO33;44.8495;-58.1977;336978;5;15-mar-10;18:31:14;31.9665;1.4007;7.75747;7.75747;1;1.4007;1;31.9665;1;0;NaN;NaN
NED2010002_33;MFD_SETNO33;44.8495;-58.1977;336977;25;15-mar-10;18:31:14;32.0044;1.1354;7.77536;7.77536;1;1.1354;1;32.0044;1;0;NaN;NaN
NED2010002_33;MFD_SETNO33;44.8495;-58.1977;336976;51;15-mar-10;18:31:14;32.1124;1.0338;7.74742;7.74742;1;1.0338;1;32.1124;1;0;NaN;NaN
NED2010002_33;MFD_SETNO33;44.8495;-58.1977;336975;170;15-mar-10;18:31:14;32.7934;2.035;6.16893;6.16893;1;2.035;1;32.7934;1;0;NaN;NaN
NED2010002_34;MFD_SETNO34;44.9135;-58.1803;336982;5;15-mar-10;20:36:21;31.9124;1.3986;7.69312;7.69312;1;1.3986;1;31.9124;1;0;NaN;NaN
NED2010002_34;MFD_SETNO34;44.9135;-58.1803;336981;25;15-mar-10;20:36:21;31.9485;1.1311;7.86527;7.86527;1;1.1311;1;31.9485;1;0;NaN;NaN
NED2010002_34;MFD_SETNO34;44.9135;-58.1803;336980;48;15-mar-10;20:36:21;32.0089;1.3827;7.89406;7.89406;1;1.3827;1;32.0089;1;0;NaN;NaN
NED2010002_34;MFD_SETNO34;44.9135;-58.1803;336979;73;15-mar-10;20:36:21;32.234;1.2755;7.05543;7.05543;1;1.2755;1;32.234;1;0;NaN;NaN
NED2010002_35;MFD_SETNO35;45.1642;-58.369;336986;5;16-mar-10;00:34:56;31.7826;0.998;7.7796;7.7796;1;0.998;1;31.7826;1;0;NaN;NaN
NED2010002_35;MFD_SETNO35;45.1642;-58.369;336985;25;16-mar-10;00:34:56;31.7867;0.8734;7.74987;7.74987;1;0.8734;1;31.7867;1;0;NaN;NaN
NED2010002_35;MFD_SETNO35;45.1642;-58.369;336984;51;16-mar-10;00:34:56;31.9123;0.8386;7.49375;7.49375;1;0.8386;1;31.9123;1;0;NaN;NaN
NED2010002_35;MFD_SETNO35;45.1642;-58.369;336983;158;16-mar-10;00:34:56;33.4483;3.2055;5.26909;5.26909;1;3.2055;1;33.4483;1;0;NaN;NaN
NED2010002_36;MFD_SETNO36;45.028;-57.9778;336990;4;16-mar-10;04:44:00;31.9723;1.2421;7.812;7.812;1;1.2421;1;31.9723;1;0;NaN;NaN
NED2010002_36;MFD_SETNO36;45.028;-57.9778;336989;24;16-mar-10;04:44:00;31.9726;1.2498;7.81575;7.81575;1;1.2498;1;31.9726;1;0;NaN;NaN
NED2010002_36;MFD_SETNO36;45.028;-57.9778;336988;50;16-mar-10;04:44:00;32.1242;0.9445;7.54044;7.54044;1;0.9445;1;32.1242;1;0;NaN;NaN
NED2010002_36;MFD_SETNO36;45.028;-57.9778;336987;123;16-mar-10;04:44:00;33.1062;2.3122;6.06902;6.06902;1;2.3122;1;33.1062;1;0;NaN;NaN
NED2010002_37;MFD_SETNO37;45.2308;-57.9907;336994;4;16-mar-10;07:41:37;32.0607;1.0232;7.74467;7.74467;1;1.0232;1;32.0607;1;0;NaN;NaN
NED2010002_37;MFD_SETNO37;45.2308;-57.9907;336993;25;16-mar-10;07:41:37;32.0673;1.0332;7.74739;7.74739;1;1.0332;1;32.0673;1;0;NaN;NaN
NED2010002_37;MFD_SETNO37;45.2308;-57.9907;336992;50;16-mar-10;07:41:37;32.2379;0.8949;7.44292;7.44292;1;0.8949;1;32.2379;1;0;NaN;NaN
NED2010002_37;MFD_SETNO37;45.2308;-57.9907;336991;73;16-mar-10;07:41:37;32.3368;0.9243;7.31991;7.31991;1;0.9243;1;32.3368;1;0;NaN;NaN
NED2010002_39;MFD_SETNO39;45.3075;-57.7845;336998;5;16-mar-10;13:18:54;31.9324;0.8898;7.79006;7.79006;1;0.8898;1;31.9324;1;0;NaN;NaN
NED2010002_39;MFD_SETNO39;45.3075;-57.7845;336997;24;16-mar-10;13:18:54;31.9672;0.9311;7.83209;7.83209;1;0.9311;1;31.9672;1;0;NaN;NaN
NED2010002_39;MFD_SETNO39;45.3075;-57.7845;336996;50;16-mar-10;13:18:54;32.1657;0.8825;7.65407;7.65407;1;0.8825;1;32.1657;1;0;NaN;NaN
NED2010002_39;MFD_SETNO39;45.3075;-57.7845;336995;154;16-mar-10;13:18:54;33.5727;3.636;5.29109;5.29109;1;3.636;1;33.5727;1;0;NaN;NaN
NED2010002_40;MFD_SETNO40;45.4888;-57.6332;357504;4;16-mar-10;16:14:49;31.7107;0.7178;7.90075;7.90075;1;0.7178;1;31.7107;1;0;NaN;NaN
NED2010002_40;MFD_SETNO40;45.4888;-57.6332;357503;25;16-mar-10;16:14:49;31.8232;0.74;7.814;7.814;1;0.74;1;31.8232;1;0;NaN;NaN
NED2010002_40;MFD_SETNO40;45.4888;-57.6332;357502;49;16-mar-10;16:14:49;32.0814;0.7901;7.68054;7.68054;1;0.7901;1;32.0814;1;0;NaN;NaN
NED2010002_40;MFD_SETNO40;45.4888;-57.6332;357501;447;16-mar-10;16:14:49;34.8191;5.1776;3.43679;3.43679;1;5.1776;1;34.8191;1;0;NaN;NaN
NED2010002_42;MFD_SETNO42;45.3668;-57.2838;357508;5;16-mar-10;20:59:26;31.8176;1.0479;7.78989;7.78989;1;1.0479;1;31.8176;1;0;NaN;NaN
NED2010002_42;MFD_SETNO42;45.3668;-57.2838;357507;25;16-mar-10;20:59:26;31.8239;0.6689;7.82413;7.82413;1;0.6689;1;31.8239;1;0;NaN;NaN
NED2010002_42;MFD_SETNO42;45.3668;-57.2838;357506;49;16-mar-10;20:59:26;32.1093;0.6706;7.89836;7.89836;1;0.6706;1;32.1093;1;0;NaN;NaN
NED2010002_42;MFD_SETNO42;45.3668;-57.2838;357505;443;16-mar-10;20:59:26;34.9003;5.2917;4.06556;4.06556;1;5.2917;1;34.9003;1;0;NaN;NaN
NED2010002_43;MFD_SETNO43;45.2848;-57.1662;357512;6;16-mar-10;23:04:37;32.3601;1.0324;7.47868;7.47868;1;1.0324;1;32.3601;1;0;NaN;NaN
NED2010002_43;MFD_SETNO43;45.2848;-57.1662;357511;25;16-mar-10;23:04:37;32.4619;0.2995;7.75956;7.75956;1;0.2995;1;32.4619;1;0;NaN;NaN
NED2010002_43;MFD_SETNO43;45.2848;-57.1662;357510;51;16-mar-10;23:04:37;32.487;0.3754;7.7124;7.7124;1;0.3754;1;32.487;1;0;NaN;NaN
NED2010002_43;MFD_SETNO43;45.2848;-57.1662;357509;441;16-mar-10;23:04:37;34.8918;5.2714;3.99338;3.99338;1;5.2714;1;34.8918;1;0;NaN;NaN
NED2010002_44;MFD_SETNO44;45.2115;-57.5938;357516;4;17-mar-10;02:27:55;31.9501;1.4366;7.73654;7.73654;1;1.4366;1;31.9501;1;0;NaN;NaN
NED2010002_44;MFD_SETNO44;45.2115;-57.5938;357515;25;17-mar-10;02:27:55;31.9755;1.2946;7.74815;7.74815;1;1.2946;1;31.9755;1;0;NaN;NaN
NED2010002_44;MFD_SETNO44;45.2115;-57.5938;357514;50;17-mar-10;02:27:55;32.147;0.9833;7.66941;7.66941;1;0.9833;1;32.147;1;0;NaN;NaN
NED2010002_44;MFD_SETNO44;45.2115;-57.5938;357513;343;17-mar-10;02:27:55;34.6421;5.3999;3.19354;3.19354;1;5.3999;1;34.6421;1;0;NaN;NaN
NED2010002_45;MFD_SETNO45;44.9797;-57.6132;357519;5;17-mar-10;04:54:32;32.0179;1.0387;7.70159;7.70159;1;1.0387;1;32.0179;1;0;NaN;NaN
NED2010002_45;MFD_SETNO45;44.9797;-57.6132;357518;25;17-mar-10;04:54:32;32.027;0.9299;7.72232;7.72232;1;0.9299;1;32.027;1;0;NaN;NaN
NED2010002_45;MFD_SETNO45;44.9797;-57.6132;357517;43;17-mar-10;04:54:32;32.1077;0.8851;7.55234;7.55234;1;0.8851;1;32.1077;1;0;NaN;NaN
NED2010002_46;MFD_SETNO46;44.9323;-57.2933;357524;5;17-mar-10;07:29:21;31.9507;0.9112;7.78751;7.78751;1;0.9112;1;31.9507;1;0;NaN;NaN
NED2010002_46;MFD_SETNO46;44.9323;-57.2933;357523;25;17-mar-10;07:29:21;32.0073;0.8173;7.73469;7.73469;1;0.8173;1;32.0073;1;0;NaN;NaN
NED2010002_46;MFD_SETNO46;44.9323;-57.2933;357522;50;17-mar-10;07:29:21;32.1471;0.7194;7.55825;7.55825;1;0.7194;1;32.1471;1;0;NaN;NaN
NED2010002_46;MFD_SETNO46;44.9323;-57.2933;357521;401;17-mar-10;07:29:21;34.8297;5.1975;3.54214;3.54214;1;5.1975;1;34.8297;1;0;NaN;NaN
NED2010002_48;MFD_SETNO48;44.9748;-56.8035;357528;5;17-mar-10;11:17:37;32.4985;1.0777;7.74739;7.74739;1;1.0777;1;32.4985;1;0;NaN;NaN
NED2010002_48;MFD_SETNO48;44.9748;-56.8035;357527;25;17-mar-10;11:17:37;32.551;1.1221;7.75454;7.75454;1;1.1221;1;32.551;1;0;NaN;NaN
NED2010002_48;MFD_SETNO48;44.9748;-56.8035;357526;50;17-mar-10;11:17:37;32.554;1.0158;7.79394;7.79394;1;1.0158;1;32.554;1;0;NaN;NaN
NED2010002_48;MFD_SETNO48;44.9748;-56.8035;357525;411;17-mar-10;11:17:37;34.9118;5.3876;4.18176;4.18176;1;5.3876;1;34.9118;1;0;NaN;NaN
NED2010002_49;MFD_SETNO49;44.7763;-56.984;357532;5;17-mar-10;14:06:05;32.2511;1.4;7.74857;7.74857;1;1.4;1;32.2511;1;0;NaN;NaN
NED2010002_49;MFD_SETNO49;44.7763;-56.984;357531;25;17-mar-10;14:06:05;32.4144;1.0519;7.66578;7.66578;1;1.0519;1;32.4144;1;0;NaN;NaN
NED2010002_49;MFD_SETNO49;44.7763;-56.984;357530;50;17-mar-10;14:06:05;32.5842;0.9681;7.49501;7.49501;1;0.9681;1;32.5842;1;0;NaN;NaN
NED2010002_49;MFD_SETNO49;44.7763;-56.984;357529;414;17-mar-10;14:06:05;34.8596;5.1673;3.72993;3.72993;1;5.1673;1;34.8596;1;0;NaN;NaN
NED2010002_50;MFD_SETNO50;44.6867;-57.0458;357536;5;17-mar-10;16:17:28;32.2636;1.5622;7.7318;7.7318;1;1.5622;1;32.2636;1;0;NaN;NaN
NED2010002_50;MFD_SETNO50;44.6867;-57.0458;357535;25;17-mar-10;16:17:28;32.4643;1.2776;7.71651;7.71651;1;1.2776;1;32.4643;1;0;NaN;NaN
NED2010002_50;MFD_SETNO50;44.6867;-57.0458;357534;49;17-mar-10;16:17:28;32.5848;1.2195;7.53081;7.53081;1;1.2195;1;32.5848;1;0;NaN;NaN
NED2010002_50;MFD_SETNO50;44.6867;-57.0458;357533;414;17-mar-10;16:17:28;34.8394;5.1753;3.58732;3.58732;1;5.1753;1;34.8394;1;0;NaN;NaN
NED2010002_51;MFD_SETNO51;44.7315;-57.8545;357539;5;17-mar-10;21:10:54;32.1675;1.5596;7.81384;7.81384;1;1.5596;1;32.1675;1;0;NaN;NaN
NED2010002_51;MFD_SETNO51;44.7315;-57.8545;357538;25;17-mar-10;21:10:54;32.1738;1.4;7.79209;7.79209;1;1.4;1;32.1738;1;0;NaN;NaN
NED2010002_51;MFD_SETNO51;44.7315;-57.8545;357537;40;17-mar-10;21:10:54;32.1725;1.3965;7.78264;7.78264;1;1.3965;1;32.1725;1;0;NaN;NaN
NED2010002_52;MFD_SETNO52;44.589;-57.8163;357542;5;17-mar-10;22:59:52;32.0878;1.4103;7.76036;7.76036;1;1.4103;1;32.0878;1;0;NaN;NaN
NED2010002_52;MFD_SETNO52;44.589;-57.8163;357541;25;17-mar-10;22:59:52;32.1233;1.2014;7.73886;7.73886;1;1.2014;1;32.1233;1;0;NaN;NaN
NED2010002_52;MFD_SETNO52;44.589;-57.8163;357540;33;17-mar-10;22:59:52;32.1268;1.1941;7.76594;7.76594;1;1.1941;1;32.1268;1;0;NaN;NaN
NED2010002_53;MFD_SETNO53;44.595;-57.9915;357545;5;18-mar-10;00:40:15;32.1605;1.427;7.71267;7.71267;1;1.427;1;32.1605;1;0;NaN;NaN
NED2010002_53;MFD_SETNO53;44.595;-57.9915;357544;24;18-mar-10;00:40:15;32.1619;1.3291;7.70678;7.70678;1;1.3291;1;32.1619;1;0;NaN;NaN
NED2010002_53;MFD_SETNO53;44.595;-57.9915;357543;48;18-mar-10;00:40:15;32.1633;1.3247;7.72791;7.72791;1;1.3247;1;32.1633;1;0;NaN;NaN
NED2010002_54;MFD_SETNO54;44.3537;-57.5717;357549;5;18-mar-10;04:50:49;32.3763;1.2183;7.67187;7.67187;1;1.2183;1;32.3763;1;0;NaN;NaN
NED2010002_54;MFD_SETNO54;44.3537;-57.5717;357548;26;18-mar-10;04:50:49;32.4954;0.8881;7.61293;7.61293;1;0.8881;1;32.4954;1;0;NaN;NaN
NED2010002_54;MFD_SETNO54;44.3537;-57.5717;357547;50;18-mar-10;04:50:49;32.6176;1.1995;7.44236;7.44236;1;1.1995;1;32.6176;1;0;NaN;NaN
NED2010002_54;MFD_SETNO54;44.3537;-57.5717;357546;179;18-mar-10;04:50:49;33.8281;4.9045;5.24065;5.24065;1;4.9045;1;33.8281;1;0;NaN;NaN
NED2010002_55;MFD_SETNO55;44.3372;-57.739;357553;5;18-mar-10;08:41:41;32.1206;1.236;7.70293;7.70293;1;1.236;1;32.1206;1;0;NaN;NaN
NED2010002_55;MFD_SETNO55;44.3372;-57.739;357552;24;18-mar-10;08:41:41;32.2329;1.2769;7.66101;7.66101;1;1.2769;1;32.2329;1;0;NaN;NaN
NED2010002_55;MFD_SETNO55;44.3372;-57.739;357551;50;18-mar-10;08:41:41;32.3587;1.108;7.69638;7.69638;1;1.108;1;32.3587;1;0;NaN;NaN
NED2010002_55;MFD_SETNO55;44.3372;-57.739;357550;223;18-mar-10;08:41:41;34.5392;7.0985;4.14684;4.14684;1;7.0985;1;34.5392;1;0;NaN;NaN
NED2010002_56;MFD_SETNO56;44.3543;-57.8832;357557;5;18-mar-10;10:12:58;32.095;1.0924;7.68091;7.68091;1;1.0924;1;32.095;1;0;NaN;NaN
NED2010002_56;MFD_SETNO56;44.3543;-57.8832;357556;25;18-mar-10;10:12:58;32.0962;1.0883;7.70294;7.70294;1;1.0883;1;32.0962;1;0;NaN;NaN
NED2010002_56;MFD_SETNO56;44.3543;-57.8832;357555;49;18-mar-10;10:12:58;32.2076;0.9943;7.60387;7.60387;1;0.9943;1;32.2076;1;0;NaN;NaN
NED2010002_56;MFD_SETNO56;44.3543;-57.8832;357554;111;18-mar-10;10:12:58;32.6091;1.0428;7.21546;7.21546;1;1.0428;1;32.6091;1;0;NaN;NaN
NED2010002_57;MFD_SETNO57;44.3645;-59.2852;357561;4;20-mar-10;10:42:31;32.2689;2.1519;8.09228;8.09228;1;2.1519;1;32.2689;1;0;NaN;NaN
NED2010002_57;MFD_SETNO57;44.3645;-59.2852;357560;24;20-mar-10;10:42:31;32.4937;2.1092;7.74228;7.74228;1;2.1092;1;32.4937;1;0;NaN;NaN
NED2010002_57;MFD_SETNO57;44.3645;-59.2852;357559;49;20-mar-10;10:42:31;32.5931;2.1721;7.5082;7.5082;1;2.1721;1;32.5931;1;0;NaN;NaN
NED2010002_57;MFD_SETNO57;44.3645;-59.2852;357558;189;20-mar-10;10:42:31;34.2334;6.2391;4.91873;4.91873;1;6.2391;1;34.2334;1;0;NaN;NaN
NED2010002_59;MFD_SETNO59;43.7262;-59.4678;357565;5;20-mar-10;17:34:22;32.3653;2.8482;8.68382;8.68382;1;2.8482;1;32.3653;1;0;NaN;NaN
NED2010002_59;MFD_SETNO59;43.7262;-59.4678;357564;25;20-mar-10;17:34:22;32.6309;2.6369;7.75807;7.75807;1;2.6369;1;32.6309;1;0;NaN;NaN
NED2010002_59;MFD_SETNO59;43.7262;-59.4678;357563;50;20-mar-10;17:34:22;32.8329;2.9171;7.24866;7.24866;1;2.9171;1;32.8329;1;0;NaN;NaN
NED2010002_59;MFD_SETNO59;43.7262;-59.4678;357562;106;20-mar-10;17:34:22;33.3691;4.4378;6.25596;6.25596;1;4.4378;1;33.3691;1;0;NaN;NaN
NED2010002_60;MFD_SETNO60;43.6312;-59.7145;357569;5;20-mar-10;19:36:36;32.4006;3.0462;8.66798;8.66798;1;3.0462;1;32.4006;1;0;NaN;NaN
NED2010002_60;MFD_SETNO60;43.6312;-59.7145;357568;25;20-mar-10;19:36:36;32.7405;2.7172;7.46181;7.46181;1;2.7172;1;32.7405;1;0;NaN;NaN
NED2010002_60;MFD_SETNO60;43.6312;-59.7145;357567;50;20-mar-10;19:36:36;32.8039;2.8827;7.39471;7.39471;1;2.8827;1;32.8039;1;0;NaN;NaN
NED2010002_60;MFD_SETNO60;43.6312;-59.7145;357566;156;20-mar-10;19:36:36;34.0882;6.8937;5.39295;5.39295;1;6.8937;1;34.0882;1;0;NaN;NaN
NED2010002_61;MFD_SETNO61;43.6927;-60.0682;357573;6;20-mar-10;22:04:52;32.4464;2.7876;8.54843;8.54843;1;2.7876;1;32.4464;1;0;NaN;NaN
NED2010002_61;MFD_SETNO61;43.6927;-60.0682;357572;26;20-mar-10;22:04:52;32.4541;2.385;7.87476;7.87476;1;2.385;1;32.4541;1;0;NaN;NaN
NED2010002_61;MFD_SETNO61;43.6927;-60.0682;357571;50;20-mar-10;22:04:52;32.6673;2.6876;7.3341;7.3341;1;2.6876;1;32.6673;1;0;NaN;NaN
NED2010002_61;MFD_SETNO61;43.6927;-60.0682;357570;59;20-mar-10;22:04:52;32.6831;2.7425;7.28092;7.28092;1;2.7425;1;32.6831;1;0;NaN;NaN
NED2010002_62;MFD_SETNO62;43.6907;-60.9172;357576;6;21-mar-10;02:36:48;32.2528;2.9331;7.78256;7.78256;1;2.9331;1;32.2528;1;0;NaN;NaN
NED2010002_62;MFD_SETNO62;43.6907;-60.9172;357575;25;21-mar-10;02:36:48;32.2462;2.4858;7.72398;7.72398;1;2.4858;1;32.2462;1;0;NaN;NaN
NED2010002_62;MFD_SETNO62;43.6907;-60.9172;357574;48;21-mar-10;02:36:48;32.245;2.3377;7.69056;7.69056;1;2.3377;1;32.245;1;0;NaN;NaN
NED2010002_63;MFD_SETNO63;43.3973;-61.5452;357581;6;21-mar-10;06:23:11;32.5135;2.914;7.92562;7.92562;1;2.914;1;32.5135;1;0;NaN;NaN
NED2010002_63;MFD_SETNO63;43.3973;-61.5452;357580;24;21-mar-10;06:23:11;32.328;2.8448;7.94391;7.94391;1;2.8448;1;32.328;1;0;NaN;NaN
NED2010002_63;MFD_SETNO63;43.3973;-61.5452;357579;50;21-mar-10;06:23:11;32.7108;2.9335;7.41397;7.41397;1;2.9335;1;32.7108;1;0;NaN;NaN
NED2010002_63;MFD_SETNO63;43.3973;-61.5452;357578;75;21-mar-10;06:23:11;32.9855;3.9475;6.86614;6.86614;1;3.9475;1;32.9855;1;0;NaN;NaN
NED2010002_64;MFD_SETNO64;43.4373;-62.5963;357585;6;21-mar-10;11:01:36;32.2108;3.7492;7.47238;7.47238;1;3.7492;1;32.2108;1;0;NaN;NaN
NED2010002_64;MFD_SETNO64;43.4373;-62.5963;357584;26;21-mar-10;11:01:36;32.3617;3.1759;7.57609;7.57609;1;3.1759;1;32.3617;1;0;NaN;NaN
NED2010002_64;MFD_SETNO64;43.4373;-62.5963;357583;51;21-mar-10;11:01:36;32.4704;3.0545;7.33814;7.33814;1;3.0545;1;32.4704;1;0;NaN;NaN
NED2010002_64;MFD_SETNO64;43.4373;-62.5963;357582;91;21-mar-10;11:01:36;34.0654;8.0243;4.10695;4.10695;1;8.0243;1;34.0654;1;0;NaN;NaN
NED2010002_65;MFD_SETNO65;43.231;-63.0787;357589;5;21-mar-10;13:40:30;32.419;4.1866;7.3992;7.3992;1;4.1866;1;32.419;1;0;NaN;NaN
NED2010002_65;MFD_SETNO65;43.231;-63.0787;357588;25;21-mar-10;13:40:30;32.4239;4.0093;7.43351;7.43351;1;4.0093;1;32.4239;1;0;NaN;NaN
NED2010002_65;MFD_SETNO65;43.231;-63.0787;357587;50;21-mar-10;13:40:30;32.4525;3.8808;7.26443;7.26443;1;3.8808;1;32.4525;1;0;NaN;NaN
NED2010002_65;MFD_SETNO65;43.231;-63.0787;357586;119;21-mar-10;13:40:30;34.8759;10.2441;4.16165;4.16165;1;10.2441;1;34.8759;1;0;NaN;NaN
NED2010002_66;MFD_SETNO66;44.2658;-63.3188;357600;3;21-mar-10;19:33:35;31.0937;1.9202;NaN;NaN;9;1.9202;1;31.0937;1;0;NaN;NaN
NED2010002_66;MFD_SETNO66;44.2658;-63.3188;357598;5;21-mar-10;19:33:35;31.0935;1.9256;NaN;NaN;9;1.9256;1;31.0935;1;0;NaN;NaN
NED2010002_66;MFD_SETNO66;44.2658;-63.3188;357597;10;21-mar-10;19:33:35;31.3014;1.3362;7.88883;7.88883;1;1.3362;1;31.3014;1;0;NaN;NaN
NED2010002_66;MFD_SETNO66;44.2658;-63.3188;357596;20;21-mar-10;19:33:35;31.5096;1.0656;7.71064;7.71064;1;1.0656;1;31.5096;1;0;NaN;NaN
NED2010002_66;MFD_SETNO66;44.2658;-63.3188;357595;30;21-mar-10;19:33:35;31.5738;1.1411;7.59138;7.59138;1;1.1411;1;31.5738;1;0;NaN;NaN
NED2010002_66;MFD_SETNO66;44.2658;-63.3188;357594;39;21-mar-10;19:33:35;31.6724;1.3888;7.57268;7.57268;1;1.3888;1;31.6724;1;0;NaN;NaN
NED2010002_66;MFD_SETNO66;44.2658;-63.3188;357593;50;21-mar-10;19:33:35;31.7514;1.309;7.44215;7.44215;1;1.309;1;31.7514;1;0;NaN;NaN
NED2010002_66;MFD_SETNO66;44.2658;-63.3188;357592;75;21-mar-10;19:33:35;32.1101;2.315;7.43382;7.43382;1;2.315;1;32.1101;1;0;NaN;NaN
NED2010002_66;MFD_SETNO66;44.2658;-63.3188;357591;101;21-mar-10;19:33:35;32.4473;3.7008;6.88175;6.88175;1;3.7008;1;32.4473;1;0;NaN;NaN
NED2010002_66;MFD_SETNO66;44.2658;-63.3188;357590;160;21-mar-10;19:33:35;34.3261;8.4006;3.66593;3.66593;1;8.4006;1;34.3261;1;0;NaN;NaN
NED2010002_67;MFD_SETNO67;43.4087;-63.1083;357604;4;28-mar-10;02:22:49;31.8442;2.4779;7.40724;7.40724;1;2.4779;1;31.8442;1;0;NaN;NaN
NED2010002_67;MFD_SETNO67;43.4087;-63.1083;357603;24;28-mar-10;02:22:49;31.8437;2.4733;7.42493;7.42493;1;2.4733;1;31.8437;1;0;NaN;NaN
NED2010002_67;MFD_SETNO67;43.4087;-63.1083;357602;49;28-mar-10;02:22:49;32.1333;3.1048;7.17096;7.17096;1;3.1048;1;32.1333;1;0;NaN;NaN
NED2010002_67;MFD_SETNO67;43.4087;-63.1083;357601;133;28-mar-10;02:22:49;34.9375;9.8691;3.5619;3.5619;1;9.8691;1;34.9375;1;0;NaN;NaN
NED2010002_69;MFD_SETNO69;43.2302;-63.09;357608;4;28-mar-10;05:48:56;32.1063;3.241;7.405;7.405;1;3.241;1;32.1063;1;0;NaN;NaN
NED2010002_69;MFD_SETNO69;43.2302;-63.09;357607;25;28-mar-10;05:48:56;32.1288;3.3632;7.40927;7.40927;1;3.3632;1;32.1288;1;0;NaN;NaN
NED2010002_69;MFD_SETNO69;43.2302;-63.09;357606;50;28-mar-10;05:48:56;32.1899;3.4363;7.12816;7.12816;1;3.4363;1;32.1899;1;0;NaN;NaN
NED2010002_69;MFD_SETNO69;43.2302;-63.09;357605;130;28-mar-10;05:48:56;34.8486;9.9911;3.97922;3.97922;1;9.9911;1;34.8486;1;0;NaN;NaN
NED2010002_71;MFD_SETNO71;42.8098;-63.1775;357612;5;28-mar-10;10:55:31;32.4599;4.1256;7.20118;7.20118;1;4.1256;1;32.4599;1;0;NaN;NaN
NED2010002_71;MFD_SETNO71;42.8098;-63.1775;357611;25;28-mar-10;10:55:31;32.4609;4.1472;7.23351;7.23351;1;4.1472;1;32.4609;1;0;NaN;NaN
NED2010002_71;MFD_SETNO71;42.8098;-63.1775;357610;49;28-mar-10;10:55:31;32.7243;4.7745;7.00094;7.00094;1;4.7745;1;32.7243;1;0;NaN;NaN
NED2010002_71;MFD_SETNO71;42.8098;-63.1775;357609;296;28-mar-10;10:55:31;35.1479;9.1889;3.39397;3.39397;1;9.1889;1;35.1479;1;0;NaN;NaN
NED2010002_73;MFD_SETNO73;43.0442;-62.2448;357616;5;28-mar-10;17:44:56;33.1608;4.939;6.93406;6.93406;1;4.939;1;33.1608;1;0;NaN;NaN
NED2010002_73;MFD_SETNO73;43.0442;-62.2448;357615;27;28-mar-10;17:44:56;33.1764;4.9312;6.94868;6.94868;1;4.9312;1;33.1764;1;0;NaN;NaN
NED2010002_73;MFD_SETNO73;43.0442;-62.2448;357614;50;28-mar-10;17:44:56;33.2124;5.0345;6.86966;6.86966;1;5.0345;1;33.2124;1;0;NaN;NaN
NED2010002_73;MFD_SETNO73;43.0442;-62.2448;357613;112;28-mar-10;17:44:56;35.2795;11.3971;4.45894;4.45894;1;11.3971;1;35.2795;1;0;NaN;NaN
NED2010002_75;MFD_SETNO75;43.4143;-61.5322;357620;5;28-mar-10;23:15:04;32.4182;3.0408;7.52098;7.52098;1;3.0408;1;32.4182;1;0;NaN;NaN
NED2010002_75;MFD_SETNO75;43.4143;-61.5322;357619;25;28-mar-10;23:15:04;32.4188;3.0431;7.53747;7.53747;1;3.0431;1;32.4188;1;0;NaN;NaN
NED2010002_75;MFD_SETNO75;43.4143;-61.5322;357618;49;28-mar-10;23:15:04;32.7362;3.1674;7.13443;7.13443;1;3.1674;1;32.7362;1;0;NaN;NaN
NED2010002_75;MFD_SETNO75;43.4143;-61.5322;357617;80;28-mar-10;23:15:04;33;3.781;6.70539;6.70539;1;3.781;1;33;1;0;NaN;NaN
NED2010002_77;MFD_SETNO77;43.5232;-61.2523;357624;5;29-mar-10;03:09:22;32.2542;2.876;7.4909;7.4909;1;2.876;1;32.2542;1;0;NaN;NaN
NED2010002_77;MFD_SETNO77;43.5232;-61.2523;357623;25;29-mar-10;03:09:22;32.2633;2.8651;7.51525;7.51525;1;2.8651;1;32.2633;1;0;NaN;NaN
NED2010002_77;MFD_SETNO77;43.5232;-61.2523;357622;49;29-mar-10;03:09:22;32.27;2.8036;7.44097;7.44097;1;2.8036;1;32.27;1;0;NaN;NaN
NED2010002_77;MFD_SETNO77;43.5232;-61.2523;357621;68;29-mar-10;03:09:22;32.4035;2.7873;7.21064;7.21064;1;2.7873;1;32.4035;1;0;NaN;NaN
NED2010002_79;MFD_SETNO79;43.3135;-61.2138;357628;5;29-mar-10;06:15:18;32.6352;2.8975;7.61885;7.61885;1;2.8975;1;32.6352;1;0;NaN;NaN
NED2010002_79;MFD_SETNO79;43.3135;-61.2138;357627;25;29-mar-10;06:15:18;32.639;2.8157;7.67104;7.67104;1;2.8157;1;32.639;1;0;NaN;NaN
NED2010002_79;MFD_SETNO79;43.3135;-61.2138;357626;50;29-mar-10;06:15:18;32.7752;3.1622;7.29743;7.29743;1;3.1622;1;32.7752;1;0;NaN;NaN
NED2010002_79;MFD_SETNO79;43.3135;-61.2138;357625;101;29-mar-10;06:15:18;33.2518;4.515;6.5523;6.5523;1;4.515;1;33.2518;1;0;NaN;NaN
NED2010002_81;MFD_SETNO81;43.5407;-60.8963;357632;5;29-mar-10;10:24:49;32.6486;3.1323;7.46816;7.46816;1;3.1323;1;32.6486;1;0;NaN;NaN
NED2010002_81;MFD_SETNO81;43.5407;-60.8963;357631;25;29-mar-10;10:24:49;32.6681;3.1887;7.41242;7.41242;1;3.1887;1;32.6681;1;0;NaN;NaN
NED2010002_81;MFD_SETNO81;43.5407;-60.8963;357630;50;29-mar-10;10:24:49;32.7351;3.2142;7.00454;7.00454;1;3.2142;1;32.7351;1;0;NaN;NaN
NED2010002_81;MFD_SETNO81;43.5407;-60.8963;357629;65;29-mar-10;10:24:49;32.7388;3.2045;6.96672;6.96672;1;3.2045;1;32.7388;1;0;NaN;NaN
NED2010002_83;MFD_SETNO83;43.5232;-60.321;357636;5;29-mar-10;14:30:01;32.3829;1.6619;7.60979;7.60979;1;1.6619;1;32.3829;1;0;NaN;NaN
NED2010002_83;MFD_SETNO83;43.5232;-60.321;357635;24;29-mar-10;14:30:01;32.3933;1.6116;7.6173;7.6173;1;1.6116;1;32.3933;1;0;NaN;NaN
NED2010002_83;MFD_SETNO83;43.5232;-60.321;357634;49;29-mar-10;14:30:01;32.4554;1.6004;7.55242;7.55242;1;1.6004;1;32.4554;1;0;NaN;NaN
NED2010002_83;MFD_SETNO83;43.5232;-60.321;357633;104;29-mar-10;14:30:01;33.3364;4.3852;6.32763;6.32763;1;4.3852;1;33.3364;1;0;NaN;NaN
NED2010002_85;MFD_SETNO85;43.7358;-60.613;357639;6;29-mar-10;18:17:08;32.471;2.8714;7.88368;7.88368;1;2.8714;1;32.471;1;0;NaN;NaN
NED2010002_85;MFD_SETNO85;43.7358;-60.613;357638;25;29-mar-10;18:17:08;32.472;2.7923;7.84239;7.84239;1;2.7923;1;32.472;1;0;NaN;NaN
NED2010002_85;MFD_SETNO85;43.7358;-60.613;357637;51;29-mar-10;18:17:08;32.4752;2.7491;7.73895;7.73895;1;2.7491;1;32.4752;1;0;NaN;NaN
NED2010002_87;MFD_SETNO87;43.7137;-60.9155;357643;5;29-mar-10;21:44:37;32.5709;3.0183;7.58391;7.58391;1;3.0183;1;32.5709;1;0;NaN;NaN
NED2010002_87;MFD_SETNO87;43.7137;-60.9155;357642;25;29-mar-10;21:44:37;32.5618;2.971;7.55595;7.55595;1;2.971;1;32.5618;1;0;NaN;NaN
NED2010002_87;MFD_SETNO87;43.7137;-60.9155;357641;45;29-mar-10;21:44:37;32.5627;2.9462;7.5447;7.5447;1;2.9462;1;32.5627;1;0;NaN;NaN
NED2010002_91;MFD_SETNO91;43.8755;-61.8707;357647;6;30-mar-10;05:55:21;32.5383;3.4802;7.55523;7.55523;1;3.4802;1;32.5383;1;0;NaN;NaN
NED2010002_91;MFD_SETNO91;43.8755;-61.8707;357646;26;30-mar-10;05:55:21;32.6964;3.3311;7.66365;7.66365;1;3.3311;1;32.6964;1;0;NaN;NaN
NED2010002_91;MFD_SETNO91;43.8755;-61.8707;357645;49;30-mar-10;05:55:21;32.8847;3.964;7.16866;7.16866;1;3.964;1;32.8847;1;0;NaN;NaN
NED2010002_91;MFD_SETNO91;43.8755;-61.8707;357644;124;30-mar-10;05:55:21;34.5391;8.9315;4.74098;4.74098;1;8.9315;1;34.5391;1;0;NaN;NaN
NED2010002_93;MFD_SETNO93;43.4703;-62.5915;357651;6;30-mar-10;12:08:13;32.3166;3.5365;7.31294;7.31294;1;3.5365;1;32.3166;1;0;NaN;NaN
NED2010002_93;MFD_SETNO93;43.4703;-62.5915;357650;25;30-mar-10;12:08:13;32.6389;3.8227;7.2336;7.2336;1;3.8227;1;32.6389;1;0;NaN;NaN
NED2010002_93;MFD_SETNO93;43.4703;-62.5915;357649;50;30-mar-10;12:08:13;33.2463;5.072;6.59313;6.59313;1;5.072;1;33.2463;1;0;NaN;NaN
NED2010002_93;MFD_SETNO93;43.4703;-62.5915;357648;96;30-mar-10;12:08:13;34.4485;8.6159;4.8252;4.8252;1;8.6159;1;34.4485;1;0;NaN;NaN
