CTD;CTD;CTD;CTD;CTD;CTD;CTD;CTD;CTD;CTD;CTD;labo;labo;labo;labo;labo;labo;labo;labo;labo;labo;labo;labo;labo;labo;labo;calc;calc
Fichier;Station;Latitude;Longitude;Echantillon;zbouteille;Date;Heure;PSAL;TEMP_XX;DOXY;CHL_01;Q_CHL;PSAL_BS;Q_PSAL;OXY_03;Q_OXY;NO2_01;Q_NO2;NOx_01;Q_NOX;PO4_01;Q_PO4;Si_01;Q_Si;QCFF;N_P;N_Si
(nom);(nom/no);(degres);(degres);(no_unique);(dbar);(jj-mmm-yyyy);(GMT);(psu);(celsius);(ml/l);(mg/m**3);((none));(PSU);((none));(ml/l);((none));(mmol/m**3);((none));(mmol/m**3);((none));(mmol/m**3);((none));(mmol/m**3);((none));((none));((none));((none))
NED2010002_1;MFD_SETNO1;44.8167;-61.7785;336863;5;11-mar-10;09:26:38;30.9386;0.5565;7.90222;0.50932836440678;1;NaN;9;7.8945;1;NaN;9;4.7125;1;0.8595;1;6.901;1;0;5.48;0.68
NED2010002_1;MFD_SETNO1;44.8167;-61.7785;336862;25;11-mar-10;09:26:38;31.3948;0.7376;7.80527;0.487500005932203;1;NaN;9;NaN;9;NaN;9;4.1485;1;0.743;1;5.1485;1;0;5.58;0.81
NED2010002_1;MFD_SETNO1;44.8167;-61.7785;336861;50;11-mar-10;09:26:38;31.5555;0.7601;7.56816;NaN;9;NaN;9;NaN;9;NaN;9;NaN;9;NaN;9;NaN;9;0;NaN;NaN
NED2010002_1;MFD_SETNO1;44.8167;-61.7785;336860;51;11-mar-10;09:26:38;31.5555;0.7601;7.56816;0.276492540677966;1;NaN;9;NaN;9;NaN;9;5.491;1;0.905;1;6.4235;1;0;6.07;0.85
NED2010002_1;MFD_SETNO1;44.8167;-61.7785;336859;110;11-mar-10;09:26:38;32.0998;1.9761;6.67715;0.0834223186440678;1;32.0838356018066;1;6.754;1;NaN;9;7.4615;1;1.07;1;8.61;1;0;6.97;0.87
NED2010002_3;MFD_SETNO3;44.8943;-61.1843;336867;5;11-mar-10;14:36:34;31.5518;0.8856;7.62308;0.363805974576271;1;NaN;9;7.073;1;NaN;9;4.8815;1;0.8545;1;6.083;1;0;5.71;0.80
NED2010002_3;MFD_SETNO3;44.8943;-61.1843;336866;25;11-mar-10;14:36:34;31.7217;0.9895;7.48567;0.356529855084746;1;NaN;9;NaN;9;NaN;9;3.5255;1;0.659;1;3.963;1;0;5.35;0.89
NED2010002_3;MFD_SETNO3;44.8943;-61.1843;336865;49;11-mar-10;14:36:34;31.841;1.2823;7.39582;0.225559704237288;1;NaN;9;NaN;9;NaN;9;5.616;1;0.929;1;6.081;1;0;6.05;0.92
NED2010002_3;MFD_SETNO3;44.8943;-61.1843;336864;166;11-mar-10;14:36:34;32.6409;3.3127;5.65091;NaN;9;32.6332359313965;1;6.4465;1;NaN;9;8.146;1;1.171;1;10.7285;1;0;6.96;0.76
NED2010002_4;MFD_SETNO4;44.484;-61.6875;336871;4;11-mar-10;21:37:32;31.6827;1.5568;7.75908;1.39507548135593;1;NaN;9;7.626;1;NaN;9;4.0485;1;0.797;1;4.943;1;0;5.08;0.82
NED2010002_4;MFD_SETNO4;44.484;-61.6875;336870;27;11-mar-10;21:37:32;32.1206;1.9676;7.54745;3.22264042372881;1;NaN;9;NaN;9;NaN;9;3.0005;1;0.716;1;1.832;1;0;4.19;1.64
NED2010002_4;MFD_SETNO4;44.484;-61.6875;336869;51;11-mar-10;21:37:32;32.1595;1.9097;7.41201;1.99803706271186;1;NaN;9;NaN;9;NaN;9;4.4755;1;0.831;1;2.831;1;0;5.39;1.58
NED2010002_4;MFD_SETNO4;44.484;-61.6875;336868;156;11-mar-10;21:37:32;34.7242;9.2753;3.46645;NaN;9;34.7119522094727;1;3.5945;1;NaN;9;17.477;1;1.506;1;14.525;1;0;11.60;1.20
NED2010002_5;MFD_SETNO5;44.3558;-61.5495;336875;5;11-mar-10;23:02:08;32.032;2.7755;7.78408;2.06248987118644;1;NaN;9;7.675;1;NaN;9;1.7645;1;0.516;1;1.578;1;0;3.42;1.12
NED2010002_5;MFD_SETNO5;44.3558;-61.5495;336874;22;11-mar-10;23:02:08;32.0819;1.9993;7.84492;2.7070179559322;1;NaN;9;NaN;9;NaN;9;1.9435;1;0.5625;1;1.322;1;0;3.46;1.47
NED2010002_5;MFD_SETNO5;44.3558;-61.5495;336873;55;11-mar-10;23:02:08;32.1709;1.8941;7.50628;2.77147076440678;1;NaN;9;NaN;9;NaN;9;4.0815;1;0.8205;1;2.061;1;0;4.97;1.98
NED2010002_5;MFD_SETNO5;44.3558;-61.5495;336872;179;11-mar-10;23:02:08;34.6374;9.1214;3.43957;0.226804428813559;1;34.6299018859863;1;3.541;1;NaN;9;17.004;1;1.4885;1;15.3065;1;0;11.42;1.11
NED2010002_6;MFD_SETNO6;44.271;-61.4165;336879;5;12-mar-10;02:07:56;31.9417;2.2309;7.81741;2.19139548813559;1;NaN;9;7.5725;1;NaN;9;2.9;1;0.7095;1;3.1365;1;0;4.09;0.92
NED2010002_6;MFD_SETNO6;44.271;-61.4165;336878;25;12-mar-10;02:07:56;32.1479;2.2371;7.54572;2.38475391355932;1;NaN;9;NaN;9;NaN;9;1.7875;1;0.609;1;0.8405;1;0;2.94;2.13
NED2010002_6;MFD_SETNO6;44.271;-61.4165;336877;50;12-mar-10;02:07:56;32.3547;2.4001;7.07933;5.92965837966102;1;NaN;9;NaN;9;NaN;9;6.254;1;0.962;1;4.753;1;0;6.50;1.32
NED2010002_6;MFD_SETNO6;44.271;-61.4165;336876;165;12-mar-10;02:07:56;34.4134;8.7492;3.56923;NaN;9;34.4046821594238;1;3.6135;1;NaN;9;14.2655;1;1.2815;1;13.305;1;0;11.13;1.07
NED2010002_7;MFD_SETNO7;44.0492;-60.8438;336882;5;12-mar-10;07:33:00;32.2827;2.0546;7.72316;4.44724378474576;1;NaN;9;7.5165;1;NaN;9;2.6165;1;0.657;1;1.5735;1;0;3.98;1.66
NED2010002_7;MFD_SETNO7;44.0492;-60.8438;336881;25;12-mar-10;07:33:00;32.2766;2.0593;7.78878;4.06052693389831;1;NaN;9;NaN;9;NaN;9;2.873;1;0.706;1;1.738;1;0;4.07;1.65
NED2010002_7;MFD_SETNO7;44.0492;-60.8438;336880;31;12-mar-10;07:33:00;32.2757;2.0576;7.78026;4.12497974237288;1;32.2678718566895;1;7.601;1;NaN;9;2.762;1;0.684;1;1.69;1;0;4.04;1.63
NED2010002_8;MFD_SETNO8;44.2685;-60.0767;336887;5;12-mar-10;13:30:05;31.9667;1.7319;7.52941;0.969761176271187;1;NaN;9;7.153;1;NaN;9;4.382;1;0.8105;1;4.6805;1;0;5.41;0.94
NED2010002_8;MFD_SETNO8;44.2685;-60.0767;336886;25;12-mar-10;13:30:05;31.9984;1.7376;7.67424;2.51365953050848;1;NaN;9;NaN;9;NaN;9;4.271;1;0.7875;1;3.847;1;0;5.42;1.11
NED2010002_8;MFD_SETNO8;44.2685;-60.0767;336885;51;12-mar-10;13:30:05;32.1436;1.6443;7.5218;2.19139548813559;1;NaN;9;NaN;9;NaN;9;3.483;1;0.6785;1;2.8255;1;0;5.13;1.23
NED2010002_8;MFD_SETNO8;44.2685;-60.0767;336884;98;12-mar-10;13:30:05;32.8018;3.0619;6.31567;0.472947766949152;1;32.739128112793;1;6.2365;1;NaN;9;8.611;1;1.0625;1;8.118;1;0;8.10;1.06
NED2010002_9;MFD_SETNO9;44.5197;-60.2313;336891;5;12-mar-10;16:29:20;31.8685;1.7721;7.55659;0.646507450847458;1;NaN;9;7.3785;1;NaN;9;5.065;1;0.846;1;5.518;1;0;5.99;0.92
NED2010002_9;MFD_SETNO9;44.5197;-60.2313;336890;25;12-mar-10;16:29:20;31.9371;1.7221;7.53607;0.895164162711864;1;NaN;9;NaN;9;NaN;9;4.962;1;0.836;1;5.1455;1;0;5.94;0.96
NED2010002_9;MFD_SETNO9;44.5197;-60.2313;336889;50;12-mar-10;16:29:20;32.0449;1.785;7.47406;0.870298491525424;1;NaN;9;NaN;9;NaN;9;4.1735;1;0.7285;1;4.084;1;0;5.73;1.02
NED2010002_9;MFD_SETNO9;44.5197;-60.2313;336888;113;12-mar-10;16:29:20;32.827;3.4664;5.79625;NaN;9;32.8169097900391;1;5.7645;1;NaN;9;10.077;1;1.16;1;10.713;1;0;8.69;0.94
NED2010002_10;MFD_SETNO10;44.5505;-60.5345;336894;5;12-mar-10;18:50:53;31.9021;2.0154;7.56914;1.49194027118644;1;NaN;9;7.334;1;NaN;9;3.899;1;0.7235;1;4.5175;1;0;5.39;0.86
NED2010002_10;MFD_SETNO10;44.5505;-60.5345;336893;25;12-mar-10;18:50:53;31.9015;1.8586;7.58061;1.54167161355932;1;NaN;9;NaN;9;NaN;9;4.601;1;0.7855;1;5.037;1;0;5.86;0.91
NED2010002_10;MFD_SETNO10;44.5505;-60.5345;336892;31;12-mar-10;18:50:53;31.9007;1.8585;7.57462;1.4670746;1;31.8972835540771;1;7.3165;1;NaN;9;4.742;1;0.8215;1;5.1605;1;0;5.77;0.92
NED2010002_11;MFD_SETNO11;44.6223;-60.83;336898;5;12-mar-10;21:22:22;31.7481;1.8323;7.6695;1.09408953220339;1;NaN;9;7.5205;1;NaN;9;4.037;1;0.7625;1;4.7525;1;0;5.29;0.85
NED2010002_11;MFD_SETNO11;44.6223;-60.83;336897;25;12-mar-10;21:22:22;31.8761;1.6737;7.41805;0.74597013559322;1;NaN;9;NaN;9;NaN;9;4.048;1;0.735;1;4.1715;1;0;5.51;0.97
NED2010002_11;MFD_SETNO11;44.6223;-60.83;336896;50;12-mar-10;21:22:22;31.932;1.7791;7.24967;0.633022395762712;1;NaN;9;NaN;9;NaN;9;5.391;1;0.8675;1;5.359;1;0;6.21;1.01
NED2010002_11;MFD_SETNO11;44.6223;-60.83;336895;61;12-mar-10;21:22:22;32.055;1.7632;7.38967;1.18111938135593;1;32.0420837402344;1;7.3175;1;NaN;9;4.329;1;0.821;1;3.017;1;0;5.27;1.43
NED2010002_12;MFD_SETNO12;44.7822;-60.9382;336902;5;12-mar-10;23:32:59;31.6082;1.5885;7.71865;1.04435818983051;1;NaN;9;7.4475;1;NaN;9;3.1395;1;0.691;1;3.781;1;0;4.54;0.83
NED2010002_12;MFD_SETNO12;44.7822;-60.9382;336901;25;12-mar-10;23:32:59;31.7228;1.3484;7.5667;0.72110446440678;1;NaN;9;NaN;9;NaN;9;4.8165;1;0.8305;1;5.4915;1;0;5.80;0.88
NED2010002_12;MFD_SETNO12;44.7822;-60.9382;336900;50;12-mar-10;23:32:59;31.9044;1.5999;7.35481;0.327425377118644;1;NaN;9;NaN;9;NaN;9;4.998;1;0.81;1;5.5245;1;0;6.17;0.90
NED2010002_12;MFD_SETNO12;44.7822;-60.9382;336899;185;12-mar-10;23:32:59;32.6091;3.1235;5.84444;NaN;9;32.6084480285645;1;5.808;1;NaN;9;8.464;1;1.0705;1;9.8705;1;0;7.91;0.86
NED2010002_14;MFD_SETNO14;45.2132;-60.5997;336906;6;13-mar-10;04:01:30;31.1714;0.4878;7.86144;0.516604483898305;1;NaN;9;NaN;9;NaN;9;4.996;1;0.85;1;6.9125;1;0;5.88;0.72
NED2010002_14;MFD_SETNO14;45.2132;-60.5997;336905;25;13-mar-10;04:01:30;31.3632;0.4286;7.77752;0.458395527966102;1;NaN;9;NaN;9;NaN;9;4.719;1;0.779;1;5.8855;1;0;6.06;0.80
NED2010002_14;MFD_SETNO14;45.2132;-60.5997;336904;50;13-mar-10;04:01:30;31.532;0.8743;7.68299;0.334701496610169;1;NaN;9;NaN;9;NaN;9;4.8255;1;0.822;1;5.642;1;0;5.87;0.86
NED2010002_14;MFD_SETNO14;45.2132;-60.5997;336903;146;13-mar-10;04:01:30;32.4333;2.0361;6.28147;NaN;9;32.4264869689941;1;6.273;1;NaN;9;8.747;1;1.1015;1;10.8015;1;0;7.94;0.81
NED2010002_15;MFD_SETNO15;44.8282;-60.1818;336910;6;13-mar-10;14:40:07;31.6422;1.2825;7.63764;0.50932836440678;1;NaN;9;7.476;1;NaN;9;4.91;1;0.8545;1;5.4575;1;0;5.75;0.90
NED2010002_15;MFD_SETNO15;44.8282;-60.1818;336909;24;13-mar-10;14:40:07;31.6514;1.259;NaN;0.611194037288136;1;NaN;9;NaN;9;NaN;9;4.6965;1;0.83;1;5.152;1;0;5.66;0.91
NED2010002_15;MFD_SETNO15;44.8282;-60.1818;336908;50;13-mar-10;14:40:07;31.8572;1.4807;7.48175;0.480223886440678;1;NaN;9;NaN;9;NaN;9;4.6815;1;0.8075;1;5.0185;1;0;5.80;0.93
NED2010002_15;MFD_SETNO15;44.8282;-60.1818;336907;179;13-mar-10;14:40:07;32.796;3.2355;5.8295;NaN;9;32.8009147644043;1;5.769;1;NaN;9;9.4175;1;1.163;1;10.3335;1;0;8.10;0.91
NED2010002_16;MFD_SETNO16;44.7223;-60.0345;336914;6;13-mar-10;17:40:04;31.9082;1.7513;7.54646;NaN;9;NaN;9;NaN;9;NaN;9;NaN;9;NaN;9;NaN;9;0;NaN;NaN
NED2010002_16;MFD_SETNO16;44.7223;-60.0345;336913;25;13-mar-10;17:40:04;32.0249;1.6576;7.34088;0.770835806779661;1;NaN;9;NaN;9;NaN;9;5.611;1;0.909;1;5.849;1;0;6.17;0.96
NED2010002_16;MFD_SETNO16;44.7223;-60.0345;336912;50;13-mar-10;17:40:04;32.2356;2.1491;6.70156;0.226804428813559;1;NaN;9;NaN;9;NaN;9;6.9635;1;1.0185;1;7.504;1;0;6.84;0.93
NED2010002_16;MFD_SETNO16;44.7223;-60.0345;336911;121;13-mar-10;17:40:04;32.6348;3.0094;6.04435;0.0756014762711864;1;32.6245422363281;1;5.9495;1;NaN;9;7.8025;1;1.0415;1;8.6915;1;0;7.49;0.90
NED2010002_17;MFD_SETNO17;44.587;-59.6892;336918;5;13-mar-10;20:26:50;32.0489;2.0135;8.02778;3.96384772118644;1;NaN;9;7.6685;1;NaN;9;2.3755;1;0.6805;1;2.366;1;0;3.49;1.00
NED2010002_17;MFD_SETNO17;44.587;-59.6892;336917;25;13-mar-10;20:26:50;32.0443;1.8016;7.87093;4.8984134440678;1;NaN;9;NaN;9;NaN;9;2.6725;1;0.7465;1;2.462;1;0;3.58;1.09
NED2010002_17;MFD_SETNO17;44.587;-59.6892;336916;50;13-mar-10;20:26:50;32.1467;1.7738;7.3113;1.29301490169492;1;NaN;9;NaN;9;NaN;9;4.986;1;0.8985;1;4.3275;1;0;5.55;1.15
NED2010002_17;MFD_SETNO17;44.587;-59.6892;336915;73;13-mar-10;20:26:50;32.1727;1.8479;7.18793;0.882731327118644;1;32.1657295227051;1;7.0755;1;NaN;9;5.4185;1;0.9275;1;4.8055;1;0;5.84;1.13
NED2010002_18;MFD_SETNO18;44.6845;-59.6038;336922;5;13-mar-10;23:32:16;31.9948;1.7161;7.58891;1.09408953220339;1;NaN;9;7.328;1;NaN;9;4.4765;1;0.794;1;4.5715;1;0;5.64;0.98
NED2010002_18;MFD_SETNO18;44.6845;-59.6038;336921;25;13-mar-10;23:32:16;31.9929;1.6012;7.60858;1.04435818983051;1;NaN;9;NaN;9;NaN;9;4.527;1;0.794;1;4.686;1;0;5.70;0.97
NED2010002_18;MFD_SETNO18;44.6845;-59.6038;336920;50;13-mar-10;23:32:16;32.0156;1.5747;7.45765;0.870298491525423;1;NaN;9;NaN;9;NaN;9;4.628;1;0.8105;1;5.2515;1;0;5.71;0.88
NED2010002_18;MFD_SETNO18;44.6845;-59.6038;336919;156;13-mar-10;23:32:16;32.8786;3.4828;5.76598;0.127740425423729;1;34.5907440185547;7;5.651;1;NaN;9;10.467;1;1.1875;1;10.861;1;256;8.81;0.96
NED2010002_19;MFD_SETNO19;44.6598;-59.0623;336926;6;14-mar-10;04:05:27;32.0019;1.5235;7.61006;1.39247758644068;1;NaN;9;7.319;1;NaN;9;4.32;1;0.7825;1;4.355;1;0;5.52;0.99
NED2010002_19;MFD_SETNO19;44.6598;-59.0623;336925;26;14-mar-10;04:05:27;32.0019;1.4393;7.61709;1.74059698305085;1;NaN;9;NaN;9;NaN;9;3.4505;1;0.678;1;3.3215;1;0;5.09;1.04
NED2010002_19;MFD_SETNO19;44.6598;-59.0623;336924;50;14-mar-10;04:05:27;32.123;1.6052;7.18397;1.06922386101695;1;NaN;9;NaN;9;NaN;9;4.8455;1;0.79;1;4.543;1;0;6.13;1.07
NED2010002_19;MFD_SETNO19;44.6598;-59.0623;336923;123;14-mar-10;04:05:27;32.6526;2.6417;5.81894;NaN;9;32.6408081054688;1;5.735;1;NaN;9;7.3565;1;1.0175;1;8.1525;1;0;7.23;0.90
NED2010002_20;MFD_SETNO20;44.7712;-59.1777;336930;5;14-mar-10;07:02:15;31.9592;1.502;7.59752;1.06922386101695;1;NaN;9;7.28;1;NaN;9;4.6225;1;0.7975;1;4.785;1;0;5.80;0.97
NED2010002_20;MFD_SETNO20;44.7712;-59.1777;336929;25;14-mar-10;07:02:15;31.9621;1.4045;7.56737;0.820567149152542;1;NaN;9;NaN;9;NaN;9;4.2985;1;0.75;1;4.3155;1;0;5.73;1.00
NED2010002_20;MFD_SETNO20;44.7712;-59.1777;336928;50;14-mar-10;07:02:15;32.0467;1.6007;7.35403;0.625746276271187;1;NaN;9;NaN;9;NaN;9;5.538;1;0.859;1;5.5045;1;0;6.45;1.01
NED2010002_20;MFD_SETNO20;44.7712;-59.1777;336927;173;14-mar-10;07:02:15;32.6766;2.6681;5.79425;NaN;9;32.6626091003418;1;5.6375;1;NaN;9;9.753;1;1.186;1;10.6835;1;0;8.22;0.91
NED2010002_21;MFD_SETNO21;44.718;-59.2068;336934;5;14-mar-10;09:30:51;31.995;1.5649;7.57203;1.71573131186441;1;NaN;9;7.3805;1;NaN;9;4.592;1;0.8005;1;4.501;1;0;5.74;1.02
NED2010002_21;MFD_SETNO21;44.718;-59.2068;336933;26;14-mar-10;09:30:51;31.9973;1.5368;7.59189;1.4670746;1;NaN;9;NaN;9;NaN;9;4.7145;1;0.816;1;4.4945;1;0;5.78;1.05
NED2010002_21;MFD_SETNO21;44.718;-59.2068;336932;50;14-mar-10;09:30:51;32.0966;1.6495;7.27825;1.29301490169492;1;NaN;9;NaN;9;NaN;9;5.5915;1;0.881;1;5.216;1;0;6.35;1.07
NED2010002_21;MFD_SETNO21;44.718;-59.2068;336931;212;14-mar-10;09:30:51;32.6144;2.7539;5.83089;NaN;9;32.6072807312012;1;5.795;1;NaN;9;8.194;1;1.034;1;9.1315;1;0;7.92;0.90
NED2010002_22;MFD_SETNO22;45.0352;-59.3868;336938;6;14-mar-10;13:27:19;31.731;1.1394;7.68466;0.589365678813559;1;NaN;9;7.445;1;NaN;9;4.821;1;0.8215;1;5.3545;1;0;5.87;0.90
NED2010002_22;MFD_SETNO22;45.0352;-59.3868;336937;25;14-mar-10;13:27:19;31.8202;1.3133;7.6116;0.552985081355932;1;NaN;9;NaN;9;NaN;9;4.74;1;0.8195;1;5.0705;1;0;5.78;0.93
NED2010002_22;MFD_SETNO22;45.0352;-59.3868;336936;50;14-mar-10;13:27:19;31.9861;1.552;7.0607;0.276492540677966;1;NaN;9;NaN;9;NaN;9;5.2965;1;0.83;1;5.7945;1;0;6.38;0.91
NED2010002_22;MFD_SETNO22;45.0352;-59.3868;336935;87;14-mar-10;13:27:19;32.2848;2.1772;6.42793;0.0729945288135593;1;32.2741355895996;1;6.198;1;NaN;9;7.609;1;0.991;1;8.6515;1;0;7.68;0.88
NED2010002_24;MFD_SETNO24;45.1388;-59.4608;336942;5;14-mar-10;15:30:59;31.6183;0.9973;7.81044;0.640298515254237;1;NaN;9;7.6685;1;NaN;9;4.2145;1;0.802;1;5.1545;1;0;5.25;0.82
NED2010002_24;MFD_SETNO24;45.1388;-59.4608;336941;25;14-mar-10;15:30:59;31.7509;1.1584;7.68293;0.60391791779661;1;NaN;9;NaN;9;NaN;9;4.5945;1;0.7715;1;4.916;1;0;5.96;0.93
NED2010002_24;MFD_SETNO24;45.1388;-59.4608;336940;50;14-mar-10;15:30:59;31.8151;1.1494;7.51873;0.396548512288136;1;NaN;9;NaN;9;NaN;9;5.152;1;0.8185;1;5.2255;1;0;6.29;0.99
NED2010002_24;MFD_SETNO24;45.1388;-59.4608;336939;86;14-mar-10;15:30:59;32.2657;1.737;6.62945;0.0990640033898305;1;32.2553024291992;1;6.471;1;NaN;9;7.787;1;1.0075;1;8.5955;1;0;7.73;0.91
NED2010002_25;MFD_SETNO25;45.2275;-59.8223;336946;5;14-mar-10;18:25:44;31.1307;0.4296;8.09881;1.20598505254237;1;NaN;9;7.934;1;NaN;9;4.2935;1;0.8265;1;6.451;1;0;5.19;0.67
NED2010002_25;MFD_SETNO25;45.2275;-59.8223;336945;25;14-mar-10;18:25:44;31.2797;0.0031;7.89965;0.502052244915254;1;NaN;9;NaN;9;NaN;9;4.845;1;0.8445;1;6.4545;1;0;5.74;0.75
NED2010002_25;MFD_SETNO25;45.2275;-59.8223;336944;50;14-mar-10;18:25:44;31.4947;0.3483;7.73253;0.218283584745763;1;NaN;9;NaN;9;NaN;9;4.872;1;0.8135;1;5.912;1;0;5.99;0.82
NED2010002_25;MFD_SETNO25;45.2275;-59.8223;336943;79;14-mar-10;18:25:44;32.0093;1.1555;7.11862;0.109491793220339;1;31.9744167327881;1;6.999;1;NaN;9;5.977;1;0.9365;1;6.6455;1;0;6.38;0.90
NED2010002_26;MFD_SETNO26;45.5563;-59.4533;336950;5;14-mar-10;22:12:39;31.6334;0.9568;7.8447;0.895164162711864;1;NaN;9;7.5695;1;NaN;9;4.6455;1;0.733;1;5.619;1;0;6.34;0.83
NED2010002_26;MFD_SETNO26;45.5563;-59.4533;336949;24;14-mar-10;22:12:39;31.6658;0.5455;7.95978;1.01949251864407;1;NaN;9;NaN;9;NaN;9;4.565;1;0.7295;1;5.5365;1;0;6.26;0.82
NED2010002_26;MFD_SETNO26;45.5563;-59.4533;336948;51;14-mar-10;22:12:39;31.8618;0.451;7.65939;0.407462691525424;1;NaN;9;NaN;9;NaN;9;5.3015;1;0.7675;1;5.488;1;0;6.91;0.97
NED2010002_26;MFD_SETNO26;45.5563;-59.4533;336947;127;14-mar-10;22:12:39;33.0916;2.3509;5.68905;0.0417111593220339;1;33.0827751159668;1;5.5955;1;NaN;9;9.8195;1;1.085;1;10.7025;1;0;9.05;0.92
NED2010002_27;MFD_SETNO27;45.4722;-59.4348;336954;5;15-mar-10;00:45:08;31.6943;0.6232;8.00293;1.66599996949153;1;NaN;9;7.7745;1;NaN;9;3.698;1;0.687;1;4.5775;1;0;5.38;0.81
NED2010002_27;MFD_SETNO27;45.4722;-59.4348;336953;25;15-mar-10;00:45:08;31.7416;0.4612;7.89373;1.18111938135593;1;NaN;9;NaN;9;NaN;9;4.203;1;0.6915;1;4.771;1;0;6.08;0.88
NED2010002_27;MFD_SETNO27;45.4722;-59.4348;336952;50;15-mar-10;00:45:08;31.8399;0.4596;7.66027;0.367444034322034;1;NaN;9;NaN;9;NaN;9;5.4135;1;0.7745;1;5.7935;1;0;6.99;0.93
NED2010002_27;MFD_SETNO27;45.4722;-59.4348;336951;162;15-mar-10;00:45:08;33.3785;2.9781;5.28037;NaN;9;33.3676795959473;1;5.288;1;NaN;9;10.656;1;1.109;1;11.605;1;0;9.61;0.92
NED2010002_28;MFD_SETNO28;45.225;-58.8842;336958;7;15-mar-10;04:34:38;31.6571;0.9494;7.77422;0.857865655932203;1;NaN;9;7.454;1;NaN;9;4.7755;1;0.7305;1;5.514;1;0;6.54;0.87
NED2010002_28;MFD_SETNO28;45.225;-58.8842;336957;25;15-mar-10;04:34:38;31.7474;0.8998;NaN;0.538432842372881;1;NaN;9;NaN;9;NaN;9;5.208;1;0.785;1;5.5505;1;0;6.63;0.94
NED2010002_28;MFD_SETNO28;45.225;-58.8842;336956;50;15-mar-10;04:34:38;31.837;0.9781;7.59814;0.320149257627119;1;NaN;9;NaN;9;NaN;9;5.5825;1;0.785;1;5.932;1;0;7.11;0.94
NED2010002_28;MFD_SETNO28;45.225;-58.8842;336955;78;15-mar-10;04:34:38;32.1557;1.4895;6.9325;0.174665479661017;1;32.1491966247559;1;6.7665;1;NaN;9;6.3265;1;0.832;1;7.2725;1;0;7.60;0.87
NED2010002_29;MFD_SETNO29;45.3265;-58.588;336962;5;15-mar-10;07:28:42;31.7478;1.2332;7.66078;0.74597013559322;1;NaN;9;8.007;1;NaN;9;4.8805;1;0.741;1;5.403;1;0;6.59;0.90
NED2010002_29;MFD_SETNO29;45.3265;-58.588;336961;25;15-mar-10;07:28:42;31.7732;1.0395;7.71209;0.795701477966102;1;NaN;9;NaN;9;NaN;9;4.811;1;0.7205;1;5.241;1;0;6.68;0.92
NED2010002_29;MFD_SETNO29;45.3265;-58.588;336960;49;15-mar-10;07:28:42;31.8862;1.0481;7.48046;0.291044779661017;1;NaN;9;NaN;9;NaN;9;4.977;1;0.7265;1;5.166;1;0;6.85;0.96
NED2010002_29;MFD_SETNO29;45.3265;-58.588;336959;91;15-mar-10;07:28:42;32.167;1.0487;7.29899;0.232835823728814;1;32.150577545166;1;7.3885;1;NaN;9;5.5245;1;0.779;1;5.7535;1;0;7.09;0.96
NED2010002_30;MFD_SETNO30;45.131;-58.5248;336966;6;15-mar-10;10:35:18;31.7981;1.1806;7.69308;0.654850754237288;1;NaN;9;7.5245;1;NaN;9;4.877;1;0.7515;1;5.493;1;0;6.49;0.89
NED2010002_30;MFD_SETNO30;45.131;-58.5248;336965;26;15-mar-10;10:35:18;31.8252;0.9648;7.70621;0.625746276271186;1;NaN;9;NaN;9;NaN;9;4.356;1;0.684;1;4.77;1;0;6.37;0.91
NED2010002_30;MFD_SETNO30;45.131;-58.5248;336964;50;15-mar-10;10:35:18;31.8827;0.9478;7.63018;0.381996273305085;1;NaN;9;NaN;9;NaN;9;5.237;1;0.7675;1;5.442;1;0;6.82;0.96
NED2010002_30;MFD_SETNO30;45.131;-58.5248;336963;84;15-mar-10;10:35:18;32.2414;0.9582;7.40581;0.225559704237288;1;32.2404365539551;1;7.2435;1;NaN;9;4.019;1;0.6245;1;3.995;1;0;6.44;1.01
NED2010002_31;MFD_SETNO31;45.0633;-58.563;336970;5;15-mar-10;12:20:19;31.778;1.1274;7.72826;0.596641798305085;1;NaN;9;7.7285;1;NaN;9;4.2865;1;0.6965;1;4.7475;1;0;6.15;0.90
NED2010002_31;MFD_SETNO31;45.0633;-58.563;336969;25;15-mar-10;12:20:19;31.8099;0.9455;7.73671;0.494776125423729;1;NaN;9;NaN;9;NaN;9;5.0335;1;0.757;1;5.5515;1;0;6.65;0.91
NED2010002_31;MFD_SETNO31;45.0633;-58.563;336968;51;15-mar-10;12:20:19;31.9344;0.7837;7.57728;0.34925373559322;1;NaN;9;NaN;9;NaN;9;5.3465;1;0.775;1;5.4535;1;0;6.90;0.98
NED2010002_31;MFD_SETNO31;45.0633;-58.563;336967;76;15-mar-10;12:20:19;32.1934;0.9227;7.54464;0.276492540677966;1;32.1898536682129;1;7.545;1;NaN;9;4.0985;1;0.6505;1;4.1515;1;0;6.30;0.99
NED2010002_32;MFD_SETNO32;44.821;-58.5737;336974;5;15-mar-10;15:21:52;32.0182;1.462;8.08622;4.96286625254237;1;NaN;9;8.2815;1;NaN;9;0.696;1;0.4935;1;1.709;1;0;1.41;0.41
NED2010002_32;MFD_SETNO32;44.821;-58.5737;336973;25;15-mar-10;15:21:52;32.0063;1.3043;7.76706;2.83592357288136;1;NaN;9;NaN;9;NaN;9;3.1175;1;0.6415;1;2.9755;1;0;4.86;1.05
NED2010002_32;MFD_SETNO32;44.821;-58.5737;336972;50;15-mar-10;15:21:52;32.0106;1.2824;7.66811;3.38377244491526;1;NaN;9;NaN;9;NaN;9;3.2795;1;0.653;1;2.686;1;0;5.02;1.22
NED2010002_32;MFD_SETNO32;44.821;-58.5737;336971;234;15-mar-10;15:21:52;32.949;2.2456;6.06157;0.0521389491525424;1;32.9459953308105;1;4.9925;7;NaN;9;10.025;1;1.0665;1;10.4415;1;256;9.40;0.96
NED2010002_33;MFD_SETNO33;44.8495;-58.1977;336978;5;15-mar-10;18:31:14;31.9665;1.4007;7.75747;0.994626847457627;1;NaN;9;7.8385;1;NaN;9;3.8515;1;0.6295;1;4.1825;1;0;6.12;0.92
NED2010002_33;MFD_SETNO33;44.8495;-58.1977;336977;25;15-mar-10;18:31:14;32.0044;1.1354;7.77536;1.39247758644068;1;NaN;9;NaN;9;NaN;9;3.876;1;0.6465;1;4.3915;1;0;6.00;0.88
NED2010002_33;MFD_SETNO33;44.8495;-58.1977;336976;51;15-mar-10;18:31:14;32.1124;1.0338;7.74742;0.845432820338983;1;NaN;9;NaN;9;NaN;9;4.209;1;0.678;1;4.5365;1;0;6.21;0.93
NED2010002_33;MFD_SETNO33;44.8495;-58.1977;336975;170;15-mar-10;18:31:14;32.7934;2.035;6.16893;0.156416847457627;1;32.8034362792969;1;6.212;1;NaN;9;7.543;1;0.873;1;8.367;1;0;8.64;0.90
NED2010002_34;MFD_SETNO34;44.9135;-58.1803;336982;5;15-mar-10;20:36:21;31.9124;1.3986;7.69312;0.982194011864407;1;NaN;9;7.698;1;NaN;9;4.5725;1;0.742;1;4.886;1;0;6.16;0.94
NED2010002_34;MFD_SETNO34;44.9135;-58.1803;336981;25;15-mar-10;20:36:21;31.9485;1.1311;7.86527;1.06922386101695;1;NaN;9;NaN;9;NaN;9;4.164;1;0.6765;1;4.5815;1;0;6.16;0.91
NED2010002_34;MFD_SETNO34;44.9135;-58.1803;336980;48;15-mar-10;20:36:21;32.0089;1.3827;7.89406;0.0834223186440678;1;NaN;9;NaN;9;NaN;9;2.3775;1;0.5755;1;1.6055;1;0;4.13;1.48
NED2010002_34;MFD_SETNO34;44.9135;-58.1803;336979;73;15-mar-10;20:36:21;32.234;1.2755;7.05543;0.552985081355932;1;32.2508697509766;1;7.1055;1;NaN;9;6.078;1;0.818;1;6.162;1;0;7.43;0.99
NED2010002_35;MFD_SETNO35;45.1642;-58.369;336986;5;16-mar-10;00:34:56;31.7826;0.998;7.7796;0.578451499576271;1;NaN;9;7.9525;1;NaN;9;4.7475;1;0.793;1;5.2675;1;0;5.99;0.90
NED2010002_35;MFD_SETNO35;45.1642;-58.369;336985;25;16-mar-10;00:34:56;31.7867;0.8734;7.74987;0.669402993220339;1;NaN;9;NaN;9;NaN;9;3.9705;1;0.656;1;4.4815;1;0;6.05;0.89
NED2010002_35;MFD_SETNO35;45.1642;-58.369;336984;51;16-mar-10;00:34:56;31.9123;0.8386;7.49375;0.327425377118644;1;NaN;9;NaN;9;NaN;9;4.569;1;0.704;1;4.6825;1;0;6.49;0.98
NED2010002_35;MFD_SETNO35;45.1642;-58.369;336983;158;16-mar-10;00:34:56;33.4483;3.2055;5.26909;0.0417111593220339;1;33.4524803161621;1;5.383;1;NaN;9;12.8665;1;1.247;1;13.588;1;0;10.32;0.95
NED2010002_36;MFD_SETNO36;45.028;-57.9778;336990;4;16-mar-10;04:44:00;31.9723;1.2421;7.812;1.93952235254237;1;NaN;9;7.6585;1;NaN;9;2.616;1;0.6745;1;2.6605;1;0;3.88;0.98
NED2010002_36;MFD_SETNO36;45.028;-57.9778;336989;24;16-mar-10;04:44:00;31.9726;1.2498;7.81575;1.76546265423729;1;NaN;9;NaN;9;NaN;9;3.8995;1;0.1205;2;3.958;1;2048;32.36;0.99
NED2010002_36;MFD_SETNO36;45.028;-57.9778;336988;50;16-mar-10;04:44:00;32.1242;0.9445;7.54044;0.341977616101695;1;NaN;9;NaN;9;NaN;9;4.5195;1;0.3775;1;4.394;1;0;11.97;1.03
NED2010002_36;MFD_SETNO36;45.028;-57.9778;336987;123;16-mar-10;04:44:00;33.1062;2.3122;6.06902;0.0664771601694915;1;33.0977172851562;1;6.1435;1;NaN;9;7.3525;1;0.8605;1;7.666;1;0;8.54;0.96
NED2010002_37;MFD_SETNO37;45.2308;-57.9907;336994;4;16-mar-10;07:41:37;32.0607;1.0232;7.74467;0.907596998305085;1;NaN;9;7.7345;1;NaN;9;3.7815;1;0.6555;1;4.527;1;0;5.77;0.84
NED2010002_37;MFD_SETNO37;45.2308;-57.9907;336993;25;16-mar-10;07:41:37;32.0673;1.0332;7.74739;0.795701477966102;1;NaN;9;NaN;9;NaN;9;3.997;1;0.688;1;4.3065;1;0;5.81;0.93
NED2010002_37;MFD_SETNO37;45.2308;-57.9907;336992;50;16-mar-10;07:41:37;32.2379;0.8949;7.44292;0.243750002966102;1;NaN;9;NaN;9;NaN;9;5.4685;1;0.792;1;5.2875;1;0;6.90;1.03
NED2010002_37;MFD_SETNO37;45.2308;-57.9907;336991;73;16-mar-10;07:41:37;32.3368;0.9243;7.31991;0.216376638983051;1;32.3418884277344;1;7.2525;1;NaN;9;4.4175;1;0.6665;1;4.336;1;0;6.63;1.02
NED2010002_39;MFD_SETNO39;45.3075;-57.7845;336998;5;16-mar-10;13:18:54;31.9324;0.8898;7.79006;0.994626847457627;1;NaN;9;7.6665;1;NaN;9;3.9525;1;0.6755;1;4.4485;1;0;5.85;0.89
NED2010002_39;MFD_SETNO39;45.3075;-57.7845;336997;24;16-mar-10;13:18:54;31.9672;0.9311;7.83209;1.08165669661017;1;NaN;9;NaN;9;NaN;9;3.724;1;0.661;1;4.366;1;0;5.63;0.85
NED2010002_39;MFD_SETNO39;45.3075;-57.7845;336996;50;16-mar-10;13:18:54;32.1657;0.8825;7.65407;0.363805974576271;1;NaN;9;NaN;9;NaN;9;4.612;1;0.7435;1;4.615;1;0;6.20;1.00
NED2010002_39;MFD_SETNO39;45.3075;-57.7845;336995;154;16-mar-10;13:18:54;33.5727;3.636;5.29109;0.0312833694915254;1;33.5606079101562;1;5.4435;1;NaN;9;10.1395;1;1.042;1;9.708;1;0;9.73;1.04
NED2010002_40;MFD_SETNO40;45.4888;-57.6332;357504;4;16-mar-10;16:14:49;31.7107;0.7178;7.90075;0.727611949152542;1;NaN;9;7.9675;1;NaN;9;3.5345;1;0.6115;1;4.129;1;0;5.78;0.86
NED2010002_40;MFD_SETNO40;45.4888;-57.6332;357503;25;16-mar-10;16:14:49;31.8232;0.74;7.814;0.870298491525424;1;NaN;9;NaN;9;NaN;9;4.7955;1;0.7395;1;4.822;1;0;6.48;0.99
NED2010002_40;MFD_SETNO40;45.4888;-57.6332;357502;49;16-mar-10;16:14:49;32.0814;0.7901;7.68054;0.371;1;NaN;9;NaN;9;NaN;9;4.023;1;0.649;1;4.9145;1;0;6.20;0.82
NED2010002_40;MFD_SETNO40;45.4888;-57.6332;357501;447;16-mar-10;16:14:49;34.8191;5.1776;3.43679;NaN;9;34.8170356750488;1;3.6285;1;NaN;9;18.337;1;1.531;1;27.212;1;0;11.98;0.67
NED2010002_42;MFD_SETNO42;45.3668;-57.2838;357508;5;16-mar-10;20:59:26;31.8176;1.0479;7.78989;0.560261200847457;1;NaN;9;7.95;1;NaN;9;4.0345;1;0.7235;1;4.725;1;0;5.58;0.85
NED2010002_42;MFD_SETNO42;45.3668;-57.2838;357507;25;16-mar-10;20:59:26;31.8239;0.6689;7.82413;0.621641779661017;1;NaN;9;NaN;9;NaN;9;4.588;1;0.733;1;4.9625;1;0;6.26;0.92
NED2010002_42;MFD_SETNO42;45.3668;-57.2838;357506;49;16-mar-10;20:59:26;32.1093;0.6706;7.89836;0.291044779661017;1;NaN;9;NaN;9;NaN;9;2.1775;2;0.608;1;2.5715;2;2048;3.58;0.85
NED2010002_42;MFD_SETNO42;45.3668;-57.2838;357505;443;16-mar-10;20:59:26;34.9003;5.2917;4.06556;NaN;9;34.8902587890625;1;4.296;1;NaN;9;18.611;1;1.513;1;22.4305;1;0;12.30;0.83
NED2010002_43;MFD_SETNO43;45.2848;-57.1662;357512;6;16-mar-10;23:04:37;32.3601;1.0324;7.47868;0.50932836440678;1;32.3406372070312;1;7.768;1;NaN;9;4.6635;1;0.739;1;4.601;1;0;6.31;1.01
NED2010002_43;MFD_SETNO43;45.2848;-57.1662;357511;25;16-mar-10;23:04:37;32.4619;0.2995;7.75956;0.312873138135593;1;NaN;9;NaN;9;NaN;9;4.292;1;0.713;1;4.2205;1;0;6.02;1.02
NED2010002_43;MFD_SETNO43;45.2848;-57.1662;357510;51;16-mar-10;23:04:37;32.487;0.3754;7.7124;0.531156722881356;1;NaN;9;NaN;9;NaN;9;NaN;9;NaN;9;NaN;9;0;NaN;NaN
NED2010002_43;MFD_SETNO43;45.2848;-57.1662;357509;441;16-mar-10;23:04:37;34.8918;5.2714;3.99338;0.0834223186440678;1;NaN;9;4.1995;1;NaN;9;19.9425;1;1.58;1;24.333;1;0;12.62;0.82
NED2010002_44;MFD_SETNO44;45.2115;-57.5938;357516;4;17-mar-10;02:27:55;31.9501;1.4366;7.73654;1.06922386101695;1;NaN;9;3.4275;7;NaN;9;2.3775;1;0.487;1;2.6855;1;256;4.88;0.89
NED2010002_44;MFD_SETNO44;45.2115;-57.5938;357515;25;17-mar-10;02:27:55;31.9755;1.2946;7.74815;1.29301490169492;1;NaN;9;NaN;9;NaN;9;3.0885;1;0.6035;1;3.266;1;0;5.12;0.95
NED2010002_44;MFD_SETNO44;45.2115;-57.5938;357514;50;17-mar-10;02:27:55;32.147;0.9833;7.66941;0.574813439830508;1;NaN;9;NaN;9;NaN;9;3.8005;1;0.647;1;3.7915;1;0;5.87;1.00
NED2010002_44;MFD_SETNO44;45.2115;-57.5938;357513;343;17-mar-10;02:27:55;34.6421;5.3999;3.19354;0.0104277898305085;1;34.6294784545898;1;7.5655;7;NaN;9;12.414;1;1.295;1;15.6815;1;256;9.59;0.79
NED2010002_45;MFD_SETNO45;44.9797;-57.6132;357519;5;17-mar-10;04:54:32;32.0179;1.0387;7.70159;0.770835806779661;1;NaN;9;NaN;9;NaN;9;4.292;1;0.7105;1;4.575;1;0;6.04;0.94
NED2010002_45;MFD_SETNO45;44.9797;-57.6132;357518;25;17-mar-10;04:54:32;32.027;0.9299;7.72232;0.552985081355932;1;NaN;9;NaN;9;NaN;9;4.7995;1;0.74;1;4.915;1;0;6.49;0.98
NED2010002_45;MFD_SETNO45;44.9797;-57.6132;357517;43;17-mar-10;04:54:32;32.1077;0.8851;7.55234;0.411100751271186;1;32.1003074645996;1;NaN;9;NaN;9;4.6735;1;0.7195;1;4.628;1;0;6.50;1.01
NED2010002_46;MFD_SETNO46;44.9323;-57.2933;357524;5;17-mar-10;07:29:21;31.9507;0.9112;7.78751;0.820567149152542;1;NaN;9;NaN;9;NaN;9;4.4515;1;0.7275;1;4.882;1;0;6.12;0.91
NED2010002_46;MFD_SETNO46;44.9323;-57.2933;357523;25;17-mar-10;07:29:21;32.0073;0.8173;7.73469;0.502052244915254;1;NaN;9;NaN;9;NaN;9;4.552;1;0.728;1;4.6545;1;0;6.25;0.98
NED2010002_46;MFD_SETNO46;44.9323;-57.2933;357522;50;17-mar-10;07:29:21;32.1471;0.7194;7.55825;0.177272427118644;1;NaN;9;7.796;1;NaN;9;5.1425;1;0.7945;1;5.0555;1;0;6.47;1.02
NED2010002_46;MFD_SETNO46;44.9323;-57.2933;357521;401;17-mar-10;07:29:21;34.8297;5.1975;3.54214;NaN;9;34.8278007507324;1;3.684;1;NaN;9;15.652;1;1.425;1;22.0155;1;0;10.98;0.71
NED2010002_48;MFD_SETNO48;44.9748;-56.8035;357528;5;17-mar-10;11:17:37;32.4985;1.0777;7.74739;1.06922386101695;1;NaN;9;7.642;1;NaN;9;3.842;1;0.6845;1;3.548;1;0;5.61;1.08
NED2010002_48;MFD_SETNO48;44.9748;-56.8035;357527;25;17-mar-10;11:17:37;32.551;1.1221;7.75454;0.870298491525424;1;NaN;9;NaN;9;NaN;9;3.7565;1;0.635;1;3.644;1;0;5.92;1.03
NED2010002_48;MFD_SETNO48;44.9748;-56.8035;357526;50;17-mar-10;11:17:37;32.554;1.0158;7.79394;0.957328340677966;1;NaN;9;NaN;9;NaN;9;3.835;1;0.6525;1;3.448;1;0;5.88;1.11
NED2010002_48;MFD_SETNO48;44.9748;-56.8035;357525;411;17-mar-10;11:17:37;34.9118;5.3876;4.18176;NaN;9;34.9036254882812;1;4.256;1;NaN;9;19.9015;1;1.515;1;21.964;1;0;13.14;0.91
NED2010002_49;MFD_SETNO49;44.7763;-56.984;357532;5;17-mar-10;14:06:05;32.2511;1.4;7.74857;0.770835806779661;1;NaN;9;7.7135;1;NaN;9;4.023;1;0.706;1;4.3935;1;0;5.70;0.92
NED2010002_49;MFD_SETNO49;44.7763;-56.984;357531;25;17-mar-10;14:06:05;32.4144;1.0519;7.66578;0.502052244915254;1;NaN;9;NaN;9;NaN;9;4.2395;1;0.6815;1;4.188;1;0;6.22;1.01
NED2010002_49;MFD_SETNO49;44.7763;-56.984;357530;50;17-mar-10;14:06:05;32.5842;0.9681;7.49501;0.187700216949153;1;NaN;9;NaN;9;NaN;9;4.7005;1;0.6955;1;4.3445;1;0;6.76;1.08
NED2010002_49;MFD_SETNO49;44.7763;-56.984;357529;414;17-mar-10;14:06:05;34.8596;5.1673;3.72993;NaN;9;34.8598251342773;1;3.8745;1;NaN;9;20.8975;1;1.6565;1;29.1365;1;0;12.62;0.72
NED2010002_50;MFD_SETNO50;44.6867;-57.0458;357536;5;17-mar-10;16:17:28;32.2636;1.5622;7.7318;1.69086564067797;1;NaN;9;7.8295;1;NaN;9;3.98;1;0.6915;1;4.337;1;0;5.76;0.92
NED2010002_50;MFD_SETNO50;44.6867;-57.0458;357535;25;17-mar-10;16:17:28;32.4643;1.2776;7.71651;0.820567149152542;1;NaN;9;NaN;9;NaN;9;3.73;1;0.645;1;3.8815;1;0;5.78;0.96
NED2010002_50;MFD_SETNO50;44.6867;-57.0458;357534;49;17-mar-10;16:17:28;32.5848;1.2195;7.53081;0.385634333050847;1;NaN;9;NaN;9;NaN;9;4.9475;1;0.7395;1;4.5;1;0;6.69;1.10
NED2010002_50;MFD_SETNO50;44.6867;-57.0458;357533;414;17-mar-10;16:17:28;34.8394;5.1753;3.58732;NaN;9;34.8441963195801;1;3.7435;1;NaN;9;20.9485;1;1.695;1;29.9075;1;0;12.36;0.70
NED2010002_51;MFD_SETNO51;44.7315;-57.8545;357539;5;17-mar-10;21:10:54;32.1675;1.5596;7.81384;1.84005966779661;1;NaN;9;7.787;1;NaN;9;3.6235;1;0.7005;1;4.045;1;0;5.17;0.90
NED2010002_51;MFD_SETNO51;44.7315;-57.8545;357538;25;17-mar-10;21:10:54;32.1738;1.4;7.79209;2.16331339322034;1;NaN;9;NaN;9;NaN;9;3.4925;1;0.6465;1;3.6065;1;0;5.40;0.97
NED2010002_51;MFD_SETNO51;44.7315;-57.8545;357537;40;17-mar-10;21:10:54;32.1725;1.3965;7.78264;1.96438802372881;1;32.1752815246582;1;7.729;1;NaN;9;3.8275;1;0.695;1;4.0615;1;0;5.51;0.94
NED2010002_52;MFD_SETNO52;44.589;-57.8163;357542;5;17-mar-10;22:59:52;32.0878;1.4103;7.76036;0.795701477966102;1;NaN;9;7.8695;1;NaN;9;4.1915;1;0.706;1;4.6395;1;0;5.94;0.90
NED2010002_52;MFD_SETNO52;44.589;-57.8163;357541;25;17-mar-10;22:59:52;32.1233;1.2014;7.73886;0.907596998305085;1;NaN;9;NaN;9;NaN;9;4.2495;1;0.722;1;4.8375;1;0;5.89;0.88
NED2010002_52;MFD_SETNO52;44.589;-57.8163;357540;33;17-mar-10;22:59:52;32.1268;1.1941;7.76594;0.820567149152542;1;32.1237907409668;1;7.8125;1;NaN;9;4.269;1;0.7215;1;4.6215;1;0;5.92;0.92
NED2010002_53;MFD_SETNO53;44.595;-57.9915;357545;5;18-mar-10;00:40:15;32.1605;1.427;7.71267;1.09408953220339;1;NaN;9;7.7825;1;NaN;9;3.7335;1;0.6505;1;4.056;1;0;5.74;0.92
NED2010002_53;MFD_SETNO53;44.595;-57.9915;357544;24;18-mar-10;00:40:15;32.1619;1.3291;7.70678;1.11895520338983;1;NaN;9;NaN;9;NaN;9;3.169;1;0.56;1;3.351;1;0;5.66;0.95
NED2010002_53;MFD_SETNO53;44.595;-57.9915;357543;48;18-mar-10;00:40:15;32.1633;1.3247;7.72791;1.06922386101695;1;32.1588821411133;1;7.693;1;NaN;9;4.142;1;0.691;1;4.417;1;0;5.99;0.94
NED2010002_54;MFD_SETNO54;44.3537;-57.5717;357549;5;18-mar-10;04:50:49;32.3763;1.2183;7.67187;0.607555977542373;1;NaN;9;7.775;1;NaN;9;3.932;1;0.664;1;4.2455;1;0;5.92;0.93
NED2010002_54;MFD_SETNO54;44.3537;-57.5717;357548;26;18-mar-10;04:50:49;32.4954;0.8881;7.61293;0.795701477966102;1;NaN;9;NaN;9;NaN;9;4.112;1;0.675;1;4.245;1;0;6.09;0.97
NED2010002_54;MFD_SETNO54;44.3537;-57.5717;357547;50;18-mar-10;04:50:49;32.6176;1.1995;7.44236;0.341977616101695;1;NaN;9;NaN;9;NaN;9;4.958;1;0.743;1;4.787;1;0;6.67;1.04
NED2010002_54;MFD_SETNO54;44.3537;-57.5717;357546;179;18-mar-10;04:50:49;33.8281;4.9045;5.24065;NaN;9;33.8351058959961;1;5.359;1;NaN;9;11.984;1;1.12;1;10.5725;1;0;10.70;1.13
NED2010002_55;MFD_SETNO55;44.3372;-57.739;357553;5;18-mar-10;08:41:41;32.1206;1.236;7.70293;0.647574634745763;1;NaN;9;7.7665;1;NaN;9;4.246;1;0.7195;1;4.941;1;0;5.90;0.86
NED2010002_55;MFD_SETNO55;44.3372;-57.739;357552;24;18-mar-10;08:41:41;32.2329;1.2769;7.66101;0.669402993220339;1;NaN;9;NaN;9;NaN;9;3.8625;1;0.684;1;4.349;1;0;5.65;0.89
NED2010002_55;MFD_SETNO55;44.3372;-57.739;357551;50;18-mar-10;08:41:41;32.3587;1.108;7.69638;0.269216421186441;1;NaN;9;NaN;9;NaN;9;4.966;1;0.7395;1;5.0015;1;0;6.72;0.99
NED2010002_55;MFD_SETNO55;44.3372;-57.739;357550;223;18-mar-10;08:41:41;34.5392;7.0985;4.14684;NaN;9;34.536060333252;1;4.332;1;NaN;9;13.196;1;1.1335;1;10.665;1;0;11.64;1.24
NED2010002_56;MFD_SETNO56;44.3543;-57.8832;357557;5;18-mar-10;10:12:58;32.095;1.0924;7.68091;0.907596998305085;1;NaN;9;7.8505;1;NaN;9;3.8545;1;0.6485;1;4.2455;1;0;5.94;0.91
NED2010002_56;MFD_SETNO56;44.3543;-57.8832;357556;25;18-mar-10;10:12:58;32.0962;1.0883;7.70294;0.74597013559322;1;NaN;9;NaN;9;NaN;9;3.915;1;0.658;1;4.155;1;0;5.95;0.94
NED2010002_56;MFD_SETNO56;44.3543;-57.8832;357555;49;18-mar-10;10:12:58;32.2076;0.9943;7.60387;0.494776125423729;1;NaN;9;NaN;9;NaN;9;4.648;1;0.7015;1;4.5975;1;0;6.63;1.01
NED2010002_56;MFD_SETNO56;44.3543;-57.8832;357554;111;18-mar-10;10:12:58;32.6091;1.0428;7.21546;0.243750002966102;1;32.6050720214844;1;7.298;1;NaN;9;5.4785;1;0.7615;1;5.646;1;0;7.19;0.97
NED2010002_57;MFD_SETNO57;44.3645;-59.2852;357561;4;20-mar-10;10:42:31;32.2689;2.1519;8.09228;11.8793049576271;1;NaN;9;8.0965;1;NaN;9;0.8275;1;0.461;1;1.491;1;0;1.80;0.55
NED2010002_57;MFD_SETNO57;44.3645;-59.2852;357560;24;20-mar-10;10:42:31;32.4937;2.1092;7.74228;4.96286625254237;1;NaN;9;NaN;9;NaN;9;3.414;1;0.6395;1;2.9885;1;0;5.34;1.14
NED2010002_57;MFD_SETNO57;44.3645;-59.2852;357559;49;20-mar-10;10:42:31;32.5931;2.1721;7.5082;1.88682196101695;1;NaN;9;NaN;9;NaN;9;4.267;1;0.705;1;3.725;1;0;6.05;1.15
NED2010002_57;MFD_SETNO57;44.3645;-59.2852;357558;189;20-mar-10;10:42:31;34.2334;6.2391;4.91873;0.0860292661016949;1;34.23;1;5.0185;1;NaN;9;12.477;1;1.0585;1;9.351;1;0;11.79;1.33
NED2010002_59;MFD_SETNO59;43.7262;-59.4678;357565;5;20-mar-10;17:34:22;32.3653;2.8482;8.68382;15.4430964449153;1;NaN;9;8.7655;1;NaN;9;0.094;1;0.3615;1;0.5095;1;0;0.26;0.18
NED2010002_59;MFD_SETNO59;43.7262;-59.4678;357564;25;20-mar-10;17:34:22;32.6309;2.6369;7.75807;10.928960561017;1;NaN;9;NaN;9;NaN;9;1.9145;1;0.4895;1;1.797;1;0;3.91;1.07
NED2010002_59;MFD_SETNO59;43.7262;-59.4678;357563;50;20-mar-10;17:34:22;32.8329;2.9171;7.24866;1.19355221694915;1;NaN;9;NaN;9;NaN;9;3.279;1;0.508;1;2.635;1;0;6.45;1.24
NED2010002_59;MFD_SETNO59;43.7262;-59.4678;357562;106;20-mar-10;17:34:22;33.3691;4.4378;6.25596;0.305597018644068;1;33.379;1;6.251;1;NaN;9;7.6535;1;0.8265;1;5.91;1;0;9.26;1.30
NED2010002_60;MFD_SETNO60;43.6312;-59.7145;357569;5;20-mar-10;19:36:36;32.4006;3.0462;8.66798;14.7303381474576;1;NaN;9;8.4985;1;NaN;9;0.052;1;0.355;1;0.4415;1;0;0.15;0.12
NED2010002_60;MFD_SETNO60;43.6312;-59.7145;357568;25;20-mar-10;19:36:36;32.7405;2.7172;7.46181;15.6806825440678;1;NaN;9;NaN;9;NaN;9;1.5095;1;0.4935;1;1.3075;1;0;3.06;1.15
NED2010002_60;MFD_SETNO60;43.6312;-59.7145;357567;50;20-mar-10;19:36:36;32.8039;2.8827;7.39471;2.12694267966102;1;NaN;9;NaN;9;NaN;9;0.696;1;0.644;1;3.3505;1;0;1.08;0.21
NED2010002_60;MFD_SETNO60;43.6312;-59.7145;357566;156;20-mar-10;19:36:36;34.0882;6.8937;5.39295;1.31788057288136;1;34.073;1;5.53;1;NaN;9;8.6715;1;0.794;1;5.998;1;0;10.92;1.45
NED2010002_61;MFD_SETNO61;43.6927;-60.0682;357573;6;20-mar-10;22:04:52;32.4464;2.7876;8.54843;15.2055103457627;1;NaN;9;8.7635;1;NaN;9;0.0695;1;0.3335;1;0.5335;1;0;0.21;0.13
NED2010002_61;MFD_SETNO61;43.6927;-60.0682;357572;26;20-mar-10;22:04:52;32.4541;2.385;7.87476;16.1558547423729;1;NaN;9;NaN;9;NaN;9;1.195;1;0.496;1;0.7285;1;0;2.41;1.64
NED2010002_61;MFD_SETNO61;43.6927;-60.0682;357571;50;20-mar-10;22:04:52;32.6673;2.6876;7.3341;1.93358425423729;1;NaN;9;NaN;9;NaN;9;4.2415;1;0.6785;1;3.464;1;0;6.25;1.22
NED2010002_61;MFD_SETNO61;43.6927;-60.0682;357570;59;20-mar-10;22:04:52;32.6831;2.7425;7.28092;1.54167161355932;1;32.679;1;7.448;1;NaN;9;3.997;1;0.6625;1;3.3735;1;0;6.03;1.18
NED2010002_62;MFD_SETNO62;43.6907;-60.9172;357576;6;21-mar-10;02:36:48;32.2528;2.9331;7.78256;2.51365953050848;1;NaN;9;7.814;1;NaN;9;0.657;1;0.47;1;0.393;1;0;1.40;1.67
NED2010002_62;MFD_SETNO62;43.6907;-60.9172;357575;25;21-mar-10;02:36:48;32.2462;2.4858;7.72398;5.70206637966102;1;NaN;9;NaN;9;NaN;9;0.8065;1;0.514;1;0.4235;1;0;1.57;1.90
NED2010002_62;MFD_SETNO62;43.6907;-60.9172;357574;48;21-mar-10;02:36:48;32.245;2.3377;7.69056;5.71851411016949;1;32.251;1;7.653;1;NaN;9;1.151;1;0.5345;1;0.5315;1;0;2.15;2.17
NED2010002_63;MFD_SETNO63;43.3973;-61.5452;357581;6;21-mar-10;06:23:11;32.5135;2.914;7.92562;4.31833816779661;1;NaN;9;NaN;9;NaN;9;0.2095;1;0.419;1;0.3565;1;0;0.50;0.59
NED2010002_63;MFD_SETNO63;43.3973;-61.5452;357580;24;21-mar-10;06:23:11;32.328;2.8448;7.94391;4.51169659322034;1;NaN;9;7.985;1;NaN;9;0.269;1;0.37;1;0.34;1;0;0.73;0.79
NED2010002_63;MFD_SETNO63;43.3973;-61.5452;357579;50;21-mar-10;06:23:11;32.7108;2.9335;7.41397;7.36516907372881;1;NaN;9;NaN;9;NaN;9;3.285;1;0.613;1;2.5915;1;0;5.36;1.27
NED2010002_63;MFD_SETNO63;43.3973;-61.5452;357578;75;21-mar-10;06:23:11;32.9855;3.9475;6.86614;9.5034439661017;1;32.987;1;6.8125;1;NaN;9;3.833;1;0.669;1;2.63;1;0;5.73;1.46
NED2010002_64;MFD_SETNO64;43.4373;-62.5963;357585;6;21-mar-10;11:01:36;32.2108;3.7492;7.47238;2.38475391355932;1;NaN;9;7.4005;1;NaN;9;1.113;1;0.446;1;2.5305;1;0;2.50;0.44
NED2010002_64;MFD_SETNO64;43.4373;-62.5963;357584;26;21-mar-10;11:01:36;32.3617;3.1759;7.57609;2.51365953050848;1;NaN;9;NaN;9;NaN;9;0.827;1;0.45;1;2.163;1;0;1.84;0.38
NED2010002_64;MFD_SETNO64;43.4373;-62.5963;357583;51;21-mar-10;11:01:36;32.4704;3.0545;7.33814;1.61132021186441;1;NaN;9;NaN;9;NaN;9;2.574;1;0.55;1;2.372;1;0;4.68;1.09
NED2010002_64;MFD_SETNO64;43.4373;-62.5963;357582;91;21-mar-10;11:01:36;34.0654;8.0243;4.10695;1.28905616949153;1;34.107;1;4.3515;1;NaN;9;13.248;1;1.2055;1;10.84;1;0;10.99;1.22
NED2010002_65;MFD_SETNO65;43.231;-63.0787;357589;5;21-mar-10;13:40:30;32.419;4.1866;7.3992;3.73826289152542;1;NaN;9;8.662;7;NaN;9;1.295;1;0.4635;1;2.8375;1;256;2.79;0.46
NED2010002_65;MFD_SETNO65;43.231;-63.0787;357588;25;21-mar-10;13:40:30;32.4239;4.0093;7.43351;3.73826289152542;1;NaN;9;NaN;9;NaN;9;1.6705;1;0.443;1;2.571;1;0;3.77;0.65
NED2010002_65;MFD_SETNO65;43.231;-63.0787;357587;50;21-mar-10;13:40:30;32.4525;3.8808;7.26443;3.54490446610169;1;NaN;9;NaN;9;NaN;9;2.531;1;0.544;1;3.3955;1;0;4.65;0.75
NED2010002_65;MFD_SETNO65;43.231;-63.0787;357586;119;21-mar-10;13:40:30;34.8759;10.2441;4.16165;1.80467863728814;1;34.897;1;4.9745;1;NaN;9;13.3935;1;1.0275;1;9.177;1;0;13.04;1.46
NED2010002_66;MFD_SETNO66;44.2658;-63.3188;357600;3;21-mar-10;19:33:35;31.0937;1.9202;NaN;0.744013340075188;1;NaN;9;7.7225;1;0.1935;1;4.1155;1;0.716;1;5.79;1;0;5.75;0.71
NED2010002_66;MFD_SETNO66;44.2658;-63.3188;357598;5;21-mar-10;19:33:35;31.0935;1.9256;NaN;0.449043906766917;1;NaN;9;NaN;9;0.1785;1;3.634;1;0.6655;1;5.169;1;0;5.46;0.70
NED2010002_66;MFD_SETNO66;44.2658;-63.3188;357597;10;21-mar-10;19:33:35;31.3014;1.3362;7.88883;1.19689102533835;1;NaN;9;NaN;9;0.187;1;3.807;1;0.721;1;5.2685;1;0;5.28;0.72
NED2010002_66;MFD_SETNO66;44.2658;-63.3188;357596;20;21-mar-10;19:33:35;31.5096;1.0656;7.71064;0.841058558345865;1;NaN;9;NaN;9;0.2115;1;4.277;1;0.6775;1;4.867;1;0;6.31;0.88
NED2010002_66;MFD_SETNO66;44.2658;-63.3188;357595;30;21-mar-10;19:33:35;31.5738;1.1411;7.59138;0.598445512669173;1;NaN;9;NaN;9;0.206;1;4.597;1;0.7005;1;4.872;1;0;6.56;0.94
NED2010002_66;MFD_SETNO66;44.2658;-63.3188;357594;39;21-mar-10;19:33:35;31.6724;1.3888;7.57268;0.727839137030075;1;31.687;1;7.472;1;0.218;1;4.5595;1;0.835;1;5.2225;1;0;5.46;0.87
NED2010002_66;MFD_SETNO66;44.2658;-63.3188;357593;50;21-mar-10;19:33:35;31.7514;1.309;7.44215;1.48113159699248;1;NaN;9;NaN;9;0.1905;1;4.296;1;0.6815;1;4.5625;1;0;6.30;0.94
NED2010002_66;MFD_SETNO66;44.2658;-63.3188;357592;75;21-mar-10;19:33:35;32.1101;2.315;7.43382;0.614619715714286;1;NaN;9;NaN;9;0.197;1;3.2005;1;0.5975;1;3.15;1;0;5.36;1.02
NED2010002_66;MFD_SETNO66;44.2658;-63.3188;357591;101;21-mar-10;19:33:35;32.4473;3.7008;6.88175;1.43998905263158;1;NaN;9;NaN;9;0.227;1;3.836;1;0.688;1;4.322;1;0;5.58;0.89
NED2010002_66;MFD_SETNO66;44.2658;-63.3188;357590;160;21-mar-10;19:33:35;34.3261;8.4006;3.66593;0.485226091353383;1;34.321;1;3.809;1;0.2185;1;16.138;1;1.3395;1;14.6915;1;0;12.05;1.10
NED2010002_67;MFD_SETNO67;43.4087;-63.1083;357604;4;28-mar-10;02:22:49;31.8442;2.4779;7.40724;3.28709323220339;1;NaN;9;7.512;1;0.259;1;3.8525;1;0.655;1;4.178;1;0;5.88;0.92
NED2010002_67;MFD_SETNO67;43.4087;-63.1083;357603;24;28-mar-10;02:22:49;31.8437;2.4733;7.42493;3.35154604067797;1;NaN;9;NaN;9;0.302;1;3.8595;1;0.6165;1;4.06;1;0;6.26;0.95
NED2010002_67;MFD_SETNO67;43.4087;-63.1083;357602;49;28-mar-10;02:22:49;32.1333;3.1048;7.17096;0.820567149152542;1;NaN;9;NaN;9;0.294;1;4.4315;1;0.6155;1;4.4345;1;0;7.20;1.00
NED2010002_67;MFD_SETNO67;43.4087;-63.1083;357601;133;28-mar-10;02:22:49;34.9375;9.8691;3.5619;0.0912431610169492;1;34.945;1;3.7105;1;0.1845;1;17.6295;1;1.21;1;12.02;1;0;14.57;1.47
NED2010002_69;MFD_SETNO69;43.2302;-63.09;357608;4;28-mar-10;05:48:56;32.1063;3.241;7.405;1.51680594237288;1;NaN;9;7.527;1;0.2045;1;1.0725;1;0.46;1;2.362;1;0;2.33;0.45
NED2010002_69;MFD_SETNO69;43.2302;-63.09;357607;25;28-mar-10;05:48:56;32.1288;3.3632;7.40927;1.29301490169492;1;NaN;9;NaN;9;0.1925;1;1.0385;1;0.4615;1;2.378;1;0;2.25;0.44
NED2010002_69;MFD_SETNO69;43.2302;-63.09;357606;50;28-mar-10;05:48:56;32.1899;3.4363;7.12816;1.31788057288136;1;NaN;9;NaN;9;0.2195;1;1.2395;1;0.4895;1;2.564;1;0;2.53;0.48
NED2010002_69;MFD_SETNO69;43.2302;-63.09;357605;130;28-mar-10;05:48:56;34.8486;9.9911;3.97922;0.116417911864407;1;34.863;1;4.142;1;0.27;1;15.0675;1;1.061;1;9.746;1;0;14.20;1.55
NED2010002_71;MFD_SETNO71;42.8098;-63.1775;357612;5;28-mar-10;10:55:31;32.4599;4.1256;7.20118;1.06922386101695;1;NaN;9;7.419;1;0.1995;1;0.984;1;0.4275;1;2.5905;1;0;2.30;0.38
NED2010002_71;MFD_SETNO71;42.8098;-63.1775;357611;25;28-mar-10;10:55:31;32.4609;4.1472;7.23351;1.04435818983051;1;NaN;9;NaN;9;0.209;1;0.9905;1;0.446;1;2.6035;1;0;2.22;0.38
NED2010002_71;MFD_SETNO71;42.8098;-63.1775;357610;49;28-mar-10;10:55:31;32.7243;4.7745;7.00094;0.820567149152542;1;NaN;9;NaN;9;0.2595;1;2.3645;1;0.4795;1;2.9265;1;0;4.93;0.81
NED2010002_71;MFD_SETNO71;42.8098;-63.1775;357609;296;28-mar-10;10:55:31;35.1479;9.1889;3.39397;NaN;9;35.159;1;3.61;1;0.165;1;21.939;1;1.407;1;12.4255;1;0;15.59;1.77
NED2010002_73;MFD_SETNO73;43.0442;-62.2448;357616;5;28-mar-10;17:44:56;33.1608;4.939;6.93406;4.57614940169492;1;NaN;9;7.138;1;0.2605;1;3.279;1;0.5985;1;2.266;1;0;5.48;1.45
NED2010002_73;MFD_SETNO73;43.0442;-62.2448;357615;27;28-mar-10;17:44:56;33.1764;4.9312;6.94868;4.83396063559322;1;NaN;9;NaN;9;0.2605;1;3.249;1;0.5305;1;2.2125;1;0;6.12;1.47
NED2010002_73;MFD_SETNO73;43.0442;-62.2448;357614;50;28-mar-10;17:44:56;33.2124;5.0345;6.86966;4.51169659322034;1;NaN;9;NaN;9;0.243;1;3.5535;1;0.5285;1;2.388;1;0;6.72;1.49
NED2010002_73;MFD_SETNO73;43.0442;-62.2448;357613;112;28-mar-10;17:44:56;35.2795;11.3971;4.45894;0.167350748305085;1;35.275;1;4.6325;1;0.261;1;12.527;1;0.8625;1;6.8385;1;0;14.52;1.83
NED2010002_75;MFD_SETNO75;43.4143;-61.5322;357620;5;28-mar-10;23:15:04;32.4182;3.0408;7.52098;2.96482918983051;1;NaN;9;7.6905;1;0.1915;1;1.096;1;0.4715;1;1.004;1;0;2.32;1.09
NED2010002_75;MFD_SETNO75;43.4143;-61.5322;357619;25;28-mar-10;23:15:04;32.4188;3.0431;7.53747;3.09373480677966;1;NaN;9;NaN;9;0.182;1;1.1505;1;0.4575;1;1.038;1;0;2.51;1.11
NED2010002_75;MFD_SETNO75;43.4143;-61.5322;357618;49;28-mar-10;23:15:04;32.7362;3.1674;7.13443;2.06248987118644;1;NaN;9;NaN;9;0.276;1;3.866;1;0.647;1;2.8875;1;0;5.98;1.34
NED2010002_75;MFD_SETNO75;43.4143;-61.5322;357617;80;28-mar-10;23:15:04;33;3.781;6.70539;1.41796178644068;1;33.025;1;6.851;1;0.29;1;4.9115;1;0.7635;1;3.648;1;0;6.43;1.35
NED2010002_77;MFD_SETNO77;43.5232;-61.2523;357624;5;29-mar-10;03:09:22;32.2542;2.876;7.4909;1.56653728474576;1;NaN;9;7.645;1;0.188;1;0.6015;1;0.467;1;0.459;1;0;1.29;1.31
NED2010002_77;MFD_SETNO77;43.5232;-61.2523;357623;25;29-mar-10;03:09:22;32.2633;2.8651;7.51525;1.21841788813559;1;NaN;9;NaN;9;0.187;1;0.6235;1;0.471;1;0.464;1;0;1.32;1.34
NED2010002_77;MFD_SETNO77;43.5232;-61.2523;357622;49;29-mar-10;03:09:22;32.27;2.8036;7.44097;2.25584829661017;1;NaN;9;NaN;9;0.1935;1;1.046;1;0.594;1;0.578;1;0;1.76;1.81
NED2010002_77;MFD_SETNO77;43.5232;-61.2523;357621;68;29-mar-10;03:09:22;32.4035;2.7873;7.21064;4.98930808220339;1;32.415;1;7.371;1;0.207;1;1.4575;1;0.6675;1;0.7725;1;0;2.18;1.89
NED2010002_79;MFD_SETNO79;43.3135;-61.2138;357628;5;29-mar-10;06:15:18;32.6352;2.8975;7.61885;9.74103006525424;1;NaN;9;7.726;1;0.178;1;1.1345;1;0.4015;1;1.1775;1;0;2.83;0.96
NED2010002_79;MFD_SETNO79;43.3135;-61.2138;357627;25;29-mar-10;06:15:18;32.639;2.8157;7.67104;9.5034439661017;1;NaN;9;NaN;9;0.2545;1;1.287;1;0.4315;1;1.26;1;0;2.98;1.02
NED2010002_79;MFD_SETNO79;43.3135;-61.2138;357626;50;29-mar-10;06:15:18;32.7752;3.1622;7.29743;6.41482467711865;1;NaN;9;NaN;9;0.221;1;3.026;1;0.469;1;2.302;1;0;6.45;1.31
NED2010002_79;MFD_SETNO79;43.3135;-61.2138;357625;101;29-mar-10;06:15:18;33.2518;4.515;6.5523;1.14382087457627;1;33.268;1;6.6945;1;0.287;1;5.8885;1;0.6885;1;4.425;1;0;8.55;1.33
NED2010002_81;MFD_SETNO81;43.5407;-60.8963;357632;5;29-mar-10;10:24:49;32.6486;3.1323;7.46816;5.49359833728814;1;NaN;9;7.6055;1;0.2335;1;1.48;1;0.462;1;1.0525;1;0;3.20;1.41
NED2010002_81;MFD_SETNO81;43.5407;-60.8963;357631;25;29-mar-10;10:24:49;32.6681;3.1887;7.41242;4.44724378474576;1;NaN;9;NaN;9;0.261;1;1.6615;1;0.433;1;0.9375;1;0;3.84;1.77
NED2010002_81;MFD_SETNO81;43.5407;-60.8963;357630;50;29-mar-10;10:24:49;32.7351;3.2142;7.00454;8.07792737118644;1;NaN;9;NaN;9;0.232;1;2.593;1;0.616;1;1.1005;1;0;4.21;2.36
NED2010002_81;MFD_SETNO81;43.5407;-60.8963;357629;65;29-mar-10;10:24:49;32.7388;3.2045;6.96672;8.55309956949153;1;32.745;1;7.1495;1;0.268;1;2.6405;1;0.654;1;1.1755;1;0;4.04;2.25
NED2010002_83;MFD_SETNO83;43.5232;-60.321;357636;5;29-mar-10;14:30:01;32.3829;1.6619;7.60979;1.41734325762712;1;NaN;9;7.7105;1;0.2225;1;3.638;1;0.596;1;3.882;1;0;6.10;0.94
NED2010002_83;MFD_SETNO83;43.5232;-60.321;357635;24;29-mar-10;14:30:01;32.3933;1.6116;7.6173;1.44220892881356;1;NaN;9;NaN;9;0.2905;1;4.032;1;0.6415;1;4.2215;1;0;6.29;0.96
NED2010002_83;MFD_SETNO83;43.5232;-60.321;357634;49;29-mar-10;14:30:01;32.4554;1.6004;7.55242;1.21841788813559;1;NaN;9;NaN;9;0.2415;1;4.358;1;0.644;1;4.303;1;0;6.77;1.01
NED2010002_83;MFD_SETNO83;43.5232;-60.321;357633;104;29-mar-10;14:30:01;33.3364;4.3852;6.32763;0.371082094067797;1;33.346;1;6.52;1;0.296;1;7.3255;1;0.7965;1;5.6715;1;0;9.20;1.29
NED2010002_85;MFD_SETNO85;43.7358;-60.613;357639;6;29-mar-10;18:17:08;32.471;2.8714;7.88368;10.2162022635593;1;NaN;9;8.035;1;0.166;1;0.1485;1;0.3785;1;0.6045;1;0;0.39;0.25
NED2010002_85;MFD_SETNO85;43.7358;-60.613;357638;25;29-mar-10;18:17:08;32.472;2.7923;7.84239;9.74103006525424;1;NaN;9;NaN;9;0.1315;1;0.159;1;0.381;1;0.5965;1;0;0.42;0.27
NED2010002_85;MFD_SETNO85;43.7358;-60.613;357637;51;29-mar-10;18:17:08;32.4752;2.7491;7.73895;9.26585786694915;1;32.476;1;7.89;1;0.1475;1;0.1855;1;0.359;1;0.595;1;0;0.52;0.31
NED2010002_87;MFD_SETNO87;43.7137;-60.9155;357643;5;29-mar-10;21:44:37;32.5709;3.0183;7.58391;8.79068566864407;1;NaN;9;7.753;1;0.1765;1;0.6335;1;0.4565;1;0.6425;1;0;1.39;0.99
NED2010002_87;MFD_SETNO87;43.7137;-60.9155;357642;25;29-mar-10;21:44:37;32.5618;2.971;7.55595;8.79068566864407;1;NaN;9;NaN;9;0.1825;1;0.7405;1;0.485;1;0.643;1;0;1.53;1.15
NED2010002_87;MFD_SETNO87;43.7137;-60.9155;357641;45;29-mar-10;21:44:37;32.5627;2.9462;7.5447;11.8793049576271;1;32.578;1;7.6745;1;0.219;1;0.748;1;0.479;1;0.6345;1;0;1.56;1.18
NED2010002_91;MFD_SETNO91;43.8755;-61.8707;357647;6;30-mar-10;05:55:21;32.5383;3.4802;7.55523;2.7070179559322;1;NaN;9;7.6465;1;0.2075;1;1.05;1;0.4025;1;1.517;1;0;2.61;0.69
NED2010002_91;MFD_SETNO91;43.8755;-61.8707;357646;26;30-mar-10;05:55:21;32.6964;3.3311;7.66365;10.4537883627119;1;NaN;9;NaN;9;0.1645;1;0.4095;1;0.3985;1;0.647;1;0;1.03;0.63
NED2010002_91;MFD_SETNO91;43.8755;-61.8707;357645;49;30-mar-10;05:55:21;32.8847;3.964;7.16866;2.83592357288136;1;NaN;9;NaN;9;0.2195;1;1.7945;1;0.579;1;1.533;1;0;3.10;1.17
NED2010002_91;MFD_SETNO91;43.8755;-61.8707;357644;124;30-mar-10;05:55:21;34.5391;8.9315;4.74098;5.93965247881356;1;34.578;1;4.9775;1;0.3795;1;10.803;1;0.983;1;5.538;1;0;10.99;1.95
NED2010002_93;MFD_SETNO93;43.4703;-62.5915;357651;6;30-mar-10;12:08:13;32.3166;3.5365;7.31294;0.870298491525424;1;NaN;9;5.071;7;0.1645;1;1.181;1;0.978;1;2.323;1;256;1.21;0.51
NED2010002_93;MFD_SETNO93;43.4703;-62.5915;357650;25;30-mar-10;12:08:13;32.6389;3.8227;7.2336;0.870298491525423;1;NaN;9;NaN;9;0.1965;1;1.634;1;0.482;1;1.977;1;0;3.39;0.83
NED2010002_93;MFD_SETNO93;43.4703;-62.5915;357649;50;30-mar-10;12:08:13;33.2463;5.072;6.59313;2.96482918983051;1;NaN;9;NaN;9;0.281;1;4.294;1;0.6325;1;2.85;1;0;6.79;1.51
NED2010002_93;MFD_SETNO93;43.4703;-62.5915;357648;96;30-mar-10;12:08:13;34.4485;8.6159;4.8252;1.3535089779661;1;34.492;1;NaN;9;0.3995;1;10.776;1;0.9485;1;6.2985;1;0;11.36;1.71
