CTD;CTD;CTD;CTD;CTD;CTD;CTD;CTD;CTD;CTD;CTD;labo;labo;terrain;labo;labo;labo;labo;calc;calc
Fichier;Station;Latitude;Longitude;Echantillon;zbouteille;Date;Heure;PSAL;TEMP_XX;DOXY;OXY_XX;Q_OXY;TEMP_RT;Q_TEMP_RT;SSAL_BS;Q_SSAL;QCFF;N_P;N_Si
(nom);(nom/no);(degres);(degres);(no_unique);(dbar);(jj-mmm-yyyy);(GMT);(psu);(celsius);(ml/l);(ml/l);((none));(celsius);((none));(g/kg);((none));((none));((none));((none))
NED2012002_1;MFD_SETNO1;44.2695;-63.3217;384440;2;11-feb-12;03:19:52;30.8743;1.9743;6.70081;6.70081;1;1.9743;1;30.8743;1;0;NaN;NaN
NED2012002_1;MFD_SETNO1;44.2695;-63.3217;384439;6;11-feb-12;03:19:52;30.5905;1.9469;7.39874;7.39874;1;1.9469;1;30.5905;1;0;NaN;NaN
NED2012002_1;MFD_SETNO1;44.2695;-63.3217;384438;10;11-feb-12;03:19:52;30.5395;1.9501;7.08281;7.08281;1;1.9501;1;30.5395;1;0;NaN;NaN
NED2012002_1;MFD_SETNO1;44.2695;-63.3217;384437;21;11-feb-12;03:19:52;30.5394;1.9998;6.6006;6.6006;1;1.9998;1;30.5394;1;0;NaN;NaN
NED2012002_1;MFD_SETNO1;44.2695;-63.3217;384436;30;11-feb-12;03:19:52;30.7157;2.5647;6.45654;6.45654;1;2.5647;1;30.7157;1;0;NaN;NaN
NED2012002_1;MFD_SETNO1;44.2695;-63.3217;384435;40;11-feb-12;03:19:52;31.0488;3.6499;6.22084;6.22084;1;3.6499;1;31.0488;1;0;NaN;NaN
NED2012002_1;MFD_SETNO1;44.2695;-63.3217;384434;51;11-feb-12;03:19:52;31.4753;4.7858;6.06968;6.06968;1;4.7858;1;31.4753;1;0;NaN;NaN
NED2012002_1;MFD_SETNO1;44.2695;-63.3217;384433;76;11-feb-12;03:19:52;31.7387;3.9458;5.50046;5.50046;1;3.9458;1;31.7387;1;0;NaN;NaN
NED2012002_1;MFD_SETNO1;44.2695;-63.3217;384432;101;11-feb-12;03:19:52;32.3328;4.3249;5.02915;5.02915;1;4.3249;1;32.3328;1;0;NaN;NaN
NED2012002_1;MFD_SETNO1;44.2695;-63.3217;384431;141;11-feb-12;03:19:52;33.7343;6.9451;3.81622;3.81622;1;6.9451;1;33.7343;1;0;NaN;NaN
NED2012002_3;MFD_SETNO3;42.1772;-65.9458;384442;6;11-feb-12;22:30:52;31.8984;5.5751;7.03906;7.03906;1;5.5751;1;31.8984;1;0;NaN;NaN
NED2012002_3;MFD_SETNO3;42.1772;-65.9458;384441;222;11-feb-12;22:30:52;35.0395;8.9763;4.19965;4.19965;1;8.9763;1;35.0395;1;0;NaN;NaN
NED2012002_6;MFD_SETNO6;42.2098;-66.6497;384444;6;14-feb-12;14:30:26;32.7489;6.1432;6.81354;6.81354;1;6.1432;1;32.7489;1;0;NaN;NaN
NED2012002_6;MFD_SETNO6;42.2098;-66.6497;384443;219;14-feb-12;14:30:26;34.9749;8.3276;4.19835;4.19835;1;8.3276;1;34.9749;1;0;NaN;NaN
NED2012002_8;MFD_SETNO8;42.2643;-67.0988;384446;6;14-feb-12;18:58:25;32.9204;6.7287;6.65506;6.65506;1;6.7287;1;32.9204;1;0;NaN;NaN
NED2012002_8;MFD_SETNO8;42.2643;-67.0988;384445;257;14-feb-12;18:58:25;35.0061;8.1242;4.18948;4.18948;1;8.1242;1;35.0061;1;0;NaN;NaN
NED2012002_9;MFD_SETNO9;42.1138;-67.0385;384448;4;14-feb-12;21:55:46;32.9295;6.7139;6.68302;6.68302;1;6.7139;1;32.9295;1;0;NaN;NaN
NED2012002_9;MFD_SETNO9;42.1138;-67.0385;384447;61;14-feb-12;21:55:46;32.9357;6.735;6.6813;6.6813;1;6.735;1;32.9357;1;0;NaN;NaN
NED2012002_12;MFD_SETNO12;41.8928;-67.2628;384450;5;15-feb-12;05:28:54;32.86;6.5206;6.5535;6.5535;1;6.5206;1;32.86;1;0;NaN;NaN
NED2012002_12;MFD_SETNO12;41.8928;-67.2628;384449;49;15-feb-12;05:28:54;32.8235;6.5262;6.87718;6.87718;1;6.5262;1;32.8235;1;0;NaN;NaN
NED2012002_13;MFD_SETNO13;42.1043;-67.4982;384452;4;15-feb-12;08:10:08;32.919;6.8619;6.58898;6.58898;1;6.8619;1;32.919;1;0;NaN;NaN
NED2012002_13;MFD_SETNO13;42.1043;-67.4982;384451;147;15-feb-12;08:10:08;33.1527;7.016;6.40521;6.40521;1;7.016;1;33.1527;1;0;NaN;NaN
NED2012002_15;MFD_SETNO15;41.8112;-67.6858;384454;5;15-feb-12;11:36:04;32.702;6.6441;6.95427;6.95427;1;6.6441;1;32.702;1;0;NaN;NaN
NED2012002_15;MFD_SETNO15;41.8112;-67.6858;384453;34;15-feb-12;11:36:04;32.7033;6.6456;6.95053;6.95053;1;6.6456;1;32.7033;1;0;NaN;NaN
NED2012002_16;MFD_SETNO16;41.9597;-67.986;384456;5;15-feb-12;15:06:09;32.8643;6.7523;6.63072;6.63072;1;6.7523;1;32.8643;1;0;NaN;NaN
NED2012002_16;MFD_SETNO16;41.9597;-67.986;384455;175;15-feb-12;15:06:09;34.4613;8.5638;4.15223;4.15223;1;8.5638;1;34.4613;1;0;NaN;NaN
NED2012002_21;MFD_SETNO21;41.1328;-67.7357;384458;6;16-feb-12;04:55:42;32.5373;6.2841;7.31833;7.31833;1;6.2841;1;32.5373;1;0;NaN;NaN
NED2012002_21;MFD_SETNO21;41.1328;-67.7357;384457;44;16-feb-12;04:55:42;32.5378;6.286;7.32415;7.32415;1;6.286;1;32.5378;1;0;NaN;NaN
NED2012002_24;MFD_SETNO24;40.7822;-67.9377;384460;5;16-feb-12;12:54:15;32.5319;7.2771;6.88848;6.88848;1;7.2771;1;32.5319;1;0;NaN;NaN
NED2012002_24;MFD_SETNO24;40.7822;-67.9377;384459;70;16-feb-12;12:54:15;32.534;7.2849;6.90426;6.90426;1;7.2849;1;32.534;1;0;NaN;NaN
NED2012002_26;MFD_SETNO26;40.4947;-68.0332;384462;5;16-feb-12;16:14:36;32.4352;6.698;7.17799;7.17799;1;6.698;1;32.4352;1;0;NaN;NaN
NED2012002_26;MFD_SETNO26;40.4947;-68.0332;384461;120;16-feb-12;16:14:36;34.624;12.0672;5.3324;5.3324;1;12.0672;1;34.624;1;0;NaN;NaN
NED2012002_29;MFD_SETNO29;40.6938;-67.1283;384464;6;17-feb-12;00:41:55;32.2488;6.5181;7.08718;7.08718;1;6.5181;1;32.2488;1;0;NaN;NaN
NED2012002_29;MFD_SETNO29;40.6938;-67.1283;384463;103;17-feb-12;00:41:55;34.0207;10.4579;5.90397;5.90397;1;10.4579;1;34.0207;1;0;NaN;NaN
NED2012002_30;MFD_SETNO30;40.8478;-67.332;384466;6;17-feb-12;03:38:04;32.5641;7.1829;7.14114;7.14114;1;7.1829;1;32.5641;1;0;NaN;NaN
NED2012002_30;MFD_SETNO30;40.8478;-67.332;384465;87;17-feb-12;03:38:04;32.6334;7.1629;6.84896;6.84896;1;7.1629;1;32.6334;1;0;NaN;NaN
NED2012002_32;MFD_SETNO32;40.8948;-67.0192;384468;6;17-feb-12;05:56:36;32.5612;6.7851;7.03774;7.03774;1;6.7851;1;32.5612;1;0;NaN;NaN
NED2012002_32;MFD_SETNO32;40.8948;-67.0192;384467;88;17-feb-12;05:56:36;32.8717;7.1649;6.60922;6.60922;1;7.1649;1;32.8717;1;0;NaN;NaN
NED2012002_35;MFD_SETNO35;41.1043;-66.6755;384470;5;17-feb-12;12:41:58;32.7474;6.6962;6.85237;6.85237;1;6.6962;1;32.7474;1;0;NaN;NaN
NED2012002_35;MFD_SETNO35;41.1043;-66.6755;384469;78;17-feb-12;12:41:58;32.8241;6.9193;6.70026;6.70026;1;6.9193;1;32.8241;1;0;NaN;NaN
NED2012002_37;MFD_SETNO37;41.2775;-66.7425;384472;5;17-feb-12;15:28:04;32.5189;6.9318;7.1314;7.1314;1;6.9318;1;32.5189;1;0;NaN;NaN
NED2012002_37;MFD_SETNO37;41.2775;-66.7425;384471;75;17-feb-12;15:28:04;32.6818;6.6949;7.08666;7.08666;1;6.6949;1;32.6818;1;0;NaN;NaN
NED2012002_38;MFD_SETNO38;41.4905;-66.8535;384474;6;17-feb-12;17:43:22;32.6637;6.6038;7.22568;7.22568;1;6.6038;1;32.6637;1;0;NaN;NaN
NED2012002_38;MFD_SETNO38;41.4905;-66.8535;384473;67;17-feb-12;17:43:22;32.667;6.6;7.21827;7.21827;1;6.6;1;32.667;1;0;NaN;NaN
NED2012002_41;MFD_SETNO41;41.6935;-66.968;384476;5;18-feb-12;00:11:59;32.7711;6.5713;7.15469;7.15469;1;6.5713;1;32.7711;1;0;NaN;NaN
NED2012002_41;MFD_SETNO41;41.6935;-66.968;384475;61;18-feb-12;00:11:59;32.7719;6.5759;7.16313;7.16313;1;6.5759;1;32.7719;1;0;NaN;NaN
NED2012002_44;MFD_SETNO44;41.8255;-66.787;384478;5;18-feb-12;05:02:44;32.8131;6.5661;7.07845;7.07845;1;6.5661;1;32.8131;1;0;NaN;NaN
NED2012002_44;MFD_SETNO44;41.8255;-66.787;384477;59;18-feb-12;05:02:44;32.8155;6.5779;7.09841;7.09841;1;6.5779;1;32.8155;1;0;NaN;NaN
NED2012002_45;MFD_SETNO45;41.9625;-66.764;384480;6;18-feb-12;06:54:46;32.9436;6.7578;6.7745;6.7745;1;6.7578;1;32.9436;1;0;NaN;NaN
NED2012002_45;MFD_SETNO45;41.9625;-66.764;384479;65;18-feb-12;06:54:46;32.9447;6.7732;6.77349;6.77349;1;6.7732;1;32.9447;1;0;NaN;NaN
NED2012002_47;MFD_SETNO47;44.2715;-63.3253;384490;3;19-feb-12;04:57:00;30.4283;1.6791;7.9436;7.9436;1;1.6791;1;30.4283;1;0;NaN;NaN
NED2012002_47;MFD_SETNO47;44.2715;-63.3253;384489;6;19-feb-12;04:57:00;30.4285;1.6786;7.9317;7.9317;1;1.6786;1;30.4285;1;0;NaN;NaN
NED2012002_47;MFD_SETNO47;44.2715;-63.3253;384488;11;19-feb-12;04:57:00;30.429;1.6818;7.93799;7.93799;1;1.6818;1;30.429;1;0;NaN;NaN
NED2012002_47;MFD_SETNO47;44.2715;-63.3253;384487;20;19-feb-12;04:57:00;30.4362;1.681;7.93903;7.93903;1;1.681;1;30.4362;1;0;NaN;NaN
NED2012002_47;MFD_SETNO47;44.2715;-63.3253;384486;31;19-feb-12;04:57:00;30.5652;1.8132;8.00717;8.00717;1;1.8132;1;30.5652;1;0;NaN;NaN
NED2012002_47;MFD_SETNO47;44.2715;-63.3253;384485;40;19-feb-12;04:57:00;30.7511;2.3303;7.90987;7.90987;1;2.3303;1;30.7511;1;0;NaN;NaN
NED2012002_47;MFD_SETNO47;44.2715;-63.3253;384484;51;19-feb-12;04:57:00;31.3114;3.8542;7.86564;7.86564;1;3.8542;1;31.3114;1;0;NaN;NaN
NED2012002_47;MFD_SETNO47;44.2715;-63.3253;384483;75;19-feb-12;04:57:00;31.9139;4.4793;6.78396;6.78396;1;4.4793;1;31.9139;1;0;NaN;NaN
NED2012002_47;MFD_SETNO47;44.2715;-63.3253;384482;99;19-feb-12;04:57:00;32.8217;5.2407;5.62654;5.62654;1;5.2407;1;32.8217;1;0;NaN;NaN
NED2012002_47;MFD_SETNO47;44.2715;-63.3253;384481;204;19-feb-12;04:57:00;34.115;7.8383;4.17926;4.17926;1;7.8383;1;34.115;1;0;NaN;NaN
NED2012002_49;MFD_SETNO49;41.8717;-65.8853;384492;5;29-feb-12;16:00:14;32.2362;5.6527;6.12358;6.12358;1;5.6527;1;32.2362;1;0;NaN;NaN
NED2012002_49;MFD_SETNO49;41.8717;-65.8853;384491;111;29-feb-12;16:00:14;33.8367;8.0298;4.61434;4.61434;1;8.0298;1;33.8367;1;0;NaN;NaN
NED2012002_52;MFD_SETNO52;41.7607;-65.9837;384494;5;29-feb-12;20:12:09;32.2967;5.6659;6.13626;6.13626;1;5.6659;1;32.2967;1;0;NaN;NaN
NED2012002_52;MFD_SETNO52;41.7607;-65.9837;384493;102;29-feb-12;20:12:09;33.3636;7.1302;5.29245;5.29245;1;7.1302;1;33.3636;1;0;NaN;NaN
NED2012002_54;MFD_SETNO54;41.6693;-66.1782;384496;6;29-feb-12;22:45:31;32.6541;6.0977;6.08493;6.08493;1;6.0977;1;32.6541;1;0;NaN;NaN
NED2012002_54;MFD_SETNO54;41.6693;-66.1782;384495;94;29-feb-12;22:45:31;32.883;6.4303;5.84857;5.84857;1;6.4303;1;32.883;1;0;NaN;NaN
NED2012002_62;MFD_SETNO62;41.8067;-66.3292;384498;4;02-mar-12;19:09:53;32.5993;6.0017;6.05135;6.05135;1;6.0017;1;32.5993;1;0;NaN;NaN
NED2012002_62;MFD_SETNO62;41.8067;-66.3292;384497;76;02-mar-12;19:09:53;32.9443;6.4755;5.79009;5.79009;1;6.4755;1;32.9443;1;0;NaN;NaN
NED2012002_65;MFD_SETNO65;41.6668;-66.69;384500;5;02-mar-12;23:43:53;32.8579;6.2149;6.07357;6.07357;1;6.2149;1;32.8579;1;0;NaN;NaN
NED2012002_65;MFD_SETNO65;41.6668;-66.69;384499;66;02-mar-12;23:43:53;32.8572;6.2354;6.0738;6.0738;1;6.2354;1;32.8572;1;0;NaN;NaN
NED2012002_72;MFD_SETNO72;41.395;-66.434;385002;6;03-mar-12;09:33:32;32.5385;6.0072;6.07879;6.07879;1;6.0072;1;32.5385;1;0;NaN;NaN
NED2012002_72;MFD_SETNO72;41.395;-66.434;385001;92;03-mar-12;09:33:32;32.9821;6.6485;5.68009;5.68009;1;6.6485;1;32.9821;1;0;NaN;NaN
NED2012002_73;MFD_SETNO73;41.3148;-66.3188;385004;5;03-mar-12;10:52:08;32.0956;5.2777;6.24464;6.24464;1;5.2777;1;32.0956;1;0;NaN;NaN
NED2012002_73;MFD_SETNO73;41.3148;-66.3188;385003;97;03-mar-12;10:52:08;33.2948;7.0948;5.31465;5.31465;1;7.0948;1;33.2948;1;0;NaN;NaN
NED2012002_81;MFD_SETNO81;41.6317;-66.2947;385006;5;04-mar-12;00:08:44;32.553;6.0397;6.03787;6.03787;1;6.0397;1;32.553;1;0;NaN;NaN
NED2012002_81;MFD_SETNO81;41.6317;-66.2947;385005;82;04-mar-12;00:08:44;33.0736;6.7368;5.57756;5.57756;1;6.7368;1;33.0736;1;0;NaN;NaN
NED2012002_82;MFD_SETNO82;41.502;-66.1847;385008;4;04-mar-12;02:14:47;32.0793;5.4035;6.2578;6.2578;1;5.4035;1;32.0793;1;0;NaN;NaN
NED2012002_82;MFD_SETNO82;41.502;-66.1847;385007;96;04-mar-12;02:14:47;33.7759;8.1455;4.54632;4.54632;1;8.1455;1;33.7759;1;0;NaN;NaN
NED2012002_90;MFD_SETNO90;44.2728;-63.3243;385018;2;05-mar-12;08:12:38;30.3805;0.5551;7.11004;7.11004;1;0.5551;1;30.3805;1;0;NaN;NaN
NED2012002_90;MFD_SETNO90;44.2728;-63.3243;385017;6;05-mar-12;08:12:38;30.3811;0.5542;7.10595;7.10595;1;0.5542;1;30.3811;1;0;NaN;NaN
NED2012002_90;MFD_SETNO90;44.2728;-63.3243;385016;11;05-mar-12;08:12:38;30.3886;0.5466;7.09752;7.09752;1;0.5466;1;30.3886;1;0;NaN;NaN
NED2012002_90;MFD_SETNO90;44.2728;-63.3243;385015;21;05-mar-12;08:12:38;30.417;0.582;7.08077;7.08077;1;0.582;1;30.417;1;0;NaN;NaN
NED2012002_90;MFD_SETNO90;44.2728;-63.3243;385014;31;05-mar-12;08:12:38;30.5076;0.85;6.97491;6.97491;1;0.85;1;30.5076;1;0;NaN;NaN
NED2012002_90;MFD_SETNO90;44.2728;-63.3243;385013;41;05-mar-12;08:12:38;30.757;1.4817;6.78383;6.78383;1;1.4817;1;30.757;1;0;NaN;NaN
NED2012002_90;MFD_SETNO90;44.2728;-63.3243;385012;50;05-mar-12;08:12:38;30.9756;2.4241;6.4921;6.4921;1;2.4241;1;30.9756;1;0;NaN;NaN
NED2012002_90;MFD_SETNO90;44.2728;-63.3243;385011;75;05-mar-12;08:12:38;31.87;4.3418;5.67958;5.67958;1;4.3418;1;31.87;1;0;NaN;NaN
NED2012002_90;MFD_SETNO90;44.2728;-63.3243;385010;100;05-mar-12;08:12:38;32.8695;5.6169;4.5882;4.5882;1;5.6169;1;32.8695;1;0;NaN;NaN
NED2012002_90;MFD_SETNO90;44.2728;-63.3243;385009;172;05-mar-12;08:12:38;33.9898;7.7332;3.6085;3.6085;1;7.7332;1;33.9898;1;0;NaN;NaN
NED2012002_91;MFD_SETNO91;43.9905;-63.4147;385022;7;08-mar-12;02:46:39;31.5567;3.6614;6.50699;6.50699;1;3.6614;1;31.5567;1;0;NaN;NaN
NED2012002_91;MFD_SETNO91;43.9905;-63.4147;385021;25;08-mar-12;02:46:39;31.5577;3.6557;NaN;NaN;9;3.6557;1;31.5577;1;0;NaN;NaN
NED2012002_91;MFD_SETNO91;43.9905;-63.4147;385020;50;08-mar-12;02:46:39;31.557;3.6545;6.51783;6.51783;1;3.6545;1;31.557;1;0;NaN;NaN
NED2012002_91;MFD_SETNO91;43.9905;-63.4147;385019;193;08-mar-12;02:46:39;34.8364;9.4794;2.72421;2.72421;1;9.4794;1;34.8364;1;0;NaN;NaN
NED2012002_92;MFD_SETNO92;43.5515;-63.8203;385026;6;08-mar-12;09:47:41;30.9494;2.4261;6.7775;6.7775;1;2.4261;1;30.9494;1;0;NaN;NaN
NED2012002_92;MFD_SETNO92;43.5515;-63.8203;385025;24;08-mar-12;09:47:41;31.0754;2.6809;6.72145;6.72145;1;2.6809;1;31.0754;1;0;NaN;NaN
NED2012002_92;MFD_SETNO92;43.5515;-63.8203;385024;50;08-mar-12;09:47:41;32.2121;5.6995;5.46192;5.46192;1;5.6995;1;32.2121;1;0;NaN;NaN
NED2012002_92;MFD_SETNO92;43.5515;-63.8203;385023;229;08-mar-12;09:47:41;34.9205;9.6451;2.3332;2.3332;1;9.6451;1;34.9205;1;0;NaN;NaN
NED2012002_93;MFD_SETNO93;43.9553;-63.9173;385030;5;10-mar-12;17:48:54;30.6488;1.5574;6.95984;6.95984;1;1.5574;1;30.6488;1;0;NaN;NaN
NED2012002_93;MFD_SETNO93;43.9553;-63.9173;385029;25;10-mar-12;17:48:54;30.6536;1.5001;6.9601;6.9601;1;1.5001;1;30.6536;1;0;NaN;NaN
NED2012002_93;MFD_SETNO93;43.9553;-63.9173;385028;51;10-mar-12;17:48:54;31.3344;3.3144;6.13173;6.13173;1;3.3144;1;31.3344;1;0;NaN;NaN
NED2012002_93;MFD_SETNO93;43.9553;-63.9173;385027;168;10-mar-12;17:48:54;34.6788;9.1395;3.04538;3.04538;1;9.1395;1;34.6788;1;0;NaN;NaN
NED2012002_94;MFD_SETNO94;43.7303;-64.3042;385034;5;10-mar-12;21:00:01;30.6677;1.8513;NaN;NaN;9;1.8513;1;30.6677;1;0;NaN;NaN
NED2012002_94;MFD_SETNO94;43.7303;-64.3042;385033;25;10-mar-12;21:00:01;30.7021;1.7918;6.93966;6.93966;1;1.7918;1;30.7021;1;0;NaN;NaN
NED2012002_94;MFD_SETNO94;43.7303;-64.3042;385032;50;10-mar-12;21:00:01;31.5329;3.7228;6.38024;6.38024;1;3.7228;1;31.5329;1;0;NaN;NaN
NED2012002_94;MFD_SETNO94;43.7303;-64.3042;385031;173;10-mar-12;21:00:01;34.8394;9.4546;2.77416;2.77416;1;9.4546;1;34.8394;1;0;NaN;NaN
NED2012002_95;MFD_SETNO95;43.7387;-64.1693;385038;5;10-mar-12;23:21:23;30.6507;1.6668;6.94392;6.94392;1;1.6668;1;30.6507;1;0;NaN;NaN
NED2012002_95;MFD_SETNO95;43.7387;-64.1693;385037;25;10-mar-12;23:21:23;30.6685;1.601;6.89843;6.89843;1;1.601;1;30.6685;1;0;NaN;NaN
NED2012002_95;MFD_SETNO95;43.7387;-64.1693;385036;49;10-mar-12;23:21:23;31.1461;2.7257;6.63676;6.63676;1;2.7257;1;31.1461;1;0;NaN;NaN
NED2012002_95;MFD_SETNO95;43.7387;-64.1693;385035;190;10-mar-12;23:21:23;34.8759;9.5269;2.65342;2.65342;1;9.5269;1;34.8759;1;0;NaN;NaN
NED2012002_96;MFD_SETNO96;43.4623;-63.9205;385042;5;11-mar-12;02:19:16;30.9772;2.5969;6.84544;6.84544;1;2.5969;1;30.9772;1;0;NaN;NaN
NED2012002_96;MFD_SETNO96;43.4623;-63.9205;385041;25;11-mar-12;02:19:16;30.999;2.5659;6.82191;6.82191;1;2.5659;1;30.999;1;0;NaN;NaN
NED2012002_96;MFD_SETNO96;43.4623;-63.9205;385040;50;11-mar-12;02:19:16;31.7765;4.2563;5.90134;5.90134;1;4.2563;1;31.7765;1;0;NaN;NaN
NED2012002_96;MFD_SETNO96;43.4623;-63.9205;385039;137;11-mar-12;02:19:16;33.9159;7.4489;3.63171;3.63171;1;7.4489;1;33.9159;1;0;NaN;NaN
NED2012002_97;MFD_SETNO97;43.2393;-64.0332;385046;5;11-mar-12;04:41:53;30.8403;2.4669;6.7983;6.7983;1;2.4669;1;30.8403;1;0;NaN;NaN
NED2012002_97;MFD_SETNO97;43.2393;-64.0332;385045;25;11-mar-12;04:41:53;30.8403;2.4702;6.77674;6.77674;1;2.4702;1;30.8403;1;0;NaN;NaN
NED2012002_97;MFD_SETNO97;43.2393;-64.0332;385044;50;11-mar-12;04:41:53;31.8952;4.6388;5.70883;5.70883;1;4.6388;1;31.8952;1;0;NaN;NaN
NED2012002_97;MFD_SETNO97;43.2393;-64.0332;385043;90;11-mar-12;04:41:53;32.7677;5.8199;4.75988;4.75988;1;5.8199;1;32.7677;1;0;NaN;NaN
NED2012002_98;MFD_SETNO98;43.1175;-64.0912;385050;6;11-mar-12;06:21:53;30.9062;2.664;6.81536;6.81536;1;2.664;1;30.9062;1;0;NaN;NaN
NED2012002_98;MFD_SETNO98;43.1175;-64.0912;385049;24;11-mar-12;06:21:53;30.9284;2.6369;6.76355;6.76355;1;2.6369;1;30.9284;1;0;NaN;NaN
NED2012002_98;MFD_SETNO98;43.1175;-64.0912;385048;51;11-mar-12;06:21:53;31.5906;3.9228;6.29078;6.29078;1;3.9228;1;31.5906;1;0;NaN;NaN
NED2012002_98;MFD_SETNO98;43.1175;-64.0912;385047;87;11-mar-12;06:21:53;32.4755;5.4788;5.05277;5.05277;1;5.4788;1;32.4755;1;0;NaN;NaN
NED2012002_99;MFD_SETNO99;43.09;-64.2098;385054;5;11-mar-12;08:01:02;30.9187;2.9069;6.62137;6.62137;1;2.9069;1;30.9187;1;0;NaN;NaN
NED2012002_99;MFD_SETNO99;43.09;-64.2098;385053;25;11-mar-12;08:01:02;30.9563;2.9053;6.69363;6.69363;1;2.9053;1;30.9563;1;0;NaN;NaN
NED2012002_99;MFD_SETNO99;43.09;-64.2098;385052;50;11-mar-12;08:01:02;31.0338;3.056;6.64153;6.64153;1;3.056;1;31.0338;1;0;NaN;NaN
NED2012002_99;MFD_SETNO99;43.09;-64.2098;385051;82;11-mar-12;08:01:02;32.3049;5.2357;5.25552;5.25552;1;5.2357;1;32.3049;1;0;NaN;NaN
NED2012002_100;MFD_SETNO100;43.079;-63.8973;385058;5;11-mar-12;10:51:56;31.0002;2.6804;6.74727;6.74727;1;2.6804;1;31.0002;1;0;NaN;NaN
NED2012002_100;MFD_SETNO100;43.079;-63.8973;385057;24;11-mar-12;10:51:56;31.1056;2.9598;6.69709;6.69709;1;2.9598;1;31.1056;1;0;NaN;NaN
NED2012002_100;MFD_SETNO100;43.079;-63.8973;385056;49;11-mar-12;10:51:56;32.3677;5.403;4.80553;4.80553;1;5.403;1;32.3677;1;0;NaN;NaN
NED2012002_100;MFD_SETNO100;43.079;-63.8973;385055;100;11-mar-12;10:51:56;33.3761;6.5607;4.13367;4.13367;1;6.5607;1;33.3761;1;0;NaN;NaN
NED2012002_101;MFD_SETNO101;42.8158;-63.7563;385062;5;11-mar-12;13:41:27;31.0796;3.1844;6.7328;6.7328;1;3.1844;1;31.0796;1;0;NaN;NaN
NED2012002_101;MFD_SETNO101;42.8158;-63.7563;385061;25;11-mar-12;13:41:27;32.2704;5.7144;6.27071;6.27071;1;5.7144;1;32.2704;1;0;NaN;NaN
NED2012002_101;MFD_SETNO101;42.8158;-63.7563;385060;51;11-mar-12;13:41:27;33.4509;8.5766;5.67016;5.67016;1;8.5766;1;33.4509;1;0;NaN;NaN
NED2012002_101;MFD_SETNO101;42.8158;-63.7563;385059;213;11-mar-12;13:41:27;35.1441;9.2225;3.06212;3.06212;1;9.2225;1;35.1441;1;0;NaN;NaN
NED2012002_102;MFD_SETNO102;42.8603;-64.1335;385066;5;11-mar-12;16:16:42;31.3287;3.7195;6.69602;6.69602;1;3.7195;1;31.3287;1;0;NaN;NaN
NED2012002_102;MFD_SETNO102;42.8603;-64.1335;385065;25;11-mar-12;16:16:42;32.5047;5.8783;5.5714;5.5714;1;5.8783;1;32.5047;1;0;NaN;NaN
NED2012002_102;MFD_SETNO102;42.8603;-64.1335;385064;50;11-mar-12;16:16:42;33.4917;8.4861;5.57856;5.57856;1;8.4861;1;33.4917;1;0;NaN;NaN
NED2012002_102;MFD_SETNO102;42.8603;-64.1335;385063;107;11-mar-12;16:16:42;34.667;9.9744;3.6333;3.6333;1;9.9744;1;34.667;1;0;NaN;NaN
NED2012002_103;MFD_SETNO103;42.7287;-64.3462;385070;5;11-mar-12;20:10:47;31.1564;3.5322;6.71802;6.71802;1;3.5322;1;31.1564;1;0;NaN;NaN
NED2012002_103;MFD_SETNO103;42.7287;-64.3462;385069;24;11-mar-12;20:10:47;31.6047;4.3051;6.55449;6.55449;1;4.3051;1;31.6047;1;0;NaN;NaN
NED2012002_103;MFD_SETNO103;42.7287;-64.3462;385068;49;11-mar-12;20:10:47;32.6032;6.0927;5.58448;5.58448;1;6.0927;1;32.6032;1;0;NaN;NaN
NED2012002_103;MFD_SETNO103;42.7287;-64.3462;385067;123;11-mar-12;20:10:47;34.7234;9.4176;3.19938;3.19938;1;9.4176;1;34.7234;1;0;NaN;NaN
NED2012002_104;MFD_SETNO104;42.6465;-64.6772;385074;6;11-mar-12;22:40:24;31.3629;3.8184;6.6584;6.6584;1;3.8184;1;31.3629;1;0;NaN;NaN
NED2012002_104;MFD_SETNO104;42.6465;-64.6772;385073;24;11-mar-12;22:40:24;31.4197;3.9133;6.60533;6.60533;1;3.9133;1;31.4197;1;0;NaN;NaN
NED2012002_104;MFD_SETNO104;42.6465;-64.6772;385072;50;11-mar-12;22:40:24;32.0427;4.9213;6.01726;6.01726;1;4.9213;1;32.0427;1;0;NaN;NaN
NED2012002_104;MFD_SETNO104;42.6465;-64.6772;385071;116;11-mar-12;22:40:24;34.235;8.7032;3.63785;3.63785;1;8.7032;1;34.235;1;0;NaN;NaN
NED2012002_105;MFD_SETNO105;42.9525;-64.7082;385078;5;12-mar-12;01:10:33;30.9552;2.9955;6.78715;6.78715;1;2.9955;1;30.9552;1;0;NaN;NaN
NED2012002_105;MFD_SETNO105;42.9525;-64.7082;385077;26;12-mar-12;01:10:33;31.1534;3.3162;6.68964;6.68964;1;3.3162;1;31.1534;1;0;NaN;NaN
NED2012002_105;MFD_SETNO105;42.9525;-64.7082;385076;50;12-mar-12;01:10:33;31.719;4.2559;6.29334;6.29334;1;4.2559;1;31.719;1;0;NaN;NaN
NED2012002_105;MFD_SETNO105;42.9525;-64.7082;385075;86;12-mar-12;01:10:33;32.7044;5.8585;4.80397;4.80397;1;5.8585;1;32.7044;1;0;NaN;NaN
NED2012002_106;MFD_SETNO106;42.9502;-64.9095;385082;5;12-mar-12;03:10:57;31.0365;3.1991;6.75368;6.75368;1;3.1991;1;31.0365;1;0;NaN;NaN
NED2012002_106;MFD_SETNO106;42.9502;-64.9095;385081;24;12-mar-12;03:10:57;31.1727;3.4245;6.6691;6.6691;1;3.4245;1;31.1727;1;0;NaN;NaN
NED2012002_106;MFD_SETNO106;42.9502;-64.9095;385080;50;12-mar-12;03:10:57;31.8624;4.4794;6.14471;6.14471;1;4.4794;1;31.8624;1;0;NaN;NaN
NED2012002_106;MFD_SETNO106;42.9502;-64.9095;385079;84;12-mar-12;03:10:57;32.5119;5.5151;5.01897;5.01897;1;5.5151;1;32.5119;1;0;NaN;NaN
NED2012002_107;MFD_SETNO107;42.8962;-65.2185;385086;5;12-mar-12;05:47:39;31.0897;3.2638;6.65378;6.65378;1;3.2638;1;31.0897;1;0;NaN;NaN
NED2012002_107;MFD_SETNO107;42.8962;-65.2185;385085;25;12-mar-12;05:47:39;31.0906;3.2696;6.65851;6.65851;1;3.2696;1;31.0906;1;0;NaN;NaN
NED2012002_107;MFD_SETNO107;42.8962;-65.2185;385084;50;12-mar-12;05:47:39;31.1013;3.252;6.61512;6.61512;1;3.252;1;31.1013;1;0;NaN;NaN
NED2012002_107;MFD_SETNO107;42.8962;-65.2185;385083;161;12-mar-12;05:47:39;33.2003;6.3277;4.131;4.131;1;6.3277;1;33.2003;1;0;NaN;NaN
NED2012002_108;MFD_SETNO108;42.734;-65.5608;385090;5;12-mar-12;09:41:06;31.2126;3.5211;6.62434;6.62434;1;3.5211;1;31.2126;1;0;NaN;NaN
NED2012002_108;MFD_SETNO108;42.734;-65.5608;385089;26;12-mar-12;09:41:06;31.2181;3.5364;6.61428;6.61428;1;3.5364;1;31.2181;1;0;NaN;NaN
NED2012002_108;MFD_SETNO108;42.734;-65.5608;385088;50;12-mar-12;09:41:06;31.9792;4.906;5.88705;5.88705;1;4.906;1;31.9792;1;0;NaN;NaN
NED2012002_108;MFD_SETNO108;42.734;-65.5608;385087;96;12-mar-12;09:41:06;32.078;5.1096;5.81841;5.81841;1;5.1096;1;32.078;1;0;NaN;NaN
NED2012002_109;MFD_SETNO109;42.6877;-65.4293;385094;4;12-mar-12;11:17:20;31.1106;3.3204;6.63864;6.63864;1;3.3204;1;31.1106;1;0;NaN;NaN
NED2012002_109;MFD_SETNO109;42.6877;-65.4293;385093;25;12-mar-12;11:17:20;31.1112;3.3203;6.64376;6.64376;1;3.3203;1;31.1112;1;0;NaN;NaN
NED2012002_109;MFD_SETNO109;42.6877;-65.4293;385092;50;12-mar-12;11:17:20;31.8156;4.6206;5.81158;5.81158;1;4.6206;1;31.8156;1;0;NaN;NaN
NED2012002_109;MFD_SETNO109;42.6877;-65.4293;385091;93;12-mar-12;11:17:20;32.1631;5.1544;5.5319;5.5319;1;5.1544;1;32.1631;1;0;NaN;NaN
NED2012002_110;MFD_SETNO110;42.5933;-65.1282;385098;5;12-mar-12;13:38:34;31.1713;3.4557;6.62662;6.62662;1;3.4557;1;31.1713;1;0;NaN;NaN
NED2012002_110;MFD_SETNO110;42.5933;-65.1282;385097;25;12-mar-12;13:38:34;31.172;3.4285;6.6299;6.6299;1;3.4285;1;31.172;1;0;NaN;NaN
NED2012002_110;MFD_SETNO110;42.5933;-65.1282;385096;49;12-mar-12;13:38:34;31.3235;3.656;6.40003;6.40003;1;3.656;1;31.3235;1;0;NaN;NaN
NED2012002_110;MFD_SETNO110;42.5933;-65.1282;385095;105;12-mar-12;13:38:34;33.5701;7.4371;4.15733;4.15733;1;7.4371;1;33.5701;1;0;NaN;NaN
NED2012002_111;MFD_SETNO111;42.4682;-64.9893;385102;6;12-mar-12;16:13:52;31.2893;3.8111;6.68181;6.68181;1;3.8111;1;31.2893;1;0;NaN;NaN
NED2012002_111;MFD_SETNO111;42.4682;-64.9893;385101;26;12-mar-12;16:13:52;32.3632;5.1636;5.18312;5.18312;1;5.1636;1;32.3632;1;0;NaN;NaN
NED2012002_111;MFD_SETNO111;42.4682;-64.9893;385100;51;12-mar-12;16:13:52;33.5167;8.4592;4.73985;4.73985;1;8.4592;1;33.5167;1;0;NaN;NaN
NED2012002_111;MFD_SETNO111;42.4682;-64.9893;385099;123;12-mar-12;16:13:52;34.622;9.784;3.59723;3.59723;1;9.784;1;34.622;1;0;NaN;NaN
NED2012002_112;MFD_SETNO112;42.397;-64.9;385106;4;12-mar-12;18:04:54;31.3713;4.0529;6.73165;6.73165;1;4.0529;1;31.3713;1;0;NaN;NaN
NED2012002_112;MFD_SETNO112;42.397;-64.9;385105;25;12-mar-12;18:04:54;31.8354;4.727;6.38884;6.38884;1;4.727;1;31.8354;1;0;NaN;NaN
NED2012002_112;MFD_SETNO112;42.397;-64.9;385104;50;12-mar-12;18:04:54;32.797;6.9695;5.5974;5.5974;1;6.9695;1;32.797;1;0;NaN;NaN
NED2012002_112;MFD_SETNO112;42.397;-64.9;385103;240;12-mar-12;18:04:54;35.0638;9.7847;3.18034;3.18034;1;9.7847;1;35.0638;1;0;NaN;NaN
NED2012002_113;MFD_SETNO113;42.3368;-65.2613;385110;6;12-mar-12;20:47:04;31.3209;4.1227;6.72684;6.72684;1;4.1227;1;31.3209;1;0;NaN;NaN
NED2012002_113;MFD_SETNO113;42.3368;-65.2613;385109;26;12-mar-12;20:47:04;31.6962;4.4833;6.54996;6.54996;1;4.4833;1;31.6962;1;0;NaN;NaN
NED2012002_113;MFD_SETNO113;42.3368;-65.2613;385108;50;12-mar-12;20:47:04;32.8509;7.0929;5.30696;5.30696;1;7.0929;1;32.8509;1;0;NaN;NaN
NED2012002_113;MFD_SETNO113;42.3368;-65.2613;385107;120;12-mar-12;20:47:04;34.9551;10.4689;3.5163;3.5163;1;10.4689;1;34.9551;1;0;NaN;NaN
NED2012002_114;MFD_SETNO114;42.2763;-65.8877;385114;5;13-mar-12;00:17:27;32.1434;5.8206;6.42588;6.42588;1;5.8206;1;32.1434;1;0;NaN;NaN
NED2012002_114;MFD_SETNO114;42.2763;-65.8877;385113;26;13-mar-12;00:17:27;32.6878;6.8282;5.95707;5.95707;1;6.8282;1;32.6878;1;0;NaN;NaN
NED2012002_114;MFD_SETNO114;42.2763;-65.8877;385112;51;13-mar-12;00:17:27;33.4184;8.4672;5.34016;5.34016;1;8.4672;1;33.4184;1;0;NaN;NaN
NED2012002_114;MFD_SETNO114;42.2763;-65.8877;385111;229;13-mar-12;00:17:27;35.0739;8.1887;3.49321;3.49321;1;8.1887;1;35.0739;1;0;NaN;NaN
NED2012002_115;MFD_SETNO115;42.4323;-65.8023;385118;6;13-mar-12;02:54:08;31.6659;4.4272;6.26627;6.26627;1;4.4272;1;31.6659;1;0;NaN;NaN
NED2012002_115;MFD_SETNO115;42.4323;-65.8023;385117;25;13-mar-12;02:54:08;32.0973;5.1942;5.89918;5.89918;1;5.1942;1;32.0973;1;0;NaN;NaN
NED2012002_115;MFD_SETNO115;42.4323;-65.8023;385116;50;13-mar-12;02:54:08;32.9933;6.7847;5.08419;5.08419;1;6.7847;1;32.9933;1;0;NaN;NaN
NED2012002_115;MFD_SETNO115;42.4323;-65.8023;385115;110;13-mar-12;02:54:08;34.7671;9.884;3.63952;3.63952;1;9.884;1;34.7671;1;0;NaN;NaN
NED2012002_116;MFD_SETNO116;42.5177;-65.6588;385122;5;13-mar-12;04:47:32;31.3348;4.06;6.68294;6.68294;1;4.06;1;31.3348;1;0;NaN;NaN
NED2012002_116;MFD_SETNO116;42.5177;-65.6588;385121;25;13-mar-12;04:47:32;31.4078;4.0873;6.70796;6.70796;1;4.0873;1;31.4078;1;0;NaN;NaN
NED2012002_116;MFD_SETNO116;42.5177;-65.6588;385120;50;13-mar-12;04:47:32;32.3151;5.4424;5.42844;5.42844;1;5.4424;1;32.3151;1;0;NaN;NaN
NED2012002_116;MFD_SETNO116;42.5177;-65.6588;385119;91;13-mar-12;04:47:32;33.2257;7.1806;4.77142;4.77142;1;7.1806;1;33.2257;1;0;NaN;NaN
NED2012002_117;MFD_SETNO117;42.5653;-65.8737;385126;5;13-mar-12;06:59:48;31.4397;4.2114;6.65665;6.65665;1;4.2114;1;31.4397;1;0;NaN;NaN
NED2012002_117;MFD_SETNO117;42.5653;-65.8737;385125;25;13-mar-12;06:59:48;31.7925;4.6537;6.23214;6.23214;1;4.6537;1;31.7925;1;0;NaN;NaN
NED2012002_117;MFD_SETNO117;42.5653;-65.8737;385124;50;13-mar-12;06:59:48;32.6402;6.1883;5.38575;5.38575;1;6.1883;1;32.6402;1;0;NaN;NaN
NED2012002_117;MFD_SETNO117;42.5653;-65.8737;385123;85;13-mar-12;06:59:48;33.7496;8.1908;4.49653;4.49653;1;8.1908;1;33.7496;1;0;NaN;NaN
NED2012002_118;MFD_SETNO118;42.4513;-65.8545;385130;5;13-mar-12;08:39:18;31.3125;3.992;6.57836;6.57836;1;3.992;1;31.3125;1;0;NaN;NaN
NED2012002_118;MFD_SETNO118;42.4513;-65.8545;385129;25;13-mar-12;08:39:18;31.7712;4.4998;5.97763;5.97763;1;4.4998;1;31.7712;1;0;NaN;NaN
NED2012002_118;MFD_SETNO118;42.4513;-65.8545;385128;50;13-mar-12;08:39:18;32.6568;6.6331;5.81759;5.81759;1;6.6331;1;32.6568;1;0;NaN;NaN
NED2012002_118;MFD_SETNO118;42.4513;-65.8545;385127;119;13-mar-12;08:39:18;34.6288;9.7801;3.76867;3.76867;1;9.7801;1;34.6288;1;0;NaN;NaN
NED2012002_119;MFD_SETNO119;42.597;-66.099;385134;5;13-mar-12;10:52:03;31.3883;3.9692;6.65315;6.65315;1;3.9692;1;31.3883;1;0;NaN;NaN
NED2012002_119;MFD_SETNO119;42.597;-66.099;385133;25;13-mar-12;10:52:03;31.5012;4.1853;6.58634;6.58634;1;4.1853;1;31.5012;1;0;NaN;NaN
NED2012002_119;MFD_SETNO119;42.597;-66.099;385132;50;13-mar-12;10:52:03;32.6897;6.184;5.08112;5.08112;1;6.184;1;32.6897;1;0;NaN;NaN
NED2012002_119;MFD_SETNO119;42.597;-66.099;385131;71;13-mar-12;10:52:03;33.2195;7.1453;4.71989;4.71989;1;7.1453;1;33.2195;1;0;NaN;NaN
NED2012002_120;MFD_SETNO120;42.72;-66.1067;385138;6;13-mar-12;12:29:00;31.9917;5.044;6.15219;6.15219;1;5.044;1;31.9917;1;0;NaN;NaN
NED2012002_120;MFD_SETNO120;42.72;-66.1067;385137;25;13-mar-12;12:29:00;31.9987;5.0487;6.13547;6.13547;1;5.0487;1;31.9987;1;0;NaN;NaN
NED2012002_120;MFD_SETNO120;42.72;-66.1067;385136;50;13-mar-12;12:29:00;32.0034;5.0586;6.12917;6.12917;1;5.0586;1;32.0034;1;0;NaN;NaN
NED2012002_120;MFD_SETNO120;42.72;-66.1067;385135;66;13-mar-12;12:29:00;32.0068;5.0651;6.1243;6.1243;1;5.0651;1;32.0068;1;0;NaN;NaN
NED2012002_122;MFD_SETNO122;42.71;-66.2232;385142;5;13-mar-12;14:37:04;31.8143;4.8887;6.33565;6.33565;1;4.8887;1;31.8143;1;0;NaN;NaN
NED2012002_122;MFD_SETNO122;42.71;-66.2232;385141;26;13-mar-12;14:37:04;32.1021;5.2046;5.97809;5.97809;1;5.2046;1;32.1021;1;0;NaN;NaN
NED2012002_122;MFD_SETNO122;42.71;-66.2232;385140;50;13-mar-12;14:37:04;32.1755;5.3171;5.87633;5.87633;1;5.3171;1;32.1755;1;0;NaN;NaN
NED2012002_122;MFD_SETNO122;42.71;-66.2232;385139;62;13-mar-12;14:37:04;32.1822;5.3287;5.87053;5.87053;1;5.3287;1;32.1822;1;0;NaN;NaN
NED2012002_123;MFD_SETNO123;42.7758;-66.4532;385146;6;13-mar-12;16:38:37;31.6694;4.8155;6.5691;6.5691;1;4.8155;1;31.6694;1;0;NaN;NaN
NED2012002_123;MFD_SETNO123;42.7758;-66.4532;385145;26;13-mar-12;16:38:37;32.1869;5.2788;5.99528;5.99528;1;5.2788;1;32.1869;1;0;NaN;NaN
NED2012002_123;MFD_SETNO123;42.7758;-66.4532;385144;50;13-mar-12;16:38:37;32.5974;5.9779;5.46221;5.46221;1;5.9779;1;32.5974;1;0;NaN;NaN
NED2012002_123;MFD_SETNO123;42.7758;-66.4532;385143;106;13-mar-12;16:38:37;33.6963;7.9824;4.53375;4.53375;1;7.9824;1;33.6963;1;0;NaN;NaN
NED2012002_124;MFD_SETNO124;42.943;-66.7037;385150;5;13-mar-12;19:17:00;32.0837;5.4554;6.28941;6.28941;1;5.4554;1;32.0837;1;0;NaN;NaN
NED2012002_124;MFD_SETNO124;42.943;-66.7037;385149;26;13-mar-12;19:17:00;32.3223;5.5783;6.03329;6.03329;1;5.5783;1;32.3223;1;0;NaN;NaN
NED2012002_124;MFD_SETNO124;42.943;-66.7037;385148;51;13-mar-12;19:17:00;32.652;6.0356;5.83579;5.83579;1;6.0356;1;32.652;1;0;NaN;NaN
NED2012002_124;MFD_SETNO124;42.943;-66.7037;385147;201;13-mar-12;19:17:00;34.7172;9.0561;3.66005;3.66005;1;9.0561;1;34.7172;1;0;NaN;NaN
NED2012002_125;MFD_SETNO125;42.8737;-66.9545;385154;5;13-mar-12;22:27:02;32.3372;5.7749;6.31708;6.31708;1;5.7749;1;32.3372;1;0;NaN;NaN
NED2012002_125;MFD_SETNO125;42.8737;-66.9545;385153;25;13-mar-12;22:27:02;32.3966;5.6409;6.18156;6.18156;1;5.6409;1;32.3966;1;0;NaN;NaN
NED2012002_125;MFD_SETNO125;42.8737;-66.9545;385152;51;13-mar-12;22:27:02;32.9129;6.3554;5.62701;5.62701;1;6.3554;1;32.9129;1;0;NaN;NaN
NED2012002_125;MFD_SETNO125;42.8737;-66.9545;385151;197;13-mar-12;22:27:02;34.8175;8.663;3.61948;3.61948;1;8.663;1;34.8175;1;0;NaN;NaN
NED2012002_126;MFD_SETNO126;42.7148;-66.8617;385158;5;14-mar-12;01:41:19;32.4462;5.8137;6.25984;6.25984;1;5.8137;1;32.4462;1;0;NaN;NaN
NED2012002_126;MFD_SETNO126;42.7148;-66.8617;385157;26;14-mar-12;01:41:19;32.7601;6.0809;5.81411;5.81411;1;6.0809;1;32.7601;1;0;NaN;NaN
NED2012002_126;MFD_SETNO126;42.7148;-66.8617;385156;50;14-mar-12;01:41:19;33.4196;7.3772;4.85729;4.85729;1;7.3772;1;33.4196;1;0;NaN;NaN
NED2012002_126;MFD_SETNO126;42.7148;-66.8617;385155;167;14-mar-12;01:41:19;34.8144;8.6087;3.60563;3.60563;1;8.6087;1;34.8144;1;0;NaN;NaN
NED2012002_127;MFD_SETNO127;42.5538;-66.6733;385162;6;14-mar-12;04:07:07;32.4737;5.9594;6.20865;6.20865;1;5.9594;1;32.4737;1;0;NaN;NaN
NED2012002_127;MFD_SETNO127;42.5538;-66.6733;385161;26;14-mar-12;04:07:07;32.7039;5.9007;6.09739;6.09739;1;5.9007;1;32.7039;1;0;NaN;NaN
NED2012002_127;MFD_SETNO127;42.5538;-66.6733;385160;51;14-mar-12;04:07:07;32.8595;6.1267;5.79018;5.79018;1;6.1267;1;32.8595;1;0;NaN;NaN
NED2012002_127;MFD_SETNO127;42.5538;-66.6733;385159;234;14-mar-12;04:07:07;35.0425;8.738;3.49848;3.49848;1;8.738;1;35.0425;1;0;NaN;NaN
NED2012002_128;MFD_SETNO128;42.4278;-66.8778;385166;4;14-mar-12;06:32:17;32.2241;5.6549;6.24659;6.24659;1;5.6549;1;32.2241;1;0;NaN;NaN
NED2012002_128;MFD_SETNO128;42.4278;-66.8778;385165;25;14-mar-12;06:32:17;32.5365;5.75;6.18784;6.18784;1;5.75;1;32.5365;1;0;NaN;NaN
NED2012002_128;MFD_SETNO128;42.4278;-66.8778;385164;50;14-mar-12;06:32:17;32.7078;5.937;6.05758;6.05758;1;5.937;1;32.7078;1;0;NaN;NaN
NED2012002_128;MFD_SETNO128;42.4278;-66.8778;385163;358;14-mar-12;06:32:17;35.0143;7.7949;3.69192;3.69192;1;7.7949;1;35.0143;1;0;NaN;NaN
NED2012002_129;MFD_SETNO129;42.3653;-67.2228;385170;6;14-mar-12;11:09:19;32.5899;5.9845;6.00777;6.00777;1;5.9845;1;32.5899;1;0;NaN;NaN
NED2012002_129;MFD_SETNO129;42.3653;-67.2228;385169;24;14-mar-12;11:09:19;32.682;6.1201;5.99445;5.99445;1;6.1201;1;32.682;1;0;NaN;NaN
NED2012002_129;MFD_SETNO129;42.3653;-67.2228;385168;50;14-mar-12;11:09:19;32.8174;6.312;5.92083;5.92083;1;6.312;1;32.8174;1;0;NaN;NaN
NED2012002_129;MFD_SETNO129;42.3653;-67.2228;385167;323;14-mar-12;11:09:19;35.0151;7.9961;3.67119;3.67119;1;7.9961;1;35.0151;1;0;NaN;NaN
NED2012002_130;MFD_SETNO130;42.6128;-67.4073;385174;6;14-mar-12;14:12:14;32.6138;6.0205;6.11222;6.11222;1;6.0205;1;32.6138;1;0;NaN;NaN
NED2012002_130;MFD_SETNO130;42.6128;-67.4073;385173;25;14-mar-12;14:12:14;32.6218;6.0104;6.07755;6.07755;1;6.0104;1;32.6218;1;0;NaN;NaN
NED2012002_130;MFD_SETNO130;42.6128;-67.4073;385172;51;14-mar-12;14:12:14;32.6795;5.8829;5.98306;5.98306;1;5.8829;1;32.6795;1;0;NaN;NaN
NED2012002_130;MFD_SETNO130;42.6128;-67.4073;385171;260;14-mar-12;14:12:14;34.9922;8.1172;3.60488;3.60488;1;8.1172;1;34.9922;1;0;NaN;NaN
NED2012002_131;MFD_SETNO131;43.0692;-67.5247;385178;5;14-mar-12;17:45:00;32.6725;5.9848;6.02914;6.02914;1;5.9848;1;32.6725;1;0;NaN;NaN
NED2012002_131;MFD_SETNO131;43.0692;-67.5247;385177;23;14-mar-12;17:45:00;32.7198;6.0527;5.95518;5.95518;1;6.0527;1;32.7198;1;0;NaN;NaN
NED2012002_131;MFD_SETNO131;43.0692;-67.5247;385176;51;14-mar-12;17:45:00;32.9747;6.2583;5.71676;5.71676;1;6.2583;1;32.9747;1;0;NaN;NaN
NED2012002_131;MFD_SETNO131;43.0692;-67.5247;385175;214;14-mar-12;17:45:00;34.5943;8.638;3.64828;3.64828;1;8.638;1;34.5943;1;0;NaN;NaN
NED2012002_132;MFD_SETNO132;43.083;-67.3335;385182;5;14-mar-12;20:32:56;32.6358;5.9813;6.08414;6.08414;1;5.9813;1;32.6358;1;0;NaN;NaN
NED2012002_132;MFD_SETNO132;43.083;-67.3335;385181;25;14-mar-12;20:32:56;32.6371;5.982;6.05352;6.05352;1;5.982;1;32.6371;1;0;NaN;NaN
NED2012002_132;MFD_SETNO132;43.083;-67.3335;385180;51;14-mar-12;20:32:56;32.8201;5.9788;5.8506;5.8506;1;5.9788;1;32.8201;1;0;NaN;NaN
NED2012002_132;MFD_SETNO132;43.083;-67.3335;385179;184;14-mar-12;20:32:56;34.6826;8.6072;3.6407;3.6407;1;8.6072;1;34.6826;1;0;NaN;NaN
NED2012002_133;MFD_SETNO133;43.1735;-67.4582;385186;6;14-mar-12;22:56:32;32.6666;6.0409;6.09185;6.09185;1;6.0409;1;32.6666;1;0;NaN;NaN
NED2012002_133;MFD_SETNO133;43.1735;-67.4582;385185;26;14-mar-12;22:56:32;32.7679;6.099;5.88683;5.88683;1;6.099;1;32.7679;1;0;NaN;NaN
NED2012002_133;MFD_SETNO133;43.1735;-67.4582;385184;51;14-mar-12;22:56:32;32.9809;6.2951;5.66065;5.66065;1;6.2951;1;32.9809;1;0;NaN;NaN
NED2012002_133;MFD_SETNO133;43.1735;-67.4582;385183;185;14-mar-12;22:56:32;34.6019;8.6386;3.6196;3.6196;1;8.6386;1;34.6019;1;0;NaN;NaN
NED2012002_134;MFD_SETNO134;43.3398;-67.5278;385190;5;15-mar-12;02:15:06;32.8675;6.0913;NaN;NaN;9;6.0913;1;32.8675;1;0;NaN;NaN
NED2012002_134;MFD_SETNO134;43.3398;-67.5278;385189;24;15-mar-12;02:15:06;32.9232;6.1168;5.96527;5.96527;1;6.1168;1;32.9232;1;0;NaN;NaN
NED2012002_134;MFD_SETNO134;43.3398;-67.5278;385188;50;15-mar-12;02:15:06;33.0987;6.0272;5.93558;5.93558;1;6.0272;1;33.0987;1;0;NaN;NaN
NED2012002_134;MFD_SETNO134;43.3398;-67.5278;385187;203;15-mar-12;02:15:06;34.1144;8.2333;3.7022;3.7022;1;8.2333;1;34.1144;1;0;NaN;NaN
NED2012002_135;MFD_SETNO135;43.909;-67.3492;385194;5;15-mar-12;07:22:31;32.8248;5.8768;5.96075;5.96075;1;5.8768;1;32.8248;1;0;NaN;NaN
NED2012002_135;MFD_SETNO135;43.909;-67.3492;385193;26;15-mar-12;07:22:31;32.8664;5.8042;5.95708;5.95708;1;5.8042;1;32.8664;1;0;NaN;NaN
NED2012002_135;MFD_SETNO135;43.909;-67.3492;385192;50;15-mar-12;07:22:31;32.8976;5.7631;5.92586;5.92586;1;5.7631;1;32.8976;1;0;NaN;NaN
NED2012002_135;MFD_SETNO135;43.909;-67.3492;385191;224;15-mar-12;07:22:31;34.3049;8.5306;3.40852;3.40852;1;8.5306;1;34.3049;1;0;NaN;NaN
NED2012002_136;MFD_SETNO136;43.7275;-67.1022;385198;5;15-mar-12;10:43:14;32.5739;5.9642;5.94521;5.94521;1;5.9642;1;32.5739;1;0;NaN;NaN
NED2012002_136;MFD_SETNO136;43.7275;-67.1022;385197;25;15-mar-12;10:43:14;32.7183;6.159;5.83647;5.83647;1;6.159;1;32.7183;1;0;NaN;NaN
NED2012002_136;MFD_SETNO136;43.7275;-67.1022;385196;49;15-mar-12;10:43:14;32.9121;6.4532;5.51669;5.51669;1;6.4532;1;32.9121;1;0;NaN;NaN
NED2012002_136;MFD_SETNO136;43.7275;-67.1022;385195;152;15-mar-12;10:43:14;33.7797;7.8382;4.28709;4.28709;1;7.8382;1;33.7797;1;0;NaN;NaN
NED2012002_137;MFD_SETNO137;43.2655;-65.1082;385202;5;15-mar-12;21:40:42;30.9199;2.9371;6.76338;6.76338;1;2.9371;1;30.9199;1;0;NaN;NaN
NED2012002_137;MFD_SETNO137;43.2655;-65.1082;385201;27;15-mar-12;21:40:42;30.9223;2.9256;6.75699;6.75699;1;2.9256;1;30.9223;1;0;NaN;NaN
NED2012002_137;MFD_SETNO137;43.2655;-65.1082;385200;55;15-mar-12;21:40:42;31.3396;3.5185;6.16717;6.16717;1;3.5185;1;31.3396;1;0;NaN;NaN
NED2012002_137;MFD_SETNO137;43.2655;-65.1082;385199;162;15-mar-12;21:40:42;33.3947;6.5955;3.96752;3.96752;1;6.5955;1;33.3947;1;0;NaN;NaN
NED2012002_138;MFD_SETNO138;43.3882;-65.0448;385206;5;16-mar-12;00:07:43;30.8761;2.7421;6.7887;6.7887;1;2.7421;1;30.8761;1;0;NaN;NaN
NED2012002_138;MFD_SETNO138;43.3882;-65.0448;385205;25;16-mar-12;00:07:43;30.8757;2.7387;6.80395;6.80395;1;2.7387;1;30.8757;1;0;NaN;NaN
NED2012002_138;MFD_SETNO138;43.3882;-65.0448;385204;50;16-mar-12;00:07:43;31.2188;3.4075;6.43742;6.43742;1;3.4075;1;31.2188;1;0;NaN;NaN
NED2012002_138;MFD_SETNO138;43.3882;-65.0448;385203;153;16-mar-12;00:07:43;33.0633;6.1965;4.34793;4.34793;1;6.1965;1;33.0633;1;0;NaN;NaN
NED2012002_139;MFD_SETNO139;43.4588;-64.764;385210;5;16-mar-12;03:21:37;30.8175;2.3909;6.78821;6.78821;1;2.3909;1;30.8175;1;0;NaN;NaN
NED2012002_139;MFD_SETNO139;43.4588;-64.764;385209;26;16-mar-12;03:21:37;30.8219;2.3946;6.83855;6.83855;1;2.3946;1;30.8219;1;0;NaN;NaN
NED2012002_139;MFD_SETNO139;43.4588;-64.764;385208;50;16-mar-12;03:21:37;30.9873;2.9062;6.68172;6.68172;1;2.9062;1;30.9873;1;0;NaN;NaN
NED2012002_139;MFD_SETNO139;43.4588;-64.764;385207;88;16-mar-12;03:21:37;32.4678;5.3341;4.95799;4.95799;1;5.3341;1;32.4678;1;0;NaN;NaN
NED2012002_140;MFD_SETNO140;43.4433;-64.5933;385214;5;16-mar-12;05:23:24;30.658;1.8954;6.89649;6.89649;1;1.8954;1;30.658;1;0;NaN;NaN
NED2012002_140;MFD_SETNO140;43.4433;-64.5933;385213;26;16-mar-12;05:23:24;30.7293;2.0415;6.87761;6.87761;1;2.0415;1;30.7293;1;0;NaN;NaN
NED2012002_140;MFD_SETNO140;43.4433;-64.5933;385212;50;16-mar-12;05:23:24;31.8131;4.3542;6.17313;6.17313;1;4.3542;1;31.8131;1;0;NaN;NaN
NED2012002_140;MFD_SETNO140;43.4433;-64.5933;385211;76;16-mar-12;05:23:24;32.3663;5.1662;5.10405;5.10405;1;5.1662;1;32.3663;1;0;NaN;NaN
NED2012002_141;MFD_SETNO141;43.4203;-64.412;385218;5;16-mar-12;07:46:59;30.7441;2.1031;6.87583;6.87583;1;2.1031;1;30.7441;1;0;NaN;NaN
NED2012002_141;MFD_SETNO141;43.4203;-64.412;385217;25;16-mar-12;07:46:59;30.7445;2.1115;NaN;NaN;9;2.1115;1;30.7445;1;0;NaN;NaN
NED2012002_141;MFD_SETNO141;43.4203;-64.412;385216;51;16-mar-12;07:46:59;30.7863;2.1852;6.78153;6.78153;1;2.1852;1;30.7863;1;0;NaN;NaN
NED2012002_141;MFD_SETNO141;43.4203;-64.412;385215;159;16-mar-12;07:46:59;34.0123;7.7423;3.52675;3.52675;1;7.7423;1;34.0123;1;0;NaN;NaN
NED2012002_142;MFD_SETNO142;43.1737;-63.6197;385222;6;16-mar-12;12:27:21;31.936;4.803;6.29335;6.29335;1;4.803;1;31.936;1;0;NaN;NaN
NED2012002_142;MFD_SETNO142;43.1737;-63.6197;385221;25;16-mar-12;12:27:21;31.9818;4.9425;6.29694;6.29694;1;4.9425;1;31.9818;1;0;NaN;NaN
NED2012002_142;MFD_SETNO142;43.1737;-63.6197;385220;51;16-mar-12;12:27:21;32.5108;6.1488;5.89999;5.89999;1;6.1488;1;32.5108;1;0;NaN;NaN
NED2012002_142;MFD_SETNO142;43.1737;-63.6197;385219;147;16-mar-12;12:27:21;34.8412;9.4689;2.705;2.705;1;9.4689;1;34.8412;1;0;NaN;NaN
NED2012002_143;MFD_SETNO143;42.5313;-61.4073;385234;4;16-mar-12;22:20:44;33.8289;9.427;5.68952;5.68952;1;9.427;1;33.8289;1;0;NaN;NaN
NED2012002_143;MFD_SETNO143;42.5313;-61.4073;385233;11;16-mar-12;22:20:44;33.8295;9.4387;5.67311;5.67311;1;9.4387;1;33.8295;1;0;NaN;NaN
NED2012002_143;MFD_SETNO143;42.5313;-61.4073;385232;21;16-mar-12;22:20:44;33.8435;9.499;5.68423;5.68423;1;9.499;1;33.8435;1;0;NaN;NaN
NED2012002_143;MFD_SETNO143;42.5313;-61.4073;385231;31;16-mar-12;22:20:44;33.8724;9.5981;5.61569;5.61569;1;9.5981;1;33.8724;1;0;NaN;NaN
NED2012002_143;MFD_SETNO143;42.5313;-61.4073;385230;41;16-mar-12;22:20:44;34.1697;10.4094;5.37739;5.37739;1;10.4094;1;34.1697;1;0;NaN;NaN
NED2012002_143;MFD_SETNO143;42.5313;-61.4073;385229;51;16-mar-12;22:20:44;34.2689;10.5532;5.37875;5.37875;1;10.5532;1;34.2689;1;0;NaN;NaN
NED2012002_143;MFD_SETNO143;42.5313;-61.4073;385228;62;16-mar-12;22:20:44;34.3018;10.6169;5.28798;5.28798;1;10.6169;1;34.3018;1;0;NaN;NaN
NED2012002_143;MFD_SETNO143;42.5313;-61.4073;385227;81;16-mar-12;22:20:44;34.3382;10.7148;5.25399;5.25399;1;10.7148;1;34.3382;1;0;NaN;NaN
NED2012002_143;MFD_SETNO143;42.5313;-61.4073;385226;101;16-mar-12;22:20:44;34.3734;10.7931;5.17909;5.17909;1;10.7931;1;34.3734;1;0;NaN;NaN
NED2012002_143;MFD_SETNO143;42.5313;-61.4073;385225;251;16-mar-12;22:20:44;35.5657;12.4042;2.99918;2.99918;1;12.4042;1;35.5657;1;0;NaN;NaN
NED2012002_143;MFD_SETNO143;42.5313;-61.4073;385224;499;16-mar-12;22:20:44;35.0633;7.0588;3.52564;3.52564;1;7.0588;1;35.0633;1;0;NaN;NaN
NED2012002_143;MFD_SETNO143;42.5313;-61.4073;385223;1001;16-mar-12;22:20:44;34.9736;4.5428;4.98446;4.98446;1;4.5428;1;34.9736;1;0;NaN;NaN
NED2012002_144;MFD_SETNO144;42.85;-61.7282;385246;3;17-mar-12;04:40:03;33.8847;9.6755;5.66847;5.66847;1;9.6755;1;33.8847;1;0;NaN;NaN
NED2012002_144;MFD_SETNO144;42.85;-61.7282;385245;10;17-mar-12;04:40:03;33.9117;9.7619;5.68527;5.68527;1;9.7619;1;33.9117;1;0;NaN;NaN
NED2012002_144;MFD_SETNO144;42.85;-61.7282;385244;20;17-mar-12;04:40:03;33.9151;9.731;5.7064;5.7064;1;9.731;1;33.9151;1;0;NaN;NaN
NED2012002_144;MFD_SETNO144;42.85;-61.7282;385243;30;17-mar-12;04:40:03;33.936;9.7954;5.67352;5.67352;1;9.7954;1;33.936;1;0;NaN;NaN
NED2012002_144;MFD_SETNO144;42.85;-61.7282;385242;39;17-mar-12;04:40:03;34.1872;10.521;5.30663;5.30663;1;10.521;1;34.1872;1;0;NaN;NaN
NED2012002_144;MFD_SETNO144;42.85;-61.7282;385241;50;17-mar-12;04:40:03;34.3505;10.9794;5.17222;5.17222;1;10.9794;1;34.3505;1;0;NaN;NaN
NED2012002_144;MFD_SETNO144;42.85;-61.7282;385240;59;17-mar-12;04:40:03;34.549;11.4935;5.00508;5.00508;1;11.4935;1;34.549;1;0;NaN;NaN
NED2012002_144;MFD_SETNO144;42.85;-61.7282;385239;80;17-mar-12;04:40:03;34.6397;11.7655;4.88996;4.88996;1;11.7655;1;34.6397;1;0;NaN;NaN
NED2012002_144;MFD_SETNO144;42.85;-61.7282;385238;101;17-mar-12;04:40:03;35.3182;13.7871;4.12634;4.12634;1;13.7871;1;35.3182;1;0;NaN;NaN
NED2012002_144;MFD_SETNO144;42.85;-61.7282;385237;251;17-mar-12;04:40:03;35.3174;10.7778;2.85306;2.85306;1;10.7778;1;35.3174;1;0;NaN;NaN
NED2012002_144;MFD_SETNO144;42.85;-61.7282;385236;498;17-mar-12;04:40:03;34.9989;5.9127;4.10437;4.10437;1;5.9127;1;34.9989;1;0;NaN;NaN
NED2012002_144;MFD_SETNO144;42.85;-61.7282;385235;1003;17-mar-12;04:40:03;34.945;4.3631;5.18515;5.18515;1;4.3631;1;34.945;1;0;NaN;NaN
NED2012002_145;MFD_SETNO145;43.1803;-62.1057;384509;2;17-mar-12;13:52:15;32.3061;5.202;6.66761;6.66761;1;5.202;1;32.3061;1;0;NaN;NaN
NED2012002_145;MFD_SETNO145;43.1803;-62.1057;384508;10;17-mar-12;13:52:15;32.3014;5.1882;6.65133;6.65133;1;5.1882;1;32.3014;1;0;NaN;NaN
NED2012002_145;MFD_SETNO145;43.1803;-62.1057;384507;20;17-mar-12;13:52:15;32.4573;5.5985;6.37891;6.37891;1;5.5985;1;32.4573;1;0;NaN;NaN
NED2012002_145;MFD_SETNO145;43.1803;-62.1057;384506;29;17-mar-12;13:52:15;32.7695;6.5603;5.85043;5.85043;1;6.5603;1;32.7695;1;0;NaN;NaN
NED2012002_145;MFD_SETNO145;43.1803;-62.1057;384505;41;17-mar-12;13:52:15;33.7526;9.5044;4.92427;4.92427;1;9.5044;1;33.7526;1;0;NaN;NaN
NED2012002_145;MFD_SETNO145;43.1803;-62.1057;384504;50;17-mar-12;13:52:15;33.9617;10.0823;4.97625;4.97625;1;10.0823;1;33.9617;1;0;NaN;NaN
NED2012002_145;MFD_SETNO145;43.1803;-62.1057;384503;60;17-mar-12;13:52:15;34.2598;10.9178;4.57904;4.57904;1;10.9178;1;34.2598;1;0;NaN;NaN
NED2012002_145;MFD_SETNO145;43.1803;-62.1057;384502;83;17-mar-12;13:52:15;34.7249;11.4764;3.75599;3.75599;1;11.4764;1;34.7249;1;0;NaN;NaN
NED2012002_145;MFD_SETNO145;43.1803;-62.1057;384501;100;17-mar-12;13:52:15;35.0335;11.8498;3.59584;3.59584;1;11.8498;1;35.0335;1;0;NaN;NaN
NED2012002_146;MFD_SETNO146;43.4765;-62.4477;384517;3;17-mar-12;17:17:15;31.9302;4.702;6.57487;6.57487;1;4.702;1;31.9302;1;0;NaN;NaN
NED2012002_146;MFD_SETNO146;43.4765;-62.4477;384516;10;17-mar-12;17:17:15;31.9297;4.6996;6.57711;6.57711;1;4.6996;1;31.9297;1;0;NaN;NaN
NED2012002_146;MFD_SETNO146;43.4765;-62.4477;384515;20;17-mar-12;17:17:15;31.9365;4.5827;6.62024;6.62024;1;4.5827;1;31.9365;1;0;NaN;NaN
NED2012002_146;MFD_SETNO146;43.4765;-62.4477;384514;31;17-mar-12;17:17:15;32.02;4.7731;6.46144;6.46144;1;4.7731;1;32.02;1;0;NaN;NaN
NED2012002_146;MFD_SETNO146;43.4765;-62.4477;384513;40;17-mar-12;17:17:15;32.0883;4.9624;6.38913;6.38913;1;4.9624;1;32.0883;1;0;NaN;NaN
NED2012002_146;MFD_SETNO146;43.4765;-62.4477;384512;50;17-mar-12;17:17:15;32.5256;6.2233;5.75569;5.75569;1;6.2233;1;32.5256;1;0;NaN;NaN
NED2012002_146;MFD_SETNO146;43.4765;-62.4477;384511;60;17-mar-12;17:17:15;33.2916;8.1894;4.82829;4.82829;1;8.1894;1;33.2916;1;0;NaN;NaN
NED2012002_146;MFD_SETNO146;43.4765;-62.4477;384510;83;17-mar-12;17:17:15;33.7576;9.3805;4.40111;4.40111;1;9.3805;1;33.7576;1;0;NaN;NaN
NED2012002_147;MFD_SETNO147;43.8798;-62.8865;384528;3;17-mar-12;22:10:19;31.6395;4.3172;6.4997;6.4997;1;4.3172;1;31.6395;1;0;NaN;NaN
NED2012002_147;MFD_SETNO147;43.8798;-62.8865;384527;10;17-mar-12;22:10:19;31.6392;4.3184;6.48423;6.48423;1;4.3184;1;31.6392;1;0;NaN;NaN
NED2012002_147;MFD_SETNO147;43.8798;-62.8865;384526;19;17-mar-12;22:10:19;31.6845;4.313;6.38851;6.38851;1;4.313;1;31.6845;1;0;NaN;NaN
NED2012002_147;MFD_SETNO147;43.8798;-62.8865;384525;31;17-mar-12;22:10:19;31.8153;4.5438;6.31194;6.31194;1;4.5438;1;31.8153;1;0;NaN;NaN
NED2012002_147;MFD_SETNO147;43.8798;-62.8865;384524;40;17-mar-12;22:10:19;32.068;5.1121;6.09617;6.09617;1;5.1121;1;32.068;1;0;NaN;NaN
NED2012002_147;MFD_SETNO147;43.8798;-62.8865;384523;50;17-mar-12;22:10:19;32.4212;5.809;5.67446;5.67446;1;5.809;1;32.4212;1;0;NaN;NaN
NED2012002_147;MFD_SETNO147;43.8798;-62.8865;384522;60;17-mar-12;22:10:19;33.1504;7.0517;4.55366;4.55366;1;7.0517;1;33.1504;1;0;NaN;NaN
NED2012002_147;MFD_SETNO147;43.8798;-62.8865;384521;80;17-mar-12;22:10:19;33.7632;7.4441;3.97058;3.97058;1;7.4441;1;33.7632;1;0;NaN;NaN
NED2012002_147;MFD_SETNO147;43.8798;-62.8865;384520;100;17-mar-12;22:10:19;34.2632;8.5869;3.51752;3.51752;1;8.5869;1;34.2632;1;0;NaN;NaN
NED2012002_147;MFD_SETNO147;43.8798;-62.8865;384519;200;17-mar-12;22:10:19;34.9205;9.7512;2.93511;2.93511;1;9.7512;1;34.9205;1;0;NaN;NaN
NED2012002_147;MFD_SETNO147;43.8798;-62.8865;384518;267;17-mar-12;22:10:19;35.0777;9.8327;2.8179;2.8179;1;9.8327;1;35.0777;1;0;NaN;NaN
NED2012002_148;MFD_SETNO148;44.2688;-63.3208;384538;3;18-mar-12;05:32:48;31.0474;2.7798;6.88429;6.88429;1;2.7798;1;31.0474;1;0;NaN;NaN
NED2012002_148;MFD_SETNO148;44.2688;-63.3208;384537;10;18-mar-12;05:32:48;31.2279;3.1724;6.78298;6.78298;1;3.1724;1;31.2279;1;0;NaN;NaN
NED2012002_148;MFD_SETNO148;44.2688;-63.3208;384536;21;18-mar-12;05:32:48;31.3302;3.2382;6.74661;6.74661;1;3.2382;1;31.3302;1;0;NaN;NaN
NED2012002_148;MFD_SETNO148;44.2688;-63.3208;384535;31;18-mar-12;05:32:48;31.4802;3.4748;6.52293;6.52293;1;3.4748;1;31.4802;1;0;NaN;NaN
NED2012002_148;MFD_SETNO148;44.2688;-63.3208;384534;40;18-mar-12;05:32:48;31.7232;4.1717;6.19308;6.19308;1;4.1717;1;31.7232;1;0;NaN;NaN
NED2012002_148;MFD_SETNO148;44.2688;-63.3208;384533;50;18-mar-12;05:32:48;31.9623;4.8579;5.97361;5.97361;1;4.8579;1;31.9623;1;0;NaN;NaN
NED2012002_148;MFD_SETNO148;44.2688;-63.3208;384532;60;18-mar-12;05:32:48;32.0892;5.0896;5.92817;5.92817;1;5.0896;1;32.0892;1;0;NaN;NaN
NED2012002_148;MFD_SETNO148;44.2688;-63.3208;384531;80;18-mar-12;05:32:48;32.5188;5.1439;5.00609;5.00609;1;5.1439;1;32.5188;1;0;NaN;NaN
NED2012002_148;MFD_SETNO148;44.2688;-63.3208;384530;101;18-mar-12;05:32:48;32.8752;5.5617;4.55459;4.55459;1;5.5617;1;32.8752;1;0;NaN;NaN
NED2012002_148;MFD_SETNO148;44.2688;-63.3208;384529;172;18-mar-12;05:32:48;34.035;7.9165;3.51156;3.51156;1;7.9165;1;34.035;1;0;NaN;NaN
NED2012002_149;MFD_SETNO149;44.401;-63.4523;384546;4;18-mar-12;08:39:00;30.5654;1.6459;6.9805;6.9805;1;1.6459;1;30.5654;1;0;NaN;NaN
NED2012002_149;MFD_SETNO149;44.401;-63.4523;384545;10;18-mar-12;08:39:00;30.5812;1.5446;6.95754;6.95754;1;1.5446;1;30.5812;1;0;NaN;NaN
NED2012002_149;MFD_SETNO149;44.401;-63.4523;384544;20;18-mar-12;08:39:00;30.5826;1.5112;6.97992;6.97992;1;1.5112;1;30.5826;1;0;NaN;NaN
NED2012002_149;MFD_SETNO149;44.401;-63.4523;384543;30;18-mar-12;08:39:00;30.5841;1.509;6.96021;6.96021;1;1.509;1;30.5841;1;0;NaN;NaN
NED2012002_149;MFD_SETNO149;44.401;-63.4523;384542;40;18-mar-12;08:39:00;30.6109;1.3853;6.96106;6.96106;1;1.3853;1;30.6109;1;0;NaN;NaN
NED2012002_149;MFD_SETNO149;44.401;-63.4523;384541;50;18-mar-12;08:39:00;30.6415;1.3826;6.98205;6.98205;1;1.3826;1;30.6415;1;0;NaN;NaN
NED2012002_149;MFD_SETNO149;44.401;-63.4523;384540;60;18-mar-12;08:39:00;30.6797;1.4525;6.94042;6.94042;1;1.4525;1;30.6797;1;0;NaN;NaN
NED2012002_149;MFD_SETNO149;44.401;-63.4523;384539;95;18-mar-12;08:39:00;31.1238;2.5968;6.59019;6.59019;1;2.5968;1;31.1238;1;0;NaN;NaN
