CTD;CTD;CTD;CTD;CTD;CTD;CTD;CTD;CTD;CTD;CTD;labo;labo;terrain;labo;labo;labo;labo;calc;calc
Fichier;Station;Latitude;Longitude;Echantillon;zbouteille;Date;Heure;PSAL;TEMP_XX;DOXY;OXY_XX;Q_OXY;TEMP_RT;Q_TEMP_RT;SSAL_BS;Q_SSAL;QCFF;N_P;N_Si
(nom);(nom/no);(degres);(degres);(no_unique);(dbar);(jj-mmm-yyyy);(GMT);(psu);(celsius);(ml/l);(ml/l);((none));(celsius);((none));(g/kg);((none));((none));((none));((none))
NED2003003_0;MFD_SETNO0;44.269333;63.312;258855;75;04-mar-03;13:31:19;17.624;-1.135;13.3323;13.3323;4;-1.135;4;17.624;1;70;NaN;NaN
NED2003003_0;MFD_SETNO0;44.269333;63.312;258854;100;04-mar-03;13:31:19;31.916;0.384;8.3591;8.3591;1;0.384;1;31.916;1;0;NaN;NaN
NED2003003_0;MFD_SETNO0;44.269333;63.312;258853;152;04-mar-03;13:31:19;32.687;3.2;5.6034;5.6034;1;3.2;1;32.687;1;0;NaN;NaN
NED2003003_1;MFD_SETNO0;44.269333;63.312;-999999;1;04-mar-03;13:31:19;3.0296;4.2667;4.9659;4.9659;1;4.2667;1;3.0296;7;512;NaN;NaN
NED2003003_1;MFD_SETNO1;44.534333;61.744167;258857;5;04-mar-03;21:33:45;31.892;19.313;32.097;32.097;4;19.313;1;31.892;7;518;NaN;NaN
NED2003003_1;MFD_SETNO1;44.534333;61.744167;258858;25;04-mar-03;21:33:45;-0.941;9.652;-1.622;-1.622;4;9.652;1;-0.941;4;6;NaN;NaN
NED2003003_1;MFD_SETNO1;44.534333;61.744167;258859;50;04-mar-03;21:33:45;31.855;-0.708;4.8862;4.8862;1;-0.708;1;31.855;1;0;NaN;NaN
NED2003003_111;MFD_SETNO111;44.269167;63.329;258863;5;06-mar-03;00:11:51;31.983;0.306;4.3884;4.3884;1;0.306;1;31.983;1;0;NaN;NaN
NED2003003_111;MFD_SETNO111;44.269167;63.329;258862;40;06-mar-03;00:11:51;33.272;5.165;3.5578;3.5578;1;5.165;1;33.272;1;0;NaN;NaN
NED2003003_111;MFD_SETNO111;44.269167;63.329;258861;75;06-mar-03;00:11:51;31.882;0.229;4.8481;4.8481;1;0.229;1;31.882;1;0;NaN;NaN
NED2003003_111;MFD_SETNO111;44.269167;63.329;258860;162;06-mar-03;00:11:51;31.885;0.258;5.0828;5.0828;1;0.258;1;31.885;1;0;NaN;NaN
NED2003003_2;MFD_SETNO2;44.372333;61.549667;258867;5;06-mar-03;07:54:55;31.995;0.27;4.495;4.495;1;0.27;1;31.995;1;0;NaN;NaN
NED2003003_2;MFD_SETNO2;44.372333;61.549667;258866;25;06-mar-03;07:54:55;34.521;9.135;2.7667;2.7667;1;9.135;1;34.521;7;512;NaN;NaN
NED2003003_2;MFD_SETNO2;44.372333;61.549667;258865;50;06-mar-03;07:54:55;31.938;-1.548;4.3346;4.3346;1;-1.548;1;31.938;7;512;NaN;NaN
NED2003003_2;MFD_SETNO2;44.372333;61.549667;258864;173;06-mar-03;07:54:55;31.943;-1.564;4.5001;4.5001;1;-1.564;1;31.943;1;0;NaN;NaN
NED2003003_3;MFD_SETNO3;44.354667;61.387;258871;5;06-mar-03;09:58:25;32.275;1.841;4.584;4.584;1;1.841;1;32.275;1;0;NaN;NaN
NED2003003_3;MFD_SETNO3;44.354667;61.387;258870;25;06-mar-03;09:58:25;34.393;8.921;3.0015;3.0015;1;8.921;1;34.393;1;0;NaN;NaN
NED2003003_3;MFD_SETNO3;44.354667;61.387;258869;50;06-mar-03;09:58:25;32.114;-1.574;4.5038;4.5038;1;-1.574;1;32.114;1;0;NaN;NaN
NED2003003_3;MFD_SETNO3;44.354667;61.387;258868;191;06-mar-03;09:58:25;32.117;-1.558;4.6947;4.6947;1;-1.558;1;32.117;1;0;NaN;NaN
NED2003003_4;MFD_SETNO4;44.456;61.1895;258875;5;06-mar-03;12:45:27;33.841;6.951;3.7757;3.7757;1;6.951;1;33.841;1;0;NaN;NaN
NED2003003_4;MFD_SETNO4;44.456;61.1895;258874;25;06-mar-03;12:45:27;32.488;-0.83;4.5825;4.5825;1;-0.83;1;32.488;1;0;NaN;NaN
NED2003003_4;MFD_SETNO4;44.456;61.1895;258873;50;06-mar-03;12:45:27;32.523;-0.708;4.7204;4.7204;1;-0.708;1;32.523;1;0;NaN;NaN
NED2003003_4;MFD_SETNO4;44.456;61.1895;258872;105;06-mar-03;12:45:27;32.544;-0.643;4.7619;4.7619;1;-0.643;1;32.544;1;0;NaN;NaN
NED2003003_5;MFD_SETNO5;44.390167;60.957833;258879;5;06-mar-03;14:48:32;32.704;2.02;4.6554;4.6554;1;2.02;1;32.704;1;0;NaN;NaN
NED2003003_5;MFD_SETNO5;44.390167;60.957833;258878;25;06-mar-03;14:48:32;32.203;-0.212;4.5561;4.5561;1;-0.212;1;32.203;1;0;NaN;NaN
NED2003003_5;MFD_SETNO5;44.390167;60.957833;258877;50;06-mar-03;14:48:32;32.207;-0.176;4.6992;4.6992;1;-0.176;1;32.207;1;0;NaN;NaN
NED2003003_5;MFD_SETNO5;44.390167;60.957833;258876;90;06-mar-03;14:48:32;32.267;-0.426;4.6951;4.6951;1;-0.426;1;32.267;1;0;NaN;NaN
NED2003003_6;MFD_SETNO6;44.632;60.650167;258882;5;08-mar-03;10:30:14;31.748;-0.982;4.411;4.411;1;-0.982;1;31.748;1;0;NaN;NaN
NED2003003_6;MFD_SETNO6;44.632;60.650167;258881;25;08-mar-03;10:30:14;31.758;-0.94;4.5558;4.5558;1;-0.94;1;31.758;1;0;NaN;NaN
NED2003003_6;MFD_SETNO6;44.632;60.650167;258880;42;08-mar-03;10:30:14;32.223;0.284;4.4776;4.4776;1;0.284;1;32.223;1;0;NaN;NaN
NED2003003_7;MFD_SETNO7;44.7885;60.518167;258886;5;08-mar-03;12:15:50;32.438;1.233;4.3761;4.3761;1;1.233;1;32.438;1;0;NaN;NaN
NED2003003_7;MFD_SETNO7;44.7885;60.518167;258885;25;08-mar-03;12:15:50;32.084;0.81;4.7967;4.7967;1;0.81;1;32.084;1;0;NaN;NaN
NED2003003_7;MFD_SETNO7;44.7885;60.518167;258884;50;08-mar-03;12:15:50;32.082;0.783;4.8479;4.8479;1;0.783;1;32.082;1;0;NaN;NaN
NED2003003_7;MFD_SETNO7;44.7885;60.518167;258883;132;08-mar-03;12:15:50;32.099;0.925;4.8815;4.8815;1;0.925;1;32.099;1;0;NaN;NaN
NED2003003_8;MFD_SETNO8;44.8645;60.6225;258890;5;08-mar-03;14:04:21;32.519;1.211;4.4109;4.4109;1;1.211;1;32.519;1;0;NaN;NaN
NED2003003_8;MFD_SETNO8;44.8645;60.6225;258889;25;08-mar-03;14:04:21;32.034;0.079;4.6004;4.6004;1;0.079;1;32.034;1;0;NaN;NaN
NED2003003_8;MFD_SETNO8;44.8645;60.6225;258888;50;08-mar-03;14:04:21;32.04;0.04;4.8097;4.8097;1;0.04;1;32.04;1;0;NaN;NaN
NED2003003_8;MFD_SETNO8;44.8645;60.6225;258887;133;08-mar-03;14:04:21;32.042;0.051;4.8189;4.8189;1;0.051;1;32.042;1;0;NaN;NaN
NED2003003_9;MFD_SETNO9;44.834333;60.390167;258894;5;08-mar-03;16:13:52;32.999;2.64;4.1425;4.1425;1;2.64;1;32.999;1;0;NaN;NaN
NED2003003_9;MFD_SETNO9;44.834333;60.390167;258893;25;08-mar-03;16:13:52;32.191;1.615;4.7173;4.7173;1;1.615;1;32.191;1;0;NaN;NaN
NED2003003_9;MFD_SETNO9;44.834333;60.390167;258892;50;08-mar-03;16:13:52;32.191;1.606;4.8268;4.8268;1;1.606;1;32.191;1;0;NaN;NaN
NED2003003_9;MFD_SETNO9;44.834333;60.390167;258891;296;08-mar-03;16:13:52;32.191;1.604;4.8488;4.8488;1;1.604;1;32.191;1;0;NaN;NaN
NED2003003_10;MFD_SETNO10;44.907167;60.1575;258898;5;08-mar-03;19:29:17;31.77;-1.003;5.1601;5.1601;1;-1.003;1;31.77;1;0;NaN;NaN
NED2003003_10;MFD_SETNO10;44.907167;60.1575;258897;25;08-mar-03;19:29:17;32.611;1.565;4.6987;4.6987;1;1.565;1;32.611;1;0;NaN;NaN
NED2003003_10;MFD_SETNO10;44.907167;60.1575;258896;50;08-mar-03;19:29:17;32.074;-0.037;4.96;4.96;1;-0.037;1;32.074;1;0;NaN;NaN
NED2003003_10;MFD_SETNO10;44.907167;60.1575;258895;130;08-mar-03;19:29:17;31.856;-0.676;4.9721;4.9721;1;-0.676;1;31.856;1;0;NaN;NaN
NED2003003_11;MFD_SETNO11;45.042;60.039333;245434;5;08-mar-03;21:34:28;32.553;1.75;4.8136;4.8136;1;1.75;1;32.553;1;0;NaN;NaN
NED2003003_11;MFD_SETNO11;45.042;60.039333;245433;25;08-mar-03;21:34:28;32.656;2.613;5.0975;5.0975;1;2.613;1;32.656;1;0;NaN;NaN
NED2003003_11;MFD_SETNO11;45.042;60.039333;258900;50;08-mar-03;21:34:28;31.669;-1.642;4.5227;4.5227;1;-1.642;1;31.669;1;0;NaN;NaN
NED2003003_11;MFD_SETNO11;45.042;60.039333;258899;114;08-mar-03;21:34:28;31.697;-1.648;4.7031;4.7031;1;-1.648;1;31.697;1;0;NaN;NaN
NED2003003_12;MFD_SETNO12;45.070667;59.944333;245438;5;08-mar-03;23:35:54;32.196;-1.639;4.7183;4.7183;1;-1.639;1;32.196;1;0;NaN;NaN
NED2003003_12;MFD_SETNO12;45.070667;59.944333;245437;25;08-mar-03;23:35:54;32.837;1.283;4.3132;4.3132;1;1.283;1;32.837;1;0;NaN;NaN
NED2003003_12;MFD_SETNO12;45.070667;59.944333;245436;50;08-mar-03;23:35:54;31.388;-1.118;4.8601;4.8601;1;-1.118;1;31.388;1;0;NaN;NaN
NED2003003_12;MFD_SETNO12;45.070667;59.944333;245435;132;08-mar-03;23:35:54;31.389;-1.116;4.8539;4.8539;1;-1.116;1;31.389;1;0;NaN;NaN
NED2003003_13;MFD_SETNO13;44.6465;59.944833;245441;25;09-mar-03;02:52:16;32.498;1.144;4.3443;4.3443;1;1.144;1;32.498;1;0;NaN;NaN
NED2003003_13;MFD_SETNO13;44.6465;59.944833;245440;50;09-mar-03;02:52:16;31.665;-1.666;3.1484;3.1484;1;-1.666;1;31.665;1;0;NaN;NaN
NED2003003_13;MFD_SETNO13;44.6465;59.944833;245439;85;09-mar-03;02:52:16;31.701;-1.656;4.6897;4.6897;1;-1.656;1;31.701;1;0;NaN;NaN
NED2003003_14;MFD_SETNO14;44.741;59.7785;245444;25;09-mar-03;05:38:05;33.236;3.25;3.9692;3.9692;1;3.25;1;33.236;1;0;NaN;NaN
NED2003003_14;MFD_SETNO14;44.741;59.7785;245443;50;09-mar-03;05:38:05;31.912;-0.861;4.5555;4.5555;1;-0.861;1;31.912;1;0;NaN;NaN
NED2003003_14;MFD_SETNO14;44.741;59.7785;245442;196;09-mar-03;05:38:05;32.223;0.283;4.4874;4.4874;1;0.283;1;32.223;1;0;NaN;NaN
NED2003003_15;MFD_SETNO15;44.734333;59.622833;245448;5;09-mar-03;07:55:23;31.818;-0.955;4.6574;4.6574;1;-0.955;1;31.818;1;0;NaN;NaN
NED2003003_15;MFD_SETNO15;44.734333;59.622833;245447;25;09-mar-03;07:55:23;32.193;0.388;4.4276;4.4276;1;0.388;1;32.193;1;0;NaN;NaN
NED2003003_15;MFD_SETNO15;44.734333;59.622833;245446;50;09-mar-03;07:55:23;31.804;-1.265;4.4851;4.4851;1;-1.265;1;31.804;1;0;NaN;NaN
NED2003003_15;MFD_SETNO15;44.734333;59.622833;245445;78;09-mar-03;07:55:23;31.848;-1.036;4.5219;4.5219;1;-1.036;1;31.848;1;0;NaN;NaN
NED2003003_16;MFD_SETNO16;44.888833;59.281167;245451;25;09-mar-03;10:46:12;32.271;0.364;4.466;4.466;1;0.364;1;32.271;1;0;NaN;NaN
NED2003003_16;MFD_SETNO16;44.888833;59.281167;245450;50;09-mar-03;10:46:12;31.719;-1.337;4.5329;4.5329;1;-1.337;1;31.719;1;0;NaN;NaN
NED2003003_16;MFD_SETNO16;44.888833;59.281167;245449;100;09-mar-03;10:46:12;31.72;-1.33;4.6023;4.6023;1;-1.33;1;31.72;1;0;NaN;NaN
NED2003003_17;MFD_SETNO17;45.187167;59.107;245455;5;09-mar-03;14:09:33;31.818;-1.584;4.5475;4.5475;1;-1.584;1;31.818;1;0;NaN;NaN
NED2003003_17;MFD_SETNO17;45.187167;59.107;245454;25;09-mar-03;14:09:33;32.271;-0.158;4.3846;4.3846;1;-0.158;1;32.271;1;0;NaN;NaN
NED2003003_17;MFD_SETNO17;45.187167;59.107;245453;50;09-mar-03;14:09:33;31.772;-1.422;4.5822;4.5822;1;-1.422;1;31.772;1;0;NaN;NaN
NED2003003_17;MFD_SETNO17;45.187167;59.107;245452;96;09-mar-03;14:09:33;31.773;-1.423;4.6207;4.6207;1;-1.423;1;31.773;1;0;NaN;NaN
NED2003003_18;MFD_SETNO18;45.3175;58.877;245459;5;09-mar-03;16:48:09;31.899;-1.676;4.5073;4.5073;1;-1.676;1;31.899;1;0;NaN;NaN
NED2003003_18;MFD_SETNO18;45.3175;58.877;245458;25;09-mar-03;16:48:09;32.057;-0.86;4.4793;4.4793;1;-0.86;1;32.057;1;0;NaN;NaN
NED2003003_18;MFD_SETNO18;45.3175;58.877;245457;50;09-mar-03;16:48:09;31.763;-1.628;4.4267;4.4267;1;-1.628;1;31.763;1;0;NaN;NaN
NED2003003_18;MFD_SETNO18;45.3175;58.877;245456;98;09-mar-03;16:48:09;31.769;-1.635;4.5207;4.5207;1;-1.635;1;31.769;1;0;NaN;NaN
NED2003003_19;MFD_SETNO19;45.3235;58.5895;245463;5;09-mar-03;20:14:42;31.966;-1.594;4.5425;4.5425;1;-1.594;1;31.966;1;0;NaN;NaN
NED2003003_19;MFD_SETNO19;45.3235;58.5895;245462;25;09-mar-03;20:14:42;32.354;-0.052;4.3591;4.3591;1;-0.052;1;32.354;1;0;NaN;NaN
NED2003003_19;MFD_SETNO19;45.3235;58.5895;245461;50;09-mar-03;20:14:42;31.849;-1.557;4.219;4.219;1;-1.557;1;31.849;1;0;NaN;NaN
NED2003003_19;MFD_SETNO19;45.3235;58.5895;245460;93;09-mar-03;20:14:42;31.895;-1.673;4.4417;4.4417;1;-1.673;1;31.895;1;0;NaN;NaN
NED2003003_20;MFD_SETNO20;44.89;58.782833;245467;5;10-mar-03;10:29:37;31.894;-1.545;4.7553;4.7553;1;-1.545;1;31.894;1;0;NaN;NaN
NED2003003_20;MFD_SETNO20;44.89;58.782833;245466;25;10-mar-03;10:29:37;32.652;0.688;4.4041;4.4041;1;0.688;1;32.652;1;0;NaN;NaN
NED2003003_20;MFD_SETNO20;44.89;58.782833;245465;50;10-mar-03;10:29:37;31.823;-0.163;4.3129;4.3129;1;-0.163;1;31.823;1;0;NaN;NaN
NED2003003_20;MFD_SETNO20;44.89;58.782833;245464;184;10-mar-03;10:29:37;31.927;-0.034;4.4456;4.4456;1;-0.034;1;31.927;1;0;NaN;NaN
NED2003003_21;MFD_SETNO21;44.897;58.251667;245471;5;10-mar-03;13:59:12;32.802;1.078;4.3105;4.3105;1;1.078;1;32.802;1;0;NaN;NaN
NED2003003_21;MFD_SETNO21;44.897;58.251667;245469;50;10-mar-03;13:59:12;31.877;-1.556;4.5353;4.5353;1;-1.556;1;31.877;1;0;NaN;NaN
NED2003003_21;MFD_SETNO21;44.897;58.251667;245468;144;10-mar-03;13:59:12;31.878;-1.55;4.6946;4.6946;1;-1.55;1;31.878;1;0;NaN;NaN
NED2003003_22;MFD_SETNO22;45.038667;58.125;245475;5;10-mar-03;16:28:27;32.029;-1.581;4.7105;4.7105;1;-1.581;1;32.029;1;0;NaN;NaN
NED2003003_22;MFD_SETNO22;45.038667;58.125;245474;25;10-mar-03;16:28:27;32.739;0.483;4.4187;4.4187;1;0.483;1;32.739;1;0;NaN;NaN
NED2003003_22;MFD_SETNO22;45.038667;58.125;245473;50;10-mar-03;16:28:27;32.108;-1.431;4.6262;4.6262;1;-1.431;1;32.108;1;0;NaN;NaN
NED2003003_22;MFD_SETNO22;45.038667;58.125;245472;126;10-mar-03;16:28:27;32.147;-1.436;4.7489;4.7489;1;-1.436;1;32.147;1;0;NaN;NaN
NED2003003_23;MFD_SETNO23;44.973333;58.100333;245479;5;10-mar-03;18:56:00;32.067;-1.546;4.8232;4.8232;1;-1.546;1;32.067;1;0;NaN;NaN
NED2003003_23;MFD_SETNO23;44.973333;58.100333;245478;25;10-mar-03;18:56:00;32.808;0.719;4.5192;4.5192;1;0.719;1;32.808;1;0;NaN;NaN
NED2003003_23;MFD_SETNO23;44.973333;58.100333;245477;50;10-mar-03;18:56:00;31.995;-1.609;4.5115;4.5115;1;-1.609;1;31.995;1;0;NaN;NaN
NED2003003_23;MFD_SETNO23;44.973333;58.100333;245476;109;10-mar-03;18:56:00;32.014;-1.595;4.6605;4.6605;1;-1.595;1;32.014;1;0;NaN;NaN
NED2003003_24;MFD_SETNO24;44.878667;58.041667;245483;5;10-mar-03;21:12:28;32.216;-1.206;4.9134;4.9134;1;-1.206;1;32.216;1;0;NaN;NaN
NED2003003_24;MFD_SETNO24;44.878667;58.041667;245482;25;10-mar-03;21:12:28;32.392;-0.461;4.7424;4.7424;1;-0.461;1;32.392;1;0;NaN;NaN
NED2003003_24;MFD_SETNO24;44.878667;58.041667;245481;50;10-mar-03;21:12:28;32.004;-1.521;4.7126;4.7126;1;-1.521;1;32.004;1;0;NaN;NaN
NED2003003_24;MFD_SETNO24;44.878667;58.041667;245480;63;10-mar-03;21:12:28;32.02;-1.558;4.7903;4.7903;1;-1.558;1;32.02;1;0;NaN;NaN
NED2003003_25;MFD_SETNO25;44.921333;57.8905;245486;5;10-mar-03;22:38:00;32.311;-0.996;4.9033;4.9033;1;-0.996;1;32.311;1;0;NaN;NaN
NED2003003_25;MFD_SETNO25;44.921333;57.8905;245485;25;10-mar-03;22:38:00;32.135;-1.436;4.8025;4.8025;1;-1.436;1;32.135;1;0;NaN;NaN
NED2003003_25;MFD_SETNO25;44.921333;57.8905;245484;61;10-mar-03;22:38:00;32.149;-1.419;4.8809;4.8809;1;-1.419;1;32.149;1;0;NaN;NaN
NED2003003_26;MFD_SETNO26;44.828;57.7215;245489;5;11-mar-03;00:25:26;32.215;-1.224;4.836;4.836;1;-1.224;1;32.215;1;0;NaN;NaN
NED2003003_26;MFD_SETNO26;44.828;57.7215;245488;25;11-mar-03;00:25:26;32.014;-1.549;4.8214;4.8214;1;-1.549;1;32.014;1;0;NaN;NaN
NED2003003_26;MFD_SETNO26;44.828;57.7215;245487;40;11-mar-03;00:25:26;32.014;-1.546;4.9679;4.9679;1;-1.546;1;32.014;1;0;NaN;NaN
NED2003003_27;MFD_SETNO27;44.6365;57.845333;245492;5;11-mar-03;02:36:56;32.242;-0.956;4.8501;4.8501;1;-0.956;1;32.242;1;0;NaN;NaN
NED2003003_27;MFD_SETNO27;44.6365;57.845333;245491;25;11-mar-03;02:36:56;32.186;-1.31;4.6942;4.6942;1;-1.31;1;32.186;1;0;NaN;NaN
NED2003003_27;MFD_SETNO27;44.6365;57.845333;245490;37;11-mar-03;02:36:56;32.206;-1.265;4.8271;4.8271;1;-1.265;1;32.206;1;0;NaN;NaN
NED2003003_28;MFD_SETNO28;44.7;57.6445;245495;5;11-mar-03;04:15:18;32.207;-1.167;4.7239;4.7239;1;-1.167;1;32.207;1;0;NaN;NaN
NED2003003_28;MFD_SETNO28;44.7;57.6445;245494;25;11-mar-03;04:15:18;32.236;-0.993;4.7307;4.7307;1;-0.993;1;32.236;1;0;NaN;NaN
NED2003003_28;MFD_SETNO28;44.7;57.6445;245493;34;11-mar-03;04:15:18;32.237;-0.975;4.8133;4.8133;1;-0.975;1;32.237;1;0;NaN;NaN
NED2003003_29;MFD_SETNO29;44.7795;57.29;245499;5;11-mar-03;07:01:43;32.127;-1.532;4.7376;4.7376;1;-1.532;1;32.127;1;0;NaN;NaN
NED2003003_29;MFD_SETNO29;44.7795;57.29;245498;25;11-mar-03;07:01:43;34.904;4.437;3.7851;3.7851;1;4.437;1;34.904;7;512;NaN;NaN
NED2003003_29;MFD_SETNO29;44.7795;57.29;245497;50;11-mar-03;07:01:43;32.206;-1.185;4.5733;4.5733;1;-1.185;1;32.206;7;512;NaN;NaN
NED2003003_29;MFD_SETNO29;44.7795;57.29;245496;362;11-mar-03;07:01:43;32.207;-1.168;4.707;4.707;1;-1.168;1;32.207;1;0;NaN;NaN
NED2003003_30;MFD_SETNO30;44.5325;57.0255;256803;5;11-mar-03;10:40:57;32.56;-0.913;4.7577;4.7577;1;-0.913;1;32.56;1;0;NaN;NaN
NED2003003_30;MFD_SETNO30;44.5325;57.0255;256802;25;11-mar-03;10:40:57;34.843;5.014;3.4459;3.4459;1;5.014;1;34.843;7;512;NaN;NaN
NED2003003_30;MFD_SETNO30;44.5325;57.0255;256801;50;11-mar-03;10:40:57;32.109;1.033;4.4688;4.4688;1;1.033;1;32.109;7;512;NaN;NaN
NED2003003_30;MFD_SETNO30;44.5325;57.0255;245500;367;11-mar-03;10:40:57;32.168;1.46;4.6159;4.6159;1;1.46;1;32.168;1;0;NaN;NaN
NED2003003_31;MFD_SETNO31;44.6555;57.262833;256807;2;11-mar-03;16:02:57;32.508;-1.058;4.687;4.687;1;-1.058;1;32.508;1;0;NaN;NaN
NED2003003_31;MFD_SETNO31;44.6555;57.262833;256806;25;11-mar-03;16:02:57;34.699;7.139;3.2243;3.2243;1;7.139;1;34.699;1;0;NaN;NaN
NED2003003_31;MFD_SETNO31;44.6555;57.262833;256805;50;11-mar-03;16:02:57;32.398;-1.25;4.6295;4.6295;1;-1.25;1;32.398;1;0;NaN;NaN
NED2003003_31;MFD_SETNO31;44.6555;57.262833;256804;235;11-mar-03;16:02:57;32.399;-1.213;4.7001;4.7001;1;-1.213;1;32.399;1;0;NaN;NaN
NED2003003_34;MFD_SETNO34;44.363667;57.5565;256811;5;11-mar-03;23:13:19;32.396;-1.151;4.7855;4.7855;1;-1.151;1;32.396;1;0;NaN;NaN
NED2003003_34;MFD_SETNO34;44.363667;57.5565;256810;25;11-mar-03;23:13:19;32.737;0.171;4.6374;4.6374;1;0.171;1;32.737;1;0;NaN;NaN
NED2003003_34;MFD_SETNO34;44.363667;57.5565;256809;50;11-mar-03;23:13:19;32.224;-1.448;4.4189;4.4189;1;-1.448;1;32.224;1;0;NaN;NaN
NED2003003_34;MFD_SETNO34;44.363667;57.5565;256808;147;11-mar-03;23:13:19;32.29;-1.339;4.6452;4.6452;1;-1.339;1;32.29;1;0;NaN;NaN
NED2003003_36;MFD_SETNO36;44.374167;57.710333;256814;25;12-mar-03;01:46:54;32.646;-0.082;4.5236;4.5236;1;-0.082;1;32.646;1;0;NaN;NaN
NED2003003_36;MFD_SETNO36;44.374167;57.710333;256813;50;12-mar-03;01:46:54;32.27;-1.287;4.6379;4.6379;1;-1.287;1;32.27;1;0;NaN;NaN
NED2003003_36;MFD_SETNO37;44.251667;58.220833;256815;91;12-mar-03;05:14:29;32.295;-1.193;4.6883;4.6883;1;-1.193;1;32.295;1;0;NaN;NaN
NED2003003_36;MFD_SETNO36;44.374167;57.710333;256812;109;12-mar-03;01:46:54;32.294;-1.227;4.7566;4.7566;1;-1.227;1;32.294;1;0;NaN;NaN
NED2003003_37;MFD_SETNO37;44.251667;58.220833;256818;5;12-mar-03;05:14:29;32.504;-1.199;32.505;32.505;4;-1.199;1;32.504;7;518;NaN;NaN
NED2003003_37;MFD_SETNO37;44.251667;58.220833;256817;25;12-mar-03;05:14:29;4.5763;8.2725;1.26533002066116;1.26533002066116;1;8.2725;1;4.5763;7;512;NaN;NaN
NED2003003_37;MFD_SETNO37;44.251667;58.220833;256816;50;12-mar-03;05:14:29;32.294;-1.194;4.6469;4.6469;1;-1.194;1;32.294;1;0;NaN;NaN
NED2003003_38;MFD_SETNO38;44.176667;58.243333;256822;5;12-mar-03;06:50:53;34.018;5.129;4.227;4.227;1;5.129;1;34.018;1;0;NaN;NaN
NED2003003_38;MFD_SETNO38;44.176667;58.243333;256821;25;12-mar-03;06:50:53;32.36;-0.956;4.5437;4.5437;1;-0.956;1;32.36;1;0;NaN;NaN
NED2003003_38;MFD_SETNO38;44.176667;58.243333;256820;50;12-mar-03;06:50:53;32.369;-0.934;4.6446;4.6446;1;-0.934;1;32.369;1;0;NaN;NaN
NED2003003_38;MFD_SETNO38;44.176667;58.243333;256819;170;12-mar-03;06:50:53;32.384;-0.848;4.6883;4.6883;1;-0.848;1;32.384;1;0;NaN;NaN
NED2003003_39;MFD_SETNO39;44.221;58.4475;256826;5;12-mar-03;09:07:17;34.527;6.451;3.6026;3.6026;1;6.451;1;34.527;7;512;NaN;NaN
NED2003003_39;MFD_SETNO39;44.221;58.4475;256825;25;12-mar-03;09:07:17;32.341;-1.052;4.6971;4.6971;1;-1.052;1;32.341;7;512;NaN;NaN
NED2003003_39;MFD_SETNO39;44.221;58.4475;256824;50;12-mar-03;09:07:17;32.341;-1.051;4.8465;4.8465;1;-1.051;1;32.341;1;0;NaN;NaN
NED2003003_39;MFD_SETNO39;44.221;58.4475;256823;200;12-mar-03;09:07:17;32.415;-0.918;4.8645;4.8645;1;-0.918;1;32.415;1;0;NaN;NaN
NED2003003_40;MFD_SETNO40;44.166667;58.606167;256830;5;12-mar-03;11:00:11;32.525;-0.463;4.7486;4.7486;1;-0.463;1;32.525;1;0;NaN;NaN
NED2003003_40;MFD_SETNO40;44.166667;58.606167;256829;25;12-mar-03;11:00:11;31.825;-0.619;5.0064;5.0064;1;-0.619;1;31.825;1;0;NaN;NaN
NED2003003_40;MFD_SETNO40;44.166667;58.606167;256828;50;12-mar-03;11:00:11;31.935;-0.504;5.0234;5.0234;1;-0.504;1;31.935;1;0;NaN;NaN
NED2003003_40;MFD_SETNO40;44.166667;58.606167;256827;77;12-mar-03;11:00:11;32.158;0.192;4.9651;4.9651;1;0.192;1;32.158;1;0;NaN;NaN
NED2003003_41;MFD_SETNO41;44.115833;58.4855;256834;5;12-mar-03;12:39:21;32.806;0.523;4.6158;4.6158;1;0.523;1;32.806;1;0;NaN;NaN
NED2003003_41;MFD_SETNO41;44.115833;58.4855;256833;25;12-mar-03;12:39:21;32.249;-0.796;4.6297;4.6297;1;-0.796;1;32.249;1;0;NaN;NaN
NED2003003_41;MFD_SETNO41;44.115833;58.4855;256832;50;12-mar-03;12:39:21;32.256;-0.776;4.7472;4.7472;1;-0.776;1;32.256;1;0;NaN;NaN
NED2003003_41;MFD_SETNO41;44.115833;58.4855;256831;115;12-mar-03;12:39:21;32.478;-0.559;4.7781;4.7781;1;-0.559;1;32.478;1;0;NaN;NaN
NED2003003_42;MFD_SETNO42;44.059833;58.450333;256838;5;12-mar-03;14:08:36;34.875;5.756;3.3537;3.3537;1;5.756;1;34.875;7;512;NaN;NaN
NED2003003_42;MFD_SETNO42;44.059833;58.450333;256837;25;12-mar-03;14:08:36;32.406;-0.772;4.5647;4.5647;1;-0.772;1;32.406;7;512;NaN;NaN
NED2003003_42;MFD_SETNO42;44.059833;58.450333;256836;50;12-mar-03;14:08:36;32.466;-0.708;4.652;4.652;1;-0.708;1;32.466;1;0;NaN;NaN
NED2003003_42;MFD_SETNO42;44.059833;58.450333;256835;351;12-mar-03;14:08:36;32.507;-0.64;4.688;4.688;1;-0.64;1;32.507;1;0;NaN;NaN
NED2003003_43;MFD_SETNO43;43.992;58.600333;256842;5;12-mar-03;16:03:17;34.772;7.183;3.4216;3.4216;1;7.183;1;34.772;7;512;NaN;NaN
NED2003003_43;MFD_SETNO43;43.992;58.600333;256841;25;12-mar-03;16:03:17;32.579;-0.527;4.5676;4.5676;1;-0.527;1;32.579;7;512;NaN;NaN
NED2003003_43;MFD_SETNO43;43.992;58.600333;256840;50;12-mar-03;16:03:17;32.588;-0.512;4.666;4.666;1;-0.512;1;32.588;1;0;NaN;NaN
NED2003003_43;MFD_SETNO43;43.992;58.600333;256839;206;12-mar-03;16:03:17;32.594;-0.501;4.7085;4.7085;1;-0.501;1;32.594;1;0;NaN;NaN
NED2003003_44;MFD_SETNO44;43.772667;59.128;256846;5;12-mar-03;19:49:47;33.247;2.862;4.3857;4.3857;1;2.862;1;33.247;1;0;NaN;NaN
NED2003003_44;MFD_SETNO44;43.772667;59.128;256845;25;12-mar-03;19:49:47;32.56;-0.335;4.4998;4.4998;1;-0.335;1;32.56;1;0;NaN;NaN
NED2003003_44;MFD_SETNO44;43.772667;59.128;256844;50;12-mar-03;19:49:47;32.564;-0.367;4.6896;4.6896;1;-0.367;1;32.564;1;0;NaN;NaN
NED2003003_44;MFD_SETNO44;43.772667;59.128;256843;119;12-mar-03;19:49:47;32.599;-0.448;4.7125;4.7125;1;-0.448;1;32.599;1;0;NaN;NaN
NED2003003_45;MFD_SETNO45;44.211833;59.336333;256850;5;12-mar-03;23:34:41;34.782;5.54;3.4572;3.4572;1;5.54;1;34.782;7;512;NaN;NaN
NED2003003_45;MFD_SETNO45;44.211833;59.336333;256849;25;12-mar-03;23:34:41;32.213;0.005;4.4862;4.4862;1;0.005;1;32.213;7;512;NaN;NaN
NED2003003_45;MFD_SETNO45;44.211833;59.336333;256848;50;12-mar-03;23:34:41;32.243;-0.185;4.6085;4.6085;1;-0.185;1;32.243;1;0;NaN;NaN
NED2003003_45;MFD_SETNO45;44.211833;59.336333;256847;250;12-mar-03;23:34:41;32.528;-0.363;4.6494;4.6494;1;-0.363;1;32.528;1;0;NaN;NaN
NED2003003_46;MFD_SETNO46;44.2855;59.202667;256854;5;13-mar-03;02:12:19;34.039;5.558;3.7591;3.7591;1;5.558;1;34.039;1;0;NaN;NaN
NED2003003_46;MFD_SETNO46;44.2855;59.202667;256853;25;13-mar-03;02:12:19;32.225;-0.063;4.5411;4.5411;1;-0.063;1;32.225;1;0;NaN;NaN
NED2003003_46;MFD_SETNO46;44.2855;59.202667;256852;50;13-mar-03;02:12:19;32.292;-0.337;4.5988;4.5988;1;-0.337;1;32.292;1;0;NaN;NaN
NED2003003_46;MFD_SETNO46;44.2855;59.202667;256851;177;13-mar-03;02:12:19;32.368;-0.573;4.6412;4.6412;1;-0.573;1;32.368;1;0;NaN;NaN
NED2003003_47;MFD_SETNO47;44.404333;58.769;256858;5;13-mar-03;05:01:26;32.238;-0.807;4.5312;4.5312;1;-0.807;1;32.238;1;0;NaN;NaN
NED2003003_47;MFD_SETNO47;44.404333;58.769;256857;25;13-mar-03;05:01:26;32.215;-0.383;4.2907;4.2907;1;-0.383;1;32.215;1;0;NaN;NaN
NED2003003_47;MFD_SETNO47;44.404333;58.769;256856;50;13-mar-03;05:01:26;32.219;-0.409;4.5026;4.5026;1;-0.409;1;32.219;1;0;NaN;NaN
NED2003003_47;MFD_SETNO47;44.404333;58.769;256855;64;13-mar-03;05:01:26;32.222;-0.399;4.5624;4.5624;1;-0.399;1;32.222;1;0;NaN;NaN
NED2003003_48;MFD_SETNO48;44.405667;59.011167;256862;5;13-mar-03;06:48:55;32.198;-0.626;4.6789;4.6789;1;-0.626;1;32.198;1;0;NaN;NaN
NED2003003_48;MFD_SETNO48;44.405667;59.011167;256861;25;13-mar-03;06:48:55;32.175;-0.81;4.6467;4.6467;1;-0.81;1;32.175;1;0;NaN;NaN
NED2003003_48;MFD_SETNO48;44.405667;59.011167;256860;50;13-mar-03;06:48:55;32.195;-0.811;4.4876;4.4876;1;-0.811;1;32.195;1;0;NaN;NaN
NED2003003_48;MFD_SETNO48;44.405667;59.011167;256859;62;13-mar-03;06:48:55;32.234;-0.81;4.5223;4.5223;1;-0.81;1;32.234;1;0;NaN;NaN
NED2003003_49;MFD_SETNO49;44.401;59.252;256866;5;13-mar-03;08:44:44;32.627;0.966;4.6141;4.6141;1;0.966;1;32.627;1;0;NaN;NaN
NED2003003_49;MFD_SETNO49;44.401;59.252;256865;25;13-mar-03;08:44:44;32.156;-0.696;4.4537;4.4537;1;-0.696;1;32.156;1;0;NaN;NaN
NED2003003_49;MFD_SETNO49;44.401;59.252;256864;50;13-mar-03;08:44:44;32.161;-0.669;4.6297;4.6297;1;-0.669;1;32.161;1;0;NaN;NaN
NED2003003_49;MFD_SETNO49;44.401;59.252;256863;103;13-mar-03;08:44:44;32.186;-0.636;4.6791;4.6791;1;-0.636;1;32.186;1;0;NaN;NaN
NED2003003_50;MFD_SETNO50;44.411333;59.412667;256870;5;13-mar-03;10:29:33;33.683;4.807;4.1301;4.1301;1;4.807;1;33.683;1;0;NaN;NaN
NED2003003_50;MFD_SETNO50;44.411333;59.412667;256869;25;13-mar-03;10:29:33;32.038;0.469;4.8709;4.8709;1;0.469;1;32.038;1;0;NaN;NaN
NED2003003_50;MFD_SETNO50;44.411333;59.412667;256868;50;13-mar-03;10:29:33;32.048;0.308;4.916;4.916;1;0.308;1;32.048;1;0;NaN;NaN
NED2003003_50;MFD_SETNO50;44.411333;59.412667;256867;137;13-mar-03;10:29:33;32.06;0.209;4.942;4.942;1;0.209;1;32.06;1;0;NaN;NaN
NED2003003_51;MFD_SETNO51;44.297;59.440167;256874;5;13-mar-03;12:22:04;34.436;5.863;3.556;3.556;1;5.863;1;34.436;7;512;NaN;NaN
NED2003003_51;MFD_SETNO51;44.297;59.440167;256873;25;13-mar-03;12:22:04;32.151;-0.473;4.579;4.579;1;-0.473;1;32.151;7;512;NaN;NaN
NED2003003_51;MFD_SETNO51;44.297;59.440167;256872;50;13-mar-03;12:22:04;32.197;-0.244;4.6464;4.6464;1;-0.244;1;32.197;1;0;NaN;NaN
NED2003003_51;MFD_SETNO51;44.297;59.440167;256871;225;13-mar-03;12:22:04;32.319;-0.57;4.6529;4.6529;1;-0.57;1;32.319;1;0;NaN;NaN
NED2003003_52;MFD_SETNO52;44.233167;59.616167;256878;5;13-mar-03;14:41:20;34.139;5.257;3.5456;3.5456;1;5.257;1;34.139;1;0;NaN;NaN
NED2003003_52;MFD_SETNO52;44.233167;59.616167;256877;25;13-mar-03;14:41:20;32.29;-0.517;4.6481;4.6481;1;-0.517;1;32.29;1;0;NaN;NaN
NED2003003_52;MFD_SETNO52;44.233167;59.616167;256876;50;13-mar-03;14:41:20;32.309;-0.544;4.7128;4.7128;1;-0.544;1;32.309;1;0;NaN;NaN
NED2003003_52;MFD_SETNO52;44.233167;59.616167;256875;226;13-mar-03;14:41:20;32.452;-0.44;4.7194;4.7194;1;-0.44;1;32.452;1;0;NaN;NaN
NED2003003_54;MFD_SETNO54;44.100833;59.9545;256882;5;13-mar-03;18:18:42;32.201;0.156;4.5097;4.5097;1;0.156;1;32.201;1;0;NaN;NaN
NED2003003_54;MFD_SETNO54;44.100833;59.9545;256881;25;13-mar-03;18:18:42;32.015;-0.793;4.5837;4.5837;1;-0.793;1;32.015;1;0;NaN;NaN
NED2003003_54;MFD_SETNO54;44.100833;59.9545;256880;50;13-mar-03;18:18:42;32.017;-0.809;4.6482;4.6482;1;-0.809;1;32.017;1;0;NaN;NaN
NED2003003_54;MFD_SETNO54;44.100833;59.9545;256879;68;13-mar-03;18:18:42;32.244;-0.159;4.7074;4.7074;1;-0.159;1;32.244;1;0;NaN;NaN
NED2003003_55;MFD_SETNO55;44.275167;60.087333;256886;5;13-mar-03;20:31:33;33.687;4.261;3.9832;3.9832;1;4.261;1;33.687;1;0;NaN;NaN
NED2003003_55;MFD_SETNO55;44.275167;60.087333;256885;25;13-mar-03;20:31:33;32.079;-0.251;4.3339;4.3339;1;-0.251;1;32.079;1;0;NaN;NaN
NED2003003_55;MFD_SETNO55;44.275167;60.087333;256884;50;13-mar-03;20:31:33;32.095;-0.174;4.5052;4.5052;1;-0.174;1;32.095;1;0;NaN;NaN
NED2003003_55;MFD_SETNO55;44.275167;60.087333;256883;127;13-mar-03;20:31:33;32.139;-0.006;4.5546;4.5546;1;-0.006;1;32.139;1;0;NaN;NaN
NED2003003_56;MFD_SETNO56;44.452833;60.123167;256890;5;13-mar-03;22:33:28;33.21;2.993;4.2713;4.2713;1;2.993;1;33.21;1;0;NaN;NaN
NED2003003_56;MFD_SETNO56;44.452833;60.123167;256889;25;13-mar-03;22:33:28;32.109;-0.247;3.6492;3.6492;1;-0.247;1;32.109;1;0;NaN;NaN
NED2003003_56;MFD_SETNO56;44.452833;60.123167;256888;50;13-mar-03;22:33:28;32.204;-0.241;4.7333;4.7333;1;-0.241;1;32.204;1;0;NaN;NaN
NED2003003_56;MFD_SETNO56;44.452833;60.123167;256887;113;13-mar-03;22:33:28;32.374;-0.088;4.75;4.75;1;-0.088;1;32.374;1;0;NaN;NaN
NED2003003_57;MFD_SETNO57;44.295667;60.258167;256894;5;14-mar-03;00:46:53;33.448;3.707;3.967;3.967;1;3.707;1;33.448;1;0;NaN;NaN
NED2003003_57;MFD_SETNO57;44.295667;60.258167;256893;25;14-mar-03;00:46:53;31.991;-0.539;4.5908;4.5908;1;-0.539;1;31.991;1;0;NaN;NaN
NED2003003_57;MFD_SETNO57;44.295667;60.258167;256892;50;14-mar-03;00:46:53;32.003;-0.522;4.7147;4.7147;1;-0.522;1;32.003;1;0;NaN;NaN
NED2003003_57;MFD_SETNO57;44.295667;60.258167;256891;141;14-mar-03;00:46:53;32.113;-0.517;4.7289;4.7289;1;-0.517;1;32.113;1;0;NaN;NaN
NED2003003_58;MFD_SETNO58;44.165667;60.267667;256898;5;14-mar-03;02:57:25;33.54;3.907;3.7725;3.7725;1;3.907;1;33.54;1;0;NaN;NaN
NED2003003_58;MFD_SETNO58;44.165667;60.267667;256897;25;14-mar-03;02:57:25;32.035;-0.54;4.5174;4.5174;1;-0.54;1;32.035;1;0;NaN;NaN
NED2003003_58;MFD_SETNO58;44.165667;60.267667;256896;50;14-mar-03;02:57:25;32.039;-0.583;4.6276;4.6276;1;-0.583;1;32.039;1;0;NaN;NaN
NED2003003_58;MFD_SETNO58;44.165667;60.267667;256895;163;14-mar-03;02:57:25;32.054;-0.575;4.6543;4.6543;1;-0.575;1;32.054;1;0;NaN;NaN
NED2003003_59;MFD_SETNO59;44.268833;60.552167;256902;5;14-mar-03;05:05:09;32.736;2.007;4.1104;4.1104;1;2.007;1;32.736;1;0;NaN;NaN
NED2003003_59;MFD_SETNO59;44.268833;60.552167;256901;25;14-mar-03;05:05:09;32.045;-0.524;4.357;4.357;1;-0.524;1;32.045;1;0;NaN;NaN
NED2003003_59;MFD_SETNO59;44.268833;60.552167;256900;50;14-mar-03;05:05:09;32.049;-0.419;4.5525;4.5525;1;-0.419;1;32.049;1;0;NaN;NaN
NED2003003_59;MFD_SETNO59;44.268833;60.552167;256899;131;14-mar-03;05:05:09;32.116;-0.204;4.6095;4.6095;1;-0.204;1;32.116;1;0;NaN;NaN
NED2003003_60;MFD_SETNO60;44.2786;60.9673;256903;5;14-mar-03;08:15:00;32.12;-1.436;4.6703;4.6703;1;-1.436;1;32.12;1;0;NaN;NaN
NED2003003_60;MFD_SETNO60;44.2786;60.9673;256904;25;14-mar-03;08:15:00;31.577;-1.451;4.6187;4.6187;1;-1.451;1;31.577;1;0;NaN;NaN
NED2003003_60;MFD_SETNO60;44.2786;60.9673;256905;50;14-mar-03;08:15:00;31.573;-1.456;2.409;2.409;1;-1.456;1;31.573;1;0;NaN;NaN
NED2003003_60;MFD_SETNO60;44.2786;60.9673;256906;77;14-mar-03;08:15:00;NaN;NaN;NaN;NaN;9;NaN;9;NaN;9;0;NaN;NaN
NED2003003_61;MFD_SETNO61;44.166;61.182167;256910;5;14-mar-03;10:11:03;33.633;6.902;4.2178;4.2178;1;6.902;1;33.633;1;0;NaN;NaN
NED2003003_61;MFD_SETNO61;44.166;61.182167;256909;25;14-mar-03;10:11:03;NaN;NaN;NaN;NaN;9;NaN;9;NaN;9;0;NaN;NaN
NED2003003_61;MFD_SETNO61;44.166;61.182167;256908;50;14-mar-03;10:11:03;NaN;NaN;NaN;NaN;9;NaN;9;NaN;9;0;NaN;NaN
NED2003003_61;MFD_SETNO61;44.166;61.182167;256907;73;14-mar-03;10:11:03;NaN;NaN;NaN;NaN;9;NaN;9;NaN;9;0;NaN;NaN
NED2003003_62;MFD_SETNO62;43.997167;61.652;256914;5;14-mar-03;13:02:49;33.565;6.393;4.0167;4.0167;1;6.393;1;33.565;1;0;NaN;NaN
NED2003003_62;MFD_SETNO62;43.997167;61.652;256913;25;14-mar-03;13:02:49;31.96;0.467;4.5262;4.5262;1;0.467;1;31.96;1;0;NaN;NaN
NED2003003_62;MFD_SETNO62;43.997167;61.652;256912;50;14-mar-03;13:02:49;31.961;0.49;4.6668;4.6668;1;0.49;1;31.961;1;0;NaN;NaN
NED2003003_62;MFD_SETNO62;43.997167;61.652;256911;85;14-mar-03;13:02:49;32.202;1.929;4.7746;4.7746;1;1.929;1;32.202;1;0;NaN;NaN
NED2003003_63;MFD_SETNO63;43.9185;61.4185;256918;5;14-mar-03;15:00:19;32.266;1.964;4.7573;4.7573;1;1.964;1;32.266;1;0;NaN;NaN
NED2003003_63;MFD_SETNO63;43.9185;61.4185;256916;25;14-mar-03;15:00:19;32.329;1.987;4.6511;4.6511;1;1.987;1;32.329;1;0;NaN;NaN
NED2003003_63;MFD_SETNO63;43.9185;61.4185;256915;52;14-mar-03;15:00:19;32.39;2.291;4.6657;4.6657;1;2.291;1;32.39;1;0;NaN;NaN
NED2003003_63;MFD_SETNO63;43.9185;61.4185;256917;NaN;14-mar-03;15:00:19;32.326;1.978;4.6027;4.6027;1;1.978;1;32.326;1;0;NaN;NaN
NED2003003_64;MFD_SETNO64;43.9435;61.1835;256922;25;14-mar-03;17:17:10;32.265;1.948;4.5828;4.5828;1;1.948;1;32.265;1;0;NaN;NaN
NED2003003_64;MFD_SETNO64;43.9435;61.1835;256921;50;14-mar-03;17:17:10;32.265;1.943;4.668;4.668;1;1.943;1;32.265;1;0;NaN;NaN
NED2003003_64;MFD_SETNO64;43.9435;61.1835;256919;58;14-mar-03;17:17:10;32.264;1.941;4.7401;4.7401;1;1.941;1;32.264;1;0;NaN;NaN
NED2003003_65;MFD_SETNO65;44.025;60.856167;256925;5;14-mar-03;20:12:44;31.998;0.655;4.6268;4.6268;1;0.655;1;31.998;1;0;NaN;NaN
NED2003003_65;MFD_SETNO65;44.025;60.856167;256924;25;14-mar-03;20:12:44;32.057;0.922;4.651;4.651;1;0.922;1;32.057;1;0;NaN;NaN
NED2003003_65;MFD_SETNO65;44.025;60.856167;256923;37;14-mar-03;20:12:44;32.119;1.179;4.5937;4.5937;1;1.179;1;32.119;1;0;NaN;NaN
NED2003003_65;MFD_SETNO65;43.769667;61.059;256926;49;14-mar-03;22:48:39;31.883;-0.502;4.806;4.806;1;-0.502;1;31.883;1;0;NaN;NaN
NED2003003_66;MFD_SETNO66;43.769667;61.059;256929;5;14-mar-03;22:48:39;31.883;-0.51;4.6626;4.6626;1;-0.51;1;31.883;1;0;NaN;NaN
NED2003003_66;MFD_SETNO66;43.769667;61.059;256927;25;14-mar-03;22:48:39;31.882;-0.499;4.7789;4.7789;1;-0.499;1;31.882;1;0;NaN;NaN
NED2003003_68;MFD_SETNO68;43.717167;60.879667;256932;5;15-mar-03;01:36:39;32.223;1.56;4.7644;4.7644;1;1.56;1;32.223;1;0;NaN;NaN
NED2003003_68;MFD_SETNO68;43.717167;60.879667;256931;25;15-mar-03;01:36:39;32.22;1.565;4.8598;4.8598;1;1.565;1;32.22;1;0;NaN;NaN
NED2003003_68;MFD_SETNO68;43.717167;60.879667;256930;43;15-mar-03;01:36:39;32.219;1.571;4.8862;4.8862;1;1.571;1;32.219;1;0;NaN;NaN
NED2003003_71;MFD_SETNO71;43.732;59.717;256935;5;15-mar-03;21:54:36;31.798;-1.434;4.6155;4.6155;1;-1.434;1;31.798;1;0;NaN;NaN
NED2003003_71;MFD_SETNO71;43.732;59.717;256934;25;15-mar-03;21:54:36;31.798;-1.444;4.7265;4.7265;1;-1.444;1;31.798;1;0;NaN;NaN
NED2003003_71;MFD_SETNO71;43.732;59.717;256933;72;15-mar-03;21:54:36;31.86;-0.852;4.7858;4.7858;1;-0.852;1;31.86;1;0;NaN;NaN
NED2003003_72;MFD_SETNO72;43.591833;59.744833;256939;5;15-mar-03;23:38:05;34.97;7.079;3.0226;3.0226;1;7.079;1;34.97;7;512;NaN;NaN
NED2003003_72;MFD_SETNO72;43.591833;59.744833;256938;25;15-mar-03;23:38:05;32.197;-0.165;4.9302;4.9302;1;-0.165;1;32.197;7;512;NaN;NaN
NED2003003_72;MFD_SETNO72;43.591833;59.744833;256937;50;15-mar-03;23:38:05;32.198;-0.158;4.9684;4.9684;1;-0.158;1;32.198;1;0;NaN;NaN
NED2003003_72;MFD_SETNO72;43.591833;59.744833;256936;314;15-mar-03;23:38:05;32.337;0.1;4.8665;4.8665;1;0.1;1;32.337;1;0;NaN;NaN
NED2003003_73;MFD_SETNO73;43.5635;59.987833;256943;5;16-mar-03;06:52:02;34.382;7.09;3.7145;3.7145;1;7.09;1;34.382;7;512;NaN;NaN
NED2003003_73;MFD_SETNO73;43.5635;59.987833;256942;25;16-mar-03;06:52:02;32.32;-0.361;4.841;4.841;1;-0.361;1;32.32;7;512;NaN;NaN
NED2003003_73;MFD_SETNO73;43.5635;59.987833;256941;50;16-mar-03;06:52:02;32.321;-0.357;4.8859;4.8859;1;-0.357;1;32.321;1;0;NaN;NaN
NED2003003_73;MFD_SETNO73;43.5635;59.987833;256940;185;16-mar-03;06:52:02;32.523;-0.22;4.8897;4.8897;1;-0.22;1;32.523;1;0;NaN;NaN
NED2003003_74;MFD_SETNO74;43.468833;60.131833;256947;5;16-mar-03;09:10:41;34.821;7.998;3.3517;3.3517;1;7.998;1;34.821;7;512;NaN;NaN
NED2003003_74;MFD_SETNO74;43.468833;60.131833;256946;25;16-mar-03;09:10:41;32.223;-0.185;4.5896;4.5896;1;-0.185;1;32.223;7;512;NaN;NaN
NED2003003_74;MFD_SETNO74;43.468833;60.131833;256945;50;16-mar-03;09:10:41;32.227;-0.172;4.7663;4.7663;1;-0.172;1;32.227;1;0;NaN;NaN
NED2003003_74;MFD_SETNO74;43.468833;60.131833;256944;235;16-mar-03;09:10:41;32.35;-0.007;4.7635;4.7635;1;-0.007;1;32.35;1;0;NaN;NaN
NED2003003_75;MFD_SETNO75;43.4665;60.251167;256951;5;16-mar-03;11:03:46;34.403;7.51;3.9658;3.9658;1;7.51;1;34.403;7;512;NaN;NaN
NED2003003_75;MFD_SETNO75;43.4665;60.251167;256950;25;16-mar-03;11:03:46;32.32;-0.203;4.8715;4.8715;1;-0.203;1;32.32;7;512;NaN;NaN
NED2003003_75;MFD_SETNO75;43.4665;60.251167;256949;50;16-mar-03;11:03:46;32.323;-0.198;5.0411;5.0411;1;-0.198;1;32.323;1;0;NaN;NaN
NED2003003_75;MFD_SETNO75;43.4665;60.251167;256948;152;16-mar-03;11:03:46;32.606;0.879;5.0796;5.0796;1;0.879;1;32.606;1;0;NaN;NaN
NED2003003_76;MFD_SETNO76;43.695667;60.002333;256954;5;16-mar-03;13:52:03;32.214;-0.224;5.0282;5.0282;1;-0.224;1;32.214;1;0;NaN;NaN
NED2003003_76;MFD_SETNO76;43.695667;60.002333;256953;25;16-mar-03;13:52:03;32.218;-0.224;5.0784;5.0784;1;-0.224;1;32.218;1;0;NaN;NaN
NED2003003_76;MFD_SETNO76;43.695667;60.002333;256952;64;16-mar-03;13:52:03;32.336;-0.253;5.05;5.05;1;-0.253;1;32.336;1;0;NaN;NaN
NED2003003_77;MFD_SETNO77;43.725333;60.101167;256957;5;16-mar-03;15:21:04;32.117;-0.159;4.9098;4.9098;1;-0.159;1;32.117;1;0;NaN;NaN
NED2003003_77;MFD_SETNO77;43.725333;60.101167;256956;25;16-mar-03;15:21:04;32.121;-0.183;4.9847;4.9847;1;-0.183;1;32.121;1;0;NaN;NaN
NED2003003_77;MFD_SETNO77;43.725333;60.101167;256955;56;16-mar-03;15:21:04;32.296;0.273;4.8505;4.8505;1;0.273;1;32.296;1;0;NaN;NaN
NED2003003_78;MFD_SETNO78;43.836;60.005667;256960;5;16-mar-03;16:50:18;32.038;-0.214;4.818;4.818;1;-0.214;1;32.038;1;0;NaN;NaN
NED2003003_78;MFD_SETNO78;43.836;60.005667;256959;25;16-mar-03;16:50:18;32.039;-0.258;4.9577;4.9577;1;-0.258;1;32.039;1;0;NaN;NaN
NED2003003_78;MFD_SETNO78;43.836;60.005667;256958;45;16-mar-03;16:50:18;32.126;-0.011;4.8609;4.8609;1;-0.011;1;32.126;1;0;NaN;NaN
NED2003003_79;MFD_SETNO79;43.81;60.527167;256963;5;16-mar-03;19:46:54;31.963;-0.263;4.902;4.902;1;-0.263;1;31.963;1;0;NaN;NaN
NED2003003_79;MFD_SETNO79;43.81;60.527167;256962;25;16-mar-03;19:46:54;31.966;-0.343;5.0705;5.0705;1;-0.343;1;31.966;1;0;NaN;NaN
NED2003003_79;MFD_SETNO79;43.81;60.527167;256961;48;16-mar-03;19:46:54;31.965;-0.379;5.1353;5.1353;1;-0.379;1;31.965;1;0;NaN;NaN
NED2003003_80;MFD_SETNO80;43.673667;60.637333;256966;5;16-mar-03;21:16:17;31.764;-1.557;4.7114;4.7114;1;-1.557;1;31.764;1;0;NaN;NaN
NED2003003_80;MFD_SETNO80;43.673667;60.637333;256965;25;16-mar-03;21:16:17;31.764;-1.57;4.7866;4.7866;1;-1.57;1;31.764;1;0;NaN;NaN
NED2003003_80;MFD_SETNO80;43.673667;60.637333;256964;60;16-mar-03;21:16:17;31.786;-1.385;4.821;4.821;1;-1.385;1;31.786;1;0;NaN;NaN
NED2003003_81;MFD_SETNO81;43.555667;60.7595;256969;5;16-mar-03;23:18:58;32.041;0.614;5.0351;5.0351;1;0.614;1;32.041;1;0;NaN;NaN
NED2003003_81;MFD_SETNO81;43.555667;60.7595;256968;25;16-mar-03;23:18:58;32.046;0.613;5.0888;5.0888;1;0.613;1;32.046;1;0;NaN;NaN
NED2003003_81;MFD_SETNO81;43.555667;60.7595;256967;61;16-mar-03;23:18:58;32.387;1.638;4.6925;4.6925;1;1.638;1;32.387;1;0;NaN;NaN
NED2003003_82;MFD_SETNO82;43.561833;60.473167;256972;5;17-mar-03;01:09:02;31.996;0.215;5.011;5.011;1;0.215;1;31.996;1;0;NaN;NaN
NED2003003_82;MFD_SETNO82;43.561833;60.473167;256971;25;17-mar-03;01:09:02;31.996;0.22;5.1571;5.1571;1;0.22;1;31.996;1;0;NaN;NaN
NED2003003_82;MFD_SETNO82;43.561833;60.473167;256970;68;17-mar-03;01:09:02;32.494;1.612;4.818;4.818;1;1.612;1;32.494;1;0;NaN;NaN
NED2003003_83;MFD_SETNO83;43.378333;60.643333;256976;1;17-mar-03;03:18:34;34.873;8.885;3.619;3.619;1;8.885;1;34.873;7;512;NaN;NaN
NED2003003_83;MFD_SETNO83;43.378333;60.643333;256975;25;17-mar-03;03:18:34;32.074;-0.104;4.9173;4.9173;1;-0.104;1;32.074;7;512;NaN;NaN
NED2003003_83;MFD_SETNO83;43.378333;60.643333;256974;50;17-mar-03;03:18:34;32.083;-0.095;5.1155;5.1155;1;-0.095;1;32.083;1;0;NaN;NaN
NED2003003_83;MFD_SETNO83;43.378333;60.643333;256973;167;17-mar-03;03:18:34;32.479;1.01;4.7729;4.7729;1;1.01;1;32.479;1;0;NaN;NaN
NED2003003_84;MFD_SETNO84;43.475833;60.844667;256980;5;17-mar-03;05:23:27;32.621;1.898;4.6754;4.6754;1;1.898;1;32.621;1;0;NaN;NaN
NED2003003_84;MFD_SETNO84;43.475833;60.844667;256979;25;17-mar-03;05:23:27;32.242;-0.083;4.9797;4.9797;1;-0.083;1;32.242;1;0;NaN;NaN
NED2003003_84;MFD_SETNO84;43.475833;60.844667;256978;50;17-mar-03;05:23:27;32.273;-0.01;5.0897;5.0897;1;-0.01;1;32.273;1;0;NaN;NaN
NED2003003_84;MFD_SETNO84;43.475833;60.844667;256977;72;17-mar-03;05:23:27;32.379;0.151;5.0471;5.0471;1;0.151;1;32.379;1;0;NaN;NaN
NED2003003_85;MFD_SETNO85;43.526333;60.987333;256983;5;17-mar-03;06:39:43;32.051;0.134;4.8884;4.8884;1;0.134;1;32.051;1;0;NaN;NaN
NED2003003_85;MFD_SETNO85;43.526333;60.987333;256982;25;17-mar-03;06:39:43;32.052;0.138;5.078;5.078;1;0.138;1;32.052;1;0;NaN;NaN
NED2003003_85;MFD_SETNO85;43.526333;60.987333;256981;70;17-mar-03;06:39:43;32.521;1.559;4.8551;4.8551;1;1.559;1;32.521;1;0;NaN;NaN
NED2003003_86;MFD_SETNO86;43.6175;60.986;256986;5;17-mar-03;08:20:32;32.061;0.793;5.0257;5.0257;1;0.793;1;32.061;1;0;NaN;NaN
NED2003003_86;MFD_SETNO86;43.6175;60.986;256985;25;17-mar-03;08:20:32;32.062;0.799;5.1715;5.1715;1;0.799;1;32.062;1;0;NaN;NaN
NED2003003_86;MFD_SETNO86;43.6175;60.986;256984;61;17-mar-03;08:20:32;32.233;1.632;5.1973;5.1973;1;1.632;1;32.233;1;0;NaN;NaN
NED2003003_87;MFD_SETNO87;43.568;61.176;256989;5;17-mar-03;09:44:15;32.082;0.891;4.997;4.997;1;0.891;1;32.082;1;0;NaN;NaN
NED2003003_87;MFD_SETNO87;43.568;61.176;256988;25;17-mar-03;09:44:15;32.098;0.957;5.1496;5.1496;1;0.957;1;32.098;1;0;NaN;NaN
NED2003003_87;MFD_SETNO87;43.568;61.176;256987;59;17-mar-03;09:44:15;32.206;1.621;5.1416;5.1416;1;1.621;1;32.206;1;0;NaN;NaN
NED2003003_88;MFD_SETNO88;43.6175;61.327167;256992;5;17-mar-03;11:31:23;32.235;1.763;4.8694;4.8694;1;1.763;1;32.235;1;0;NaN;NaN
NED2003003_88;MFD_SETNO88;43.6175;61.327167;256991;25;17-mar-03;11:31:23;32.235;1.762;4.9753;4.9753;1;1.762;1;32.235;1;0;NaN;NaN
NED2003003_88;MFD_SETNO88;43.6175;61.327167;256990;56;17-mar-03;11:31:23;32.236;1.757;5.0282;5.0282;1;1.757;1;32.236;1;0;NaN;NaN
NED2003003_89;MFD_SETNO89;43.457;61.391667;256996;5;17-mar-03;13:13:42;32.633;2.976;4.489;4.489;1;2.976;1;32.633;1;0;NaN;NaN
NED2003003_89;MFD_SETNO89;43.457;61.391667;256995;25;17-mar-03;13:13:42;32.119;1.19;4.8927;4.8927;1;1.19;1;32.119;1;0;NaN;NaN
NED2003003_89;MFD_SETNO89;43.457;61.391667;256994;50;17-mar-03;13:13:42;32.12;1.202;4.9788;4.9788;1;1.202;1;32.12;1;0;NaN;NaN
NED2003003_89;MFD_SETNO89;43.457;61.391667;256993;78;17-mar-03;13:13:42;32.118;1.171;5.0131;5.0131;1;1.171;1;32.118;1;0;NaN;NaN
NED2003003_90;MFD_SETNO90;43.433167;61.234667;256999;5;17-mar-03;14:39:40;31.746;-1.243;4.4989;4.4989;1;-1.243;1;31.746;1;0;NaN;NaN
NED2003003_90;MFD_SETNO90;43.433167;61.234667;256998;25;17-mar-03;14:39:40;31.754;-1.154;4.6637;4.6637;1;-1.154;1;31.754;1;0;NaN;NaN
NED2003003_90;MFD_SETNO90;43.433167;61.234667;256997;68;17-mar-03;14:39:40;31.834;-0.868;4.6983;4.6983;1;-0.868;1;31.834;1;0;NaN;NaN
NED2003003_91;MFD_SETNO91;43.3125;61.032;181010;1;17-mar-03;16:32:05;32.123;1.149;4.8113;4.8113;1;1.149;1;32.123;1;0;NaN;NaN
NED2003003_91;MFD_SETNO91;43.3125;61.032;181009;25;17-mar-03;16:32:05;32.18;1.481;4.8976;4.8976;1;1.481;1;32.18;1;0;NaN;NaN
NED2003003_91;MFD_SETNO91;43.3125;61.032;181008;50;17-mar-03;16:32:05;32.332;2.029;4.698;4.698;1;2.029;1;32.332;1;0;NaN;NaN
NED2003003_91;MFD_SETNO91;43.3125;61.032;257000;130;17-mar-03;16:32:05;32.174;0.284;4.9651;4.9651;1;0.284;1;32.174;1;0;NaN;NaN
NED2003003_92;MFD_SETNO92;43.269667;60.911333;181014;5;17-mar-03;19:21:00;34.981;7.742;3.0708;3.0708;1;7.742;1;34.981;1;0;NaN;NaN
NED2003003_92;MFD_SETNO92;43.269667;60.911333;181013;25;17-mar-03;19:21:00;33.693;5.82;4.5169;4.5169;1;5.82;1;33.693;1;0;NaN;NaN
NED2003003_92;MFD_SETNO92;43.269667;60.911333;181012;50;17-mar-03;19:21:00;32.037;0.47;4.7593;4.7593;1;0.47;1;32.037;1;0;NaN;NaN
NED2003003_92;MFD_SETNO92;43.269667;60.911333;181011;284;17-mar-03;19:21:00;32.126;0.274;5.0113;5.0113;1;0.274;1;32.126;1;0;NaN;NaN
NED2003003_93;MFD_SETNO93;43.302;61.172667;181018;5;17-mar-03;22:34:24;34.297;7.564;3.8026;3.8026;1;7.564;1;34.297;7;512;NaN;NaN
NED2003003_93;MFD_SETNO93;43.302;61.172667;181017;25;17-mar-03;22:34:24;32.231;0.199;5.0663;5.0663;1;0.199;1;32.231;7;512;NaN;NaN
NED2003003_93;MFD_SETNO93;43.302;61.172667;181016;50;17-mar-03;22:34:24;32.412;0.171;5.0855;5.0855;1;0.171;1;32.412;1;0;NaN;NaN
NED2003003_93;MFD_SETNO93;43.302;61.172667;181015;164;17-mar-03;22:34:24;32.662;0.875;4.9994;4.9994;1;0.875;1;32.662;1;0;NaN;NaN
NED2003003_94;MFD_SETNO94;43.338833;61.324167;181021;25;18-mar-03;01:03:47;32.129;0.36;4.8963;4.8963;1;0.36;1;32.129;1;0;NaN;NaN
NED2003003_94;MFD_SETNO94;43.338833;61.324167;181020;50;18-mar-03;01:03:47;32.199;0.227;4.9268;4.9268;1;0.227;1;32.199;1;0;NaN;NaN
NED2003003_94;MFD_SETNO94;43.338833;61.324167;181019;73;18-mar-03;01:03:47;32.521;0.629;4.7984;4.7984;1;0.629;1;32.521;1;0;NaN;NaN
NED2003003_95;MFD_SETNO95;43.0565;61.590333;181025;5;18-mar-03;04:38:39;34.995;7.89;2.7672;2.7672;1;7.89;1;34.995;7;512;NaN;NaN
NED2003003_95;MFD_SETNO95;43.0565;61.590333;181024;25;18-mar-03;04:38:39;32.092;0.607;4.9545;4.9545;1;0.607;1;32.092;7;512;NaN;NaN
NED2003003_95;MFD_SETNO95;43.0565;61.590333;181023;50;18-mar-03;04:38:39;32.126;1.083;5.085;5.085;1;1.083;1;32.126;1;0;NaN;NaN
NED2003003_95;MFD_SETNO95;43.0565;61.590333;181022;295;18-mar-03;04:38:39;32.83;3.142;4.5191;4.5191;1;3.142;1;32.83;1;0;NaN;NaN
NED2003003_96;MFD_SETNO96;43.063;61.817333;181029;1;18-mar-03;06:49:30;33.495;5.284;4.3288;4.3288;1;5.284;1;33.495;1;0;NaN;NaN
NED2003003_96;MFD_SETNO96;43.063;61.817333;181028;25;18-mar-03;06:49:30;32.203;0.819;4.6456;4.6456;1;0.819;1;32.203;1;0;NaN;NaN
NED2003003_96;MFD_SETNO96;43.063;61.817333;181027;50;18-mar-03;06:49:30;32.284;0.602;4.7385;4.7385;1;0.602;1;32.284;1;0;NaN;NaN
NED2003003_96;MFD_SETNO96;43.063;61.817333;181026;106;18-mar-03;06:49:30;32.344;0.668;4.7468;4.7468;1;0.668;1;32.344;1;0;NaN;NaN
NED2003003_97;MFD_SETNO97;43.147667;62.087667;181033;1;18-mar-03;08:53:57;33.42;5.364;4.6281;4.6281;1;5.364;1;33.42;1;0;NaN;NaN
NED2003003_97;MFD_SETNO97;43.147667;62.087667;181032;25;18-mar-03;08:53:57;32.147;0.841;4.8247;4.8247;1;0.841;1;32.147;1;0;NaN;NaN
NED2003003_97;MFD_SETNO97;43.147667;62.087667;181031;50;18-mar-03;08:53:57;32.23;0.806;5.0616;5.0616;1;0.806;1;32.23;1;0;NaN;NaN
NED2003003_97;MFD_SETNO97;43.147667;62.087667;181030;103;18-mar-03;08:53:57;32.52;1.303;4.9078;4.9078;1;1.303;1;32.52;1;0;NaN;NaN
NED2003003_98;MFD_SETNO98;43.319;61.708833;181037;5;18-mar-03;11:42:15;33.466;5.832;4.4352;4.4352;1;5.832;1;33.466;1;0;NaN;NaN
NED2003003_98;MFD_SETNO98;43.319;61.708833;181036;25;18-mar-03;11:42:15;32.251;1.236;4.901;4.901;1;1.236;1;32.251;1;0;NaN;NaN
NED2003003_98;MFD_SETNO98;43.319;61.708833;181035;50;18-mar-03;11:42:15;32.32;1.279;5.1216;5.1216;1;1.279;1;32.32;1;0;NaN;NaN
NED2003003_98;MFD_SETNO98;43.319;61.708833;181034;86;18-mar-03;11:42:15;32.546;1.908;5.0144;5.0144;1;1.908;1;32.546;1;0;NaN;NaN
NED2003003_99;MFD_SETNO99;43.4795;61.687167;181041;5;18-mar-03;13:25:15;33.012;4.417;4.5476;4.5476;1;4.417;1;33.012;1;0;NaN;NaN
NED2003003_99;MFD_SETNO99;43.4795;61.687167;181040;25;18-mar-03;13:25:15;32.148;1.278;5.1044;5.1044;1;1.278;1;32.148;1;0;NaN;NaN
NED2003003_99;MFD_SETNO99;43.4795;61.687167;181039;50;18-mar-03;13:25:15;32.211;1.202;5.0884;5.0884;1;1.202;1;32.211;1;0;NaN;NaN
NED2003003_99;MFD_SETNO99;43.4795;61.687167;181038;73;18-mar-03;13:25:15;32.449;2.484;4.9649;4.9649;1;2.484;1;32.449;1;0;NaN;NaN
NED2003003_100;MFD_SETNO100;43.391833;62.143833;181045;1;18-mar-03;15:49:54;33.564;6.02;4.8629;4.8629;1;6.02;1;33.564;1;0;NaN;NaN
NED2003003_100;MFD_SETNO100;43.391833;62.143833;181044;25;18-mar-03;15:49:54;34.642;9.554;4.0021;4.0021;1;9.554;1;34.642;7;512;NaN;NaN
NED2003003_100;MFD_SETNO100;43.391833;62.143833;181043;50;18-mar-03;15:49:54;31.715;-1.163;5.0494;5.0494;1;-1.163;1;31.715;7;512;NaN;NaN
NED2003003_100;MFD_SETNO100;43.391833;62.143833;181042;102;18-mar-03;15:49:54;31.746;-1.084;5.1396;5.1396;1;-1.084;1;31.746;1;0;NaN;NaN
NED2003003_101;MFD_SETNO101;43.518833;62.145167;181049;1;18-mar-03;18:05:10;33.273;4.959;4.991;4.991;1;4.959;1;33.273;1;0;NaN;NaN
NED2003003_101;MFD_SETNO101;43.518833;62.145167;181048;25;18-mar-03;18:05:10;34.662;9.559;4.002;4.002;1;9.559;1;34.662;1;0;NaN;NaN
NED2003003_101;MFD_SETNO101;43.518833;62.145167;181047;50;18-mar-03;18:05:10;32.358;1.389;4.9076;4.9076;1;1.389;1;32.358;1;0;NaN;NaN
NED2003003_101;MFD_SETNO101;43.518833;62.145167;181046;103;18-mar-03;18:05:10;32.369;1.373;5.1092;5.1092;1;1.373;1;32.369;1;0;NaN;NaN
NED2003003_102;MFD_SETNO102;43.561833;62.054167;181053;1;18-mar-03;19:20:44;33.037;4.416;5.1323;5.1323;1;4.416;1;33.037;1;0;NaN;NaN
NED2003003_102;MFD_SETNO102;43.561833;62.054167;181052;25;18-mar-03;19:20:44;34.429;8.947;4.0657;4.0657;1;8.947;1;34.429;1;0;NaN;NaN
NED2003003_102;MFD_SETNO102;43.561833;62.054167;181051;50;18-mar-03;19:20:44;32.4;1.492;5.2015;5.2015;1;1.492;1;32.4;1;0;NaN;NaN
NED2003003_102;MFD_SETNO102;43.561833;62.054167;181050;94;18-mar-03;19:20:44;32.421;1.496;5.2914;5.2914;1;1.496;1;32.421;1;0;NaN;NaN
NED2003003_104;MFD_SETNO104;43.650333;62.717333;181057;5;19-mar-03;21:17:08;31.936;0.45;4.8734;4.8734;1;0.45;1;31.936;1;0;NaN;NaN
NED2003003_104;MFD_SETNO104;43.650333;62.717333;181056;25;19-mar-03;21:17:08;34.981;9.854;3.0713;3.0713;1;9.854;1;34.981;7;512;NaN;NaN
NED2003003_104;MFD_SETNO104;43.650333;62.717333;181055;50;19-mar-03;21:17:08;32.422;1.953;5.0498;5.0498;1;1.953;1;32.422;7;512;NaN;NaN
NED2003003_104;MFD_SETNO104;43.650333;62.717333;181054;145;19-mar-03;21:17:08;32.423;1.952;5.1791;5.1791;1;1.952;1;32.423;1;0;NaN;NaN
NED2003003_105;MFD_SETNO105;43.514;62.868;181061;5;19-mar-03;23:24:03;31.827;0.108;5.1252;5.1252;1;0.108;1;31.827;1;0;NaN;NaN
NED2003003_105;MFD_SETNO105;43.514;62.868;181060;25;19-mar-03;23:24:03;34.961;9.879;3.3444;3.3444;1;9.879;1;34.961;7;512;NaN;NaN
NED2003003_105;MFD_SETNO105;43.514;62.868;181059;50;19-mar-03;23:24:03;31.919;0.407;4.7825;4.7825;1;0.407;1;31.919;7;512;NaN;NaN
NED2003003_105;MFD_SETNO105;43.514;62.868;181058;117;19-mar-03;23:24:03;31.921;0.419;4.859;4.859;1;0.419;1;31.921;1;0;NaN;NaN
NED2003003_106;MFD_SETNO106;43.423333;63.091167;181065;5;20-mar-03;01:34:19;32.033;0.56;4.8715;4.8715;1;0.56;1;32.033;1;0;NaN;NaN
NED2003003_106;MFD_SETNO106;43.423333;63.091167;181064;25;20-mar-03;01:34:19;35.055;10.568;3.4782;3.4782;1;10.568;1;35.055;7;512;NaN;NaN
NED2003003_106;MFD_SETNO106;43.423333;63.091167;181063;50;20-mar-03;01:34:19;31.824;0.076;5.0201;5.0201;1;0.076;1;31.824;7;512;NaN;NaN
NED2003003_106;MFD_SETNO106;43.423333;63.091167;181062;133;20-mar-03;01:34:19;31.822;0.087;5.0998;5.0998;1;0.087;1;31.822;1;0;NaN;NaN
NED2003003_107;MFD_SETNO107;43.39;62.834833;181069;5;20-mar-03;03:26:01;31.872;0.262;5.0292;5.0292;1;0.262;1;31.872;1;0;NaN;NaN
NED2003003_107;MFD_SETNO107;43.39;62.834833;181068;25;20-mar-03;03:26:01;34.646;9.411;3.5671;3.5671;1;9.411;1;34.646;7;512;NaN;NaN
NED2003003_107;MFD_SETNO107;43.39;62.834833;181067;50;20-mar-03;03:26:01;31.7;-0.391;4.8838;4.8838;1;-0.391;1;31.7;7;512;NaN;NaN
NED2003003_107;MFD_SETNO107;43.39;62.834833;181066;99;20-mar-03;03:26:01;31.72;-0.496;4.9868;4.9868;1;-0.496;1;31.72;1;0;NaN;NaN
NED2003003_108;MFD_SETNO108;43.348333;62.604;181073;5;20-mar-03;05:25:11;32.687;4.068;5.2422;5.2422;1;4.068;1;32.687;1;0;NaN;NaN
NED2003003_108;MFD_SETNO108;43.348333;62.604;181072;25;20-mar-03;05:25:11;34.566;9.592;3.6995;3.6995;1;9.592;1;34.566;7;512;NaN;NaN
NED2003003_108;MFD_SETNO108;43.348333;62.604;181071;50;20-mar-03;05:25:11;31.847;0.092;4.8555;4.8555;1;0.092;1;31.847;7;512;NaN;NaN
NED2003003_108;MFD_SETNO108;43.348333;62.604;181070;94;20-mar-03;05:25:11;31.847;0.1;4.9781;4.9781;1;0.1;1;31.847;1;0;NaN;NaN
NED2003003_109;MFD_SETNO109;42.988;62.978;181077;5;20-mar-03;08:08:11;33.039;4.429;4.9228;4.9228;1;4.429;1;33.039;1;0;NaN;NaN
NED2003003_109;MFD_SETNO109;42.988;62.978;181076;25;20-mar-03;08:08:11;34.895;10.326;3.6577;3.6577;1;10.326;1;34.895;7;512;NaN;NaN
NED2003003_109;MFD_SETNO109;42.988;62.978;181075;50;20-mar-03;08:08:11;32.064;0.879;4.8438;4.8438;1;0.879;1;32.064;7;512;NaN;NaN
NED2003003_109;MFD_SETNO109;42.988;62.978;181074;133;20-mar-03;08:08:11;32.071;0.961;5.0526;5.0526;1;0.961;1;32.071;1;0;NaN;NaN
NED2003003_110;MFD_SETNO110;43.111667;63.265667;181081;5;20-mar-03;10:38:08;31.888;0.349;5.135;5.135;1;0.349;1;31.888;1;0;NaN;NaN
NED2003003_110;MFD_SETNO110;43.111667;63.265667;181080;25;20-mar-03;10:38:08;35.115;10.264;3.3537;3.3537;1;10.264;1;35.115;7;512;NaN;NaN
NED2003003_110;MFD_SETNO110;43.111667;63.265667;181079;50;20-mar-03;10:38:08;31.72;-1.409;4.7678;4.7678;1;-1.409;1;31.72;7;512;NaN;NaN
NED2003003_110;MFD_SETNO110;43.111667;63.265667;181078;155;20-mar-03;10:38:08;32.682;0.823;4.3959;4.3959;1;0.823;1;32.682;1;0;NaN;NaN
NED2003003_112;MFD_SETNO112;44.2675;63.314667;181091;1;20-mar-03;17:07:48;31.391;-1.132;4.8914;4.8914;1;-1.132;1;31.391;1;0;NaN;NaN
NED2003003_112;MFD_SETNO112;44.2675;63.314667;181090;5;20-mar-03;17:07:48;31.395;-1.122;4.9436;4.9436;1;-1.122;1;31.395;1;0;NaN;NaN
NED2003003_112;MFD_SETNO112;44.2675;63.314667;181089;10;20-mar-03;17:07:48;31.437;-0.864;4.9667;4.9667;1;-0.864;1;31.437;1;0;NaN;NaN
NED2003003_112;MFD_SETNO112;44.2675;63.314667;181088;20;20-mar-03;17:07:48;31.45;-0.832;4.9458;4.9458;1;-0.832;1;31.45;1;0;NaN;NaN
NED2003003_112;MFD_SETNO112;44.2675;63.314667;181087;30;20-mar-03;17:07:48;31.454;-0.822;4.9511;4.9511;1;-0.822;1;31.454;1;0;NaN;NaN
NED2003003_112;MFD_SETNO112;44.2675;63.314667;181086;40;20-mar-03;17:07:48;31.816;-0.016;4.8914;4.8914;1;-0.016;1;31.816;1;0;NaN;NaN
NED2003003_112;MFD_SETNO112;44.2675;63.314667;181085;50;20-mar-03;17:07:48;32.019;-0.048;4.6855;4.6855;1;-0.048;1;32.019;1;0;NaN;NaN
NED2003003_112;MFD_SETNO112;44.2675;63.314667;181084;75;20-mar-03;17:07:48;33.269;4.761;3.9077;3.9077;1;4.761;1;33.269;1;0;NaN;NaN
NED2003003_112;MFD_SETNO112;44.2675;63.314667;181083;100;20-mar-03;17:07:48;31.264;-1.536;4.3398;4.3398;1;-1.536;1;31.264;1;0;NaN;NaN
NED2003003_112;MFD_SETNO112;44.2675;63.314667;181082;146;20-mar-03;17:07:48;31.283;-1.582;4.4504;4.4504;1;-1.582;1;31.283;1;0;NaN;NaN
