CTD;CTD;CTD;CTD;CTD;CTD;CTD;CTD;CTD;CTD;CTD;labo;labo;labo;labo;labo;labo;labo;labo;labo;labo;labo;labo;labo;calc;calc
Fichier;Station;Latitude;Longitude;Echantillon;zbouteille;Date;Heure;PSAL;TEMP_XX;DOXY;CHL_01;Q_CHL;PSAL_BS;Q_PSAL;OXY_03;Q_OXY;NOx_01;Q_NOX;PO4_01;Q_PO4;Si_01;Q_Si;QCFF;N_P;N_Si
(nom);(nom/no);(degres);(degres);(no_unique);(dbar);(jj-mmm-yyyy);(GMT);(psu);(celsius);(ml/l);(mg/m**3);((none));(PSU);((none));(ml/l);((none));(mmol/m**3);((none));(mmol/m**3);((none));(mmol/m**3);((none));((none));((none));((none))
TEL2004530_0;MFD_SETNO0;44.270117;63.3215;257822;3;18-jul-04;02:22:03;30.88;14.081;4.6223;0.258734496124031;1;30.886;1;7.344;7;0.0435;1;0.2965;1;1.0065;1;256;0.15;0.04
TEL2004530_0;MFD_SETNO0;44.270117;63.3215;257821;5;18-jul-04;02:22:03;30.88;14.086;4.6205;0.253852713178295;1;NaN;9;NaN;9;0.05;1;0.25;1;0.986;1;0;0.20;0.05
TEL2004530_0;MFD_SETNO0;44.270117;63.3215;257820;10;18-jul-04;02:22:03;30.886;14.001;4.622;0.253852713178295;1;NaN;9;NaN;9;0.035;1;0.24;1;0.966;1;0;0.15;0.04
TEL2004530_0;MFD_SETNO0;44.270117;63.3215;257819;20;18-jul-04;02:22:03;31.528;5.219;4.4228;0.649277131782946;1;NaN;9;NaN;9;0.054;1;0.3545;1;0.7685;1;0;0.15;0.07
TEL2004530_0;MFD_SETNO0;44.270117;63.3215;257818;30;18-jul-04;02:22:03;31.761;2.908;4.8469;1.30143895348837;1;NaN;9;NaN;9;0.271;1;0.409;1;0.694;1;0;0.66;0.39
TEL2004530_0;MFD_SETNO0;44.270117;63.3215;257817;40;18-jul-04;02:22:03;32.235;4.435;5.1753;1.71789941860465;1;32.204;1;9.154;3;0.0405;1;0.386;1;0.7005;1;16;0.10;0.06
TEL2004530_0;MFD_SETNO0;44.270117;63.3215;257816;50;18-jul-04;02:22:03;32.304;3.147;5.2876;1.71789941860465;1;NaN;9;NaN;9;0.034;1;0.4625;1;1.3895;1;0;0.07;0.02
TEL2004530_0;MFD_SETNO0;44.270117;63.3215;257815;75;18-jul-04;02:22:03;32.532;1.853;4.878;0.200774418604651;1;NaN;9;NaN;9;6.091;1;0.818;1;5.4025;1;0;7.45;1.13
TEL2004530_0;MFD_SETNO0;44.270117;63.3215;257814;100;18-jul-04;02:22:03;32.815;2.708;4.5923;0.0726941860465116;1;NaN;9;NaN;9;9.925;1;1.012;1;9.047;1;0;9.81;1.10
TEL2004530_0;MFD_SETNO0;44.270117;63.3215;257813;149;18-jul-04;02:22:03;33.781;6.023;3.4102;0.0190389534883721;1;33.783;1;5.055;7;15.2965;1;1.2525;1;14.833;1;256;12.21;1.03
TEL2004530_1;MFD_SETNO1;44.553133;62.290033;257826;5;18-jul-04;08:08:17;31.34;15.374;4.3884;0.244089147286822;1;31.546;7;6.169;7;0.0485;1;0.254;1;0.6345;1;256;0.19;0.08
TEL2004530_1;MFD_SETNO1;44.553133;62.290033;257825;25;18-jul-04;08:08:17;31.628;2.731;4.5478;0.541877906976744;1;NaN;9;NaN;9;0.788;1;0.4095;1;1.172;1;0;1.92;0.67
TEL2004530_1;MFD_SETNO1;44.553133;62.290033;257824;50;18-jul-04;08:08:17;32.179;2.696;5.0966;0.644395348837209;1;NaN;9;NaN;9;1.9955;1;0.6165;1;2.698;1;0;3.24;0.74
TEL2004530_1;MFD_SETNO1;44.553133;62.290033;257823;153;18-jul-04;08:08:17;34.311;7.732;2.8644;0.0242313953488372;1;34.286;1;3.3185;1;17.0905;1;1.353;1;20.3435;1;0;12.63;0.84
TEL2004530_2;MFD_SETNO2;44.699667;62.234067;257830;5;18-jul-04;10:00:37;30.954;15.07;4.5056;0.302670542635659;1;30.973;1;6.237;7;0.0015;1;0.241;1;0.8745;1;256;0.01;0.00
TEL2004530_2;MFD_SETNO2;44.699667;62.234067;257829;25;18-jul-04;10:00:37;31.433;5.124;4.6135;0.954388565891473;1;NaN;9;NaN;9;0.423;1;0.366;1;1.223;1;0;1.16;0.35
TEL2004530_2;MFD_SETNO2;44.699667;62.234067;257828;50;18-jul-04;10:00:37;31.703;1.902;4.8165;0.150580813953488;1;NaN;9;NaN;9;3.197;1;0.6535;1;3.3295;1;0;4.89;0.96
TEL2004530_2;MFD_SETNO2;44.699667;62.234067;257827;113;18-jul-04;10:00:37;32.75;2.508;4.5849;0.0900023255813954;1;32.765;1;6.498;7;9.0875;1;0.9955;1;10.5675;1;256;9.13;0.86
TEL2004530_3;MFD_SETNO3;44.443183;62.092467;257834;5;18-jul-04;13:16:17;31.561;15.507;4.2075;0.263616279069767;1;31.577;1;5.8645;7;0.0105;1;0.249;1;0.576;1;256;0.04;0.02
TEL2004530_3;MFD_SETNO3;44.443183;62.092467;257833;25;18-jul-04;13:16:17;31.73;5.668;4.6421;0.763510852713178;1;NaN;9;NaN;9;0.17;1;0.323;1;0.6845;1;0;0.53;0.25
TEL2004530_3;MFD_SETNO3;44.443183;62.092467;257832;50;18-jul-04;13:16:17;32.374;2.5;4.7023;1.07585620155039;1;NaN;9;NaN;9;2.7015;1;0.681;1;2.842;1;0;3.97;0.95
TEL2004530_3;MFD_SETNO3;44.443183;62.092467;257831;220;18-jul-04;13:16:17;34.845;9.391;1.9046;0.0103848837209302;1;34.852;1;2.5945;1;20.886;1;1.45;1;19.872;1;0;14.40;1.05
TEL2004530_4;MFD_SETNO4;44.0457;61.681217;257838;5;18-jul-04;17:19:24;31.83;16.24;4.2083;0.122887790697674;1;31.842;1;5.992;7;0.031;1;0.274;1;0.62;1;256;0.11;0.05
TEL2004530_4;MFD_SETNO4;44.0457;61.681217;257837;25;18-jul-04;17:19:24;32.227;7.811;4.3011;0.429596899224806;1;NaN;9;NaN;9;0.061;1;0.2905;1;0.5905;1;0;0.21;0.10
TEL2004530_4;MFD_SETNO4;44.0457;61.681217;257836;50;18-jul-04;17:19:24;32.512;2.517;4.8828;0.728805813953489;1;NaN;9;NaN;9;2.7655;1;0.627;1;2.15;1;0;4.41;1.29
TEL2004530_4;MFD_SETNO4;44.0457;61.681217;257835;119;18-jul-04;17:19:24;33.56;5.13;3.945;0.0225005813953488;1;33.561;1;5.2825;7;12.883;1;1.0435;1;10.033;1;256;12.35;1.28
TEL2004530_5;MFD_SETNO5;43.9191;61.65965;257842;5;18-jul-04;19:27:22;31.959;16.082;4.3118;0.152311627906977;1;31.98;1;6.101;7;0.0645;1;0.286;1;0.484;1;256;0.23;0.13
TEL2004530_5;MFD_SETNO5;43.9191;61.65965;257841;25;18-jul-04;19:27:22;32.105;7.025;4.7235;0.507705426356589;1;NaN;9;NaN;9;0.082;1;0.3005;1;0.83;1;0;0.27;0.10
TEL2004530_5;MFD_SETNO5;43.9191;61.65965;257840;50;18-jul-04;19:27:22;32.425;2.498;4.6936;0.366133720930232;1;NaN;9;NaN;9;3.4635;1;0.747;1;6.625;1;0;4.64;0.52
TEL2004530_5;MFD_SETNO5;43.9191;61.65965;257839;69;18-jul-04;19:27:22;32.516;2.337;4.8204;0.165980620155039;1;32.529;1;7.044;7;4.6115;1;0.805;1;6.739;1;256;5.73;0.68
TEL2004530_6;MFD_SETNO6;44.17495;61.376717;257846;5;18-jul-04;22:05:54;31.961;15.921;4.3273;0.133272674418605;1;32.018;1;6.0095;7;0.0075;1;0.304;1;0.5215;1;256;0.02;0.01
TEL2004530_6;MFD_SETNO6;44.17495;61.376717;257845;25;18-jul-04;22:05:54;32.14;7.351;4.5052;0.483296511627907;1;NaN;9;NaN;9;0.025;1;0.3305;1;1.079;1;0;0.08;0.02
TEL2004530_6;MFD_SETNO6;44.17495;61.376717;257844;50;18-jul-04;22:05:54;32.435;2.64;4.8535;0.884978488372093;1;NaN;9;NaN;9;2.305;1;0.66;1;3.567;1;0;3.49;0.65
TEL2004530_6;MFD_SETNO6;44.17495;61.376717;257843;128;18-jul-04;22:05:54;33.556;5.052;3.7731;0.027693023255814;1;33.568;1;5.17;7;14.3515;1;1.1695;1;13.6;1;256;12.27;1.06
TEL2004530_7;MFD_SETNO7;44.04825;60.9115;257849;5;19-jul-04;00:54:14;31.815;13.642;5.0168;0.502823643410853;1;31.81;1;6.653;7;0.011;1;0.3155;1;0.237;1;256;0.03;0.05
TEL2004530_7;MFD_SETNO7;44.04825;60.9115;257848;25;19-jul-04;00:54:14;31.958;8.801;4.6767;1.56172674418605;1;NaN;9;NaN;9;0.007;1;0.3665;1;0.447;1;0;0.02;0.02
TEL2004530_7;MFD_SETNO7;44.04825;60.9115;257847;42;19-jul-04;00:54:14;31.973;7.653;4.7953;1.00644612403101;1;31.966;1;7.111;7;0.184;1;0.4165;1;0.944;1;256;0.44;0.19
TEL2004530_8;MFD_SETNO8;44.130667;60.730517;257852;5;19-jul-04;03:19:25;31.712;13.22;4.641;0.27337984496124;1;31.739;1;6.038;7;0.002;1;0.2845;1;0.201;1;256;0.01;0.01
TEL2004530_8;MFD_SETNO8;44.130667;60.730517;257851;25;19-jul-04;03:19:25;31.913;7.631;4.593;1.00644612403101;1;NaN;9;NaN;9;0.1225;1;0.3685;1;0.6815;1;0;0.33;0.18
TEL2004530_8;MFD_SETNO8;44.130667;60.730517;257850;36;19-jul-04;03:19:25;31.9;5.618;4.9607;1.09320872093023;1;31.806;7;7.5645;7;0.144;1;0.389;1;0.907;1;256;0.37;0.16
TEL2004530_9;MFD_SETNO9;44.059333;60.497983;257855;5;19-jul-04;05:06:03;31.68;10.409;4.9917;1.0411511627907;1;31.674;1;6.6825;7;0.069;1;0.318;1;0.3545;1;256;0.22;0.19
TEL2004530_9;MFD_SETNO9;44.059333;60.497983;257854;25;19-jul-04;05:06:03;31.706;9.943;5.1093;1.0411511627907;1;NaN;9;NaN;9;0.158;1;0.353;1;0.955;1;0;0.45;0.17
TEL2004530_9;MFD_SETNO9;44.059333;60.497983;257853;36;19-jul-04;05:06:03;32.022;6.099;4.9513;1.07585620155039;1;31.924;7;7.099;7;0.997;1;0.448;1;1.714;1;256;2.23;0.58
TEL2004530_10;MFD_SETNO10;44.150017;60.363517;257859;5;19-jul-04;08:09:32;31.7;13.183;4.5466;0.331961240310078;1;31.465;7;6.0735;7;0.047;1;0.2565;1;0.1855;1;256;0.18;0.25
TEL2004530_10;MFD_SETNO10;44.150017;60.363517;257858;25;19-jul-04;08:09:32;32.129;6.412;4.3435;0.902331007751938;1;NaN;9;NaN;9;0.0435;1;0.346;1;0.6515;1;0;0.13;0.07
TEL2004530_10;MFD_SETNO10;44.150017;60.363517;257857;50;19-jul-04;08:09:32;32.43;2.298;4.4821;0.331961240310078;1;NaN;9;NaN;9;5.6925;1;0.845;1;5.718;1;0;6.74;1.00
TEL2004530_10;MFD_SETNO10;44.150017;60.363517;257856;92;19-jul-04;08:09:32;32.642;1.752;4.5907;0.0900023255813954;1;32.626;1;6.4525;7;8.083;1;0.9765;1;8.375;1;256;8.28;0.97
TEL2004530_11;MFD_SETNO11;44.407783;60.24615;257863;5;19-jul-04;10:28:42;31.004;14.108;5.1797;0.27337984496124;1;31.071;1;6.2325;7;0.0465;1;0.2375;1;0.6065;1;256;0.20;0.08
TEL2004530_11;MFD_SETNO11;44.407783;60.24615;257862;25;19-jul-04;10:28:42;31.942;4.115;4.4408;1.47496414728682;1;NaN;9;NaN;9;0.3325;1;0.4105;1;1.426;1;0;0.81;0.23
TEL2004530_11;MFD_SETNO11;44.407783;60.24615;257861;50;19-jul-04;10:28:42;32.085;1.492;4.6126;1.1973238372093;1;NaN;9;NaN;9;6.124;1;0.892;1;5.9785;1;0;6.87;1.02
TEL2004530_11;MFD_SETNO11;44.407783;60.24615;257860;79;19-jul-04;10:28:42;32.344;1.24;4.6716;0.34172480620155;1;32.332;1;6.5975;7;8.3295;1;1.001;1;8.0695;1;256;8.32;1.03
TEL2004530_12;MFD_SETNO12;44.52615;60.392083;257866;5;19-jul-04;12:15:04;30.943;14.544;4.887;0.278261627906977;1;31.201;7;6.0195;7;0.0855;1;0.229;1;0.4955;1;256;0.37;0.17
TEL2004530_12;MFD_SETNO12;44.52615;60.392083;257865;25;19-jul-04;12:15:04;31.684;5.392;4.6054;1.92284554263566;1;NaN;9;NaN;9;0.288;1;0.363;1;0.4825;1;0;0.79;0.60
TEL2004530_12;MFD_SETNO12;44.52615;60.392083;257864;47;19-jul-04;12:15:04;31.606;4.155;5.426;4.10553507751938;1;31.626;1;7.555;7;0.7155;1;0.413;1;0.807;1;256;1.73;0.89
TEL2004530_13;MFD_SETNO13;44.46685;60.5179;257869;5;19-jul-04;13:40:19;30.888;13.487;4.5957;0.419833333333333;1;31.229;7;6.2095;7;0.092;1;0.2145;1;0.2435;1;256;0.43;0.38
TEL2004530_13;MFD_SETNO13;44.46685;60.5179;257868;25;19-jul-04;13:40:19;31.852;6.635;4.5463;3.42994069767442;1;NaN;9;NaN;9;0.244;1;0.3675;1;0.458;1;0;0.66;0.53
TEL2004530_13;MFD_SETNO13;44.46685;60.5179;257867;31;19-jul-04;13:40:19;31.651;6.075;4.7321;4.05356627906977;1;31.495;7;7.2985;7;0.359;1;0.3805;1;1.5905;1;256;0.94;0.23
TEL2004530_14;MFD_SETNO14;44.43355;60.652917;257872;5;19-jul-04;15:28:41;31.12;14.201;4.5025;0.331961240310077;1;31.114;1;6.01;7;0.1155;1;0.2045;1;0.5335;1;256;0.56;0.22
TEL2004530_14;MFD_SETNO14;44.43355;60.652917;257871;25;19-jul-04;15:28:41;31.432;10.589;4.6094;1.37084903100775;1;NaN;9;NaN;9;0.18;1;0.298;1;2.5935;1;0;0.60;0.07
TEL2004530_14;MFD_SETNO14;44.43355;60.652917;257870;52;19-jul-04;15:28:41;32.235;1.647;4.822;0.590695736434108;1;32.133;7;7.0375;7;5.267;1;0.8285;1;4.6375;1;256;6.36;1.14
TEL2004530_15;MFD_SETNO15;44.526333;60.758383;257876;5;19-jul-04;16:53:49;31.103;14.728;4.3345;0.35637015503876;1;31.141;1;5.9605;7;0.126;1;0.2175;1;0.4435;1;256;0.58;0.28
TEL2004530_15;MFD_SETNO15;44.526333;60.758383;257875;25;19-jul-04;16:53:49;31.831;4.98;4.4131;5.35278624031008;1;NaN;9;NaN;9;0.5155;1;0.4505;1;0.579;1;0;1.14;0.89
TEL2004530_15;MFD_SETNO15;44.526333;60.758383;257874;50;19-jul-04;16:53:49;32.004;2.214;4.7176;1.50966918604651;1;NaN;9;NaN;9;4.014;1;0.7075;1;3.6625;1;0;5.67;1.10
TEL2004530_15;MFD_SETNO15;44.526333;60.758383;257873;55;19-jul-04;16:53:49;32.036;2.071;4.7325;1.42290658914729;1;31.998;1;7.0845;7;4.548;1;0.7705;1;4.3425;1;256;5.90;1.05
TEL2004530_16;MFD_SETNO16;44.439433;60.890917;257880;5;19-jul-04;18:42:46;31.717;14.634;4.4809;0.253852713178295;1;31.732;1;5.961;7;0.1435;1;0.2915;1;0.1135;1;256;0.49;1.26
TEL2004530_16;MFD_SETNO16;44.439433;60.890917;257879;25;19-jul-04;18:42:46;31.797;6.64;4.3875;0.56140503875969;1;NaN;9;NaN;9;0.1845;1;0.2985;1;0.452;1;0;0.62;0.41
TEL2004530_16;MFD_SETNO16;44.439433;60.890917;257878;50;19-jul-04;18:42:46;32.243;1.726;4.8217;0.497941860465116;1;NaN;9;NaN;9;4.8705;1;0.7575;1;4.025;1;0;6.43;1.21
TEL2004530_16;MFD_SETNO16;44.439433;60.890917;257877;82;19-jul-04;18:42:46;32.457;1.387;4.6861;0.103848837209302;1;32.447;1;6.5785;7;8.5165;1;0.981;1;7.9575;1;256;8.68;1.07
TEL2004530_18;MFD_SETNO18;44.396;60.839417;257884;5;19-jul-04;21:37:31;31.757;14.828;4.7269;0.366133720930232;1;31.74;1;5.924;7;0.1265;1;0.288;1;0.0555;1;256;0.44;2.28
TEL2004530_18;MFD_SETNO18;44.396;60.839417;257883;25;19-jul-04;21:37:31;31.862;9.949;4.3539;0.522350775193798;1;NaN;9;NaN;9;0.1725;1;0.3265;1;0.0505;1;0;0.53;3.42
TEL2004530_18;MFD_SETNO18;44.396;60.839417;257882;50;19-jul-04;21:37:31;32.144;2.259;4.7234;0.268498062015504;1;NaN;9;NaN;9;4.384;1;0.7475;1;3.5385;1;0;5.86;1.24
TEL2004530_18;MFD_SETNO18;44.396;60.839417;257881;75;19-jul-04;21:37:31;32.414;1.46;4.6296;0.117162790697674;1;32.419;1;6.6485;7;8.045;1;0.958;1;7.148;1;256;8.40;1.13
TEL2004530_19;MFD_SETNO19;44.208283;60.890633;257887;5;19-jul-04;23:48:50;31.646;13.827;4.4741;0.380779069767442;1;31.664;1;6.134;7;0.136;1;0.304;1;0.0335;1;256;0.45;4.06
TEL2004530_19;MFD_SETNO19;44.208283;60.890633;257886;25;19-jul-04;23:48:50;31.84;9.873;4.4047;0.937036046511628;1;NaN;9;NaN;9;0.1455;1;0.343;1;0.145;1;0;0.42;1.00
TEL2004530_19;MFD_SETNO19;44.208283;60.890633;257885;36;19-jul-04;23:48:50;31.756;9.66;4.6768;1.07585620155039;1;31.747;1;6.776;7;0.1525;1;0.365;1;0.185;1;256;0.42;0.82
TEL2004530_20;MFD_SETNO20;44.329083;60.9668;257891;5;20-jul-04;01:23:36;31.866;15.633;4.3281;0.209916666666667;1;31.883;1;5.736;7;0.137;1;0.278;1;0.356;1;256;0.49;0.38
TEL2004530_20;MFD_SETNO20;44.329083;60.9668;257890;25;20-jul-04;01:23:36;32.027;10.21;4.3191;0.317315891472868;1;NaN;9;NaN;9;0.1425;1;0.2925;1;0.39;1;0;0.49;0.37
TEL2004530_20;MFD_SETNO20;44.329083;60.9668;257889;50;20-jul-04;01:23:36;32.196;4.308;4.7147;0.971741085271318;1;NaN;9;NaN;9;0.873;1;0.5715;1;2.1615;1;0;1.53;0.40
TEL2004530_20;MFD_SETNO20;44.329083;60.9668;257888;86;20-jul-04;01:23:36;32.938;2.949;4.3596;0.0900023255813953;1;32.812;7;6.108;7;9.911;1;1.042;1;10.9955;1;256;9.51;0.90
TEL2004530_21;MFD_SETNO21;44.37185;61.247783;257895;5;20-jul-04;03:42:11;31.808;15.855;4.2449;0.209916666666667;1;31.824;1;5.7975;7;0.1145;1;0.2905;1;0.3775;1;256;0.39;0.30
TEL2004530_21;MFD_SETNO21;44.37185;61.247783;257894;25;20-jul-04;03:42:11;32.061;11.117;4.0387;0.375897286821705;1;NaN;9;NaN;9;0.098;1;0.302;1;0.4035;1;0;0.32;0.24
TEL2004530_21;MFD_SETNO21;44.37185;61.247783;257893;50;20-jul-04;03:42:11;32.464;2.895;4.7371;1.09320872093023;1;NaN;9;NaN;9;1.609;1;0.6105;1;2.234;1;0;2.64;0.72
TEL2004530_21;MFD_SETNO21;44.37185;61.247783;257892;77;20-jul-04;03:42:11;32.845;2.915;4.4834;0.117162790697674;1;32.861;1;6.469;7;8.271;1;0.9715;1;8.843;1;256;8.51;0.94
TEL2004530_22;MFD_SETNO22;44.44255;61.240167;257899;5;20-jul-04;05:25:46;31.752;15.866;4.1662;0.214798449612403;1;31.767;1;5.768;7;0.098;1;0.28;1;0.373;1;256;0.35;0.26
TEL2004530_22;MFD_SETNO22;44.44255;61.240167;257898;25;20-jul-04;05:25:46;32.341;7.876;4.1792;0.497941860465116;1;NaN;9;NaN;9;0.121;1;0.307;1;0.438;1;0;0.39;0.28
TEL2004530_22;MFD_SETNO22;44.44255;61.240167;257897;50;20-jul-04;05:25:46;32.432;2.993;4.6499;0.642043217054264;1;NaN;9;NaN;9;2.633;1;0.712;1;3.6725;1;0;3.70;0.72
TEL2004530_22;MFD_SETNO22;44.44255;61.240167;257896;108;20-jul-04;05:25:46;33.526;5.221;4.0896;0.0363470930232558;1;33.546;1;5.13;7;12.96;1;1.133;1;12.79;1;256;11.44;1.01
TEL2004530_23;MFD_SETNO23;44.670517;60.8943;257903;5;20-jul-04;08:06:33;31.48;15.248;3.9907;0.27337984496124;1;31.498;1;5.902;7;0.1245;1;0.279;1;0.503;1;256;0.45;0.25
TEL2004530_23;MFD_SETNO23;44.670517;60.8943;257902;25;20-jul-04;08:06:33;32.112;7.334;4.2865;0.619986434108527;1;NaN;9;NaN;9;0.116;1;0.419;1;0.8235;1;0;0.28;0.14
TEL2004530_23;MFD_SETNO23;44.670517;60.8943;257901;50;20-jul-04;08:06:33;32.307;1.373;4.4417;0.234325581395349;1;NaN;9;NaN;9;7.5045;1;0.9465;1;6.9085;1;0;7.93;1.09
TEL2004530_23;MFD_SETNO23;44.670517;60.8943;257900;66;20-jul-04;08:06:33;32.292;1.309;4.5809;0.248970930232558;1;32.304;1;6.7135;7;7.308;1;0.9215;1;7.142;1;256;7.93;1.02
TEL2004530_24;MFD_SETNO24;44.832283;61.089183;257907;5;20-jul-04;10:26:31;30.962;14.895;4.3084;0.35637015503876;1;31.026;1;5.963;7;0.143;1;0.2455;1;0.53;1;256;0.58;0.27
TEL2004530_24;MFD_SETNO24;44.832283;61.089183;257906;25;20-jul-04;10:26:31;31.974;4.172;4.3142;1.42290658914729;1;NaN;9;NaN;9;0.449;1;0.4035;1;0.7415;1;0;1.11;0.61
TEL2004530_24;MFD_SETNO24;44.832283;61.089183;257905;50;20-jul-04;10:26:31;32.204;1.555;4.6284;0.546759689922481;1;NaN;9;NaN;9;5.839;1;0.831;1;5.276;1;0;7.03;1.11
TEL2004530_24;MFD_SETNO24;44.832283;61.089183;257904;76;20-jul-04;10:26:31;32.377;1.081;4.5762;0.122044573643411;1;32.393;1;6.6695;7;8.649;1;0.9665;1;8.6895;1;256;8.95;1.00
TEL2004530_25;MFD_SETNO25;44.9975;61.362767;257911;5;20-jul-04;13:08:33;30.525;14.117;4.5427;0.522350775193798;1;30.547;1;6.199;7;0.1255;1;0.2735;1;1.17;1;256;0.46;0.11
TEL2004530_25;MFD_SETNO25;44.9975;61.362767;257910;25;20-jul-04;13:08:33;31.113;4.612;4.5527;0.902331007751938;1;NaN;9;NaN;9;0.676;1;0.484;1;2.165;1;0;1.40;0.31
TEL2004530_25;MFD_SETNO25;44.9975;61.362767;257909;50;20-jul-04;13:08:33;31.313;3.358;4.9645;0.244089147286822;1;NaN;9;NaN;9;1.8405;1;0.609;1;2.6485;1;0;3.02;0.69
TEL2004530_25;MFD_SETNO25;44.9975;61.362767;257908;96;20-jul-04;13:08:33;32.418;0.917;4.6997;0.0484627906976744;1;32.433;1;6.692;7;9.6885;1;1.0375;1;9.8855;1;256;9.34;0.98
TEL2004530_26;MFD_SETNO26;45.066833;61.057333;257915;5;20-jul-04;15:13:29;30.568;13.897;4.7305;0.702976744186046;1;30.597;1;6.3525;7;0.148;1;0.2685;1;1.2735;1;256;0.55;0.12
TEL2004530_26;MFD_SETNO26;45.066833;61.057333;257914;25;20-jul-04;15:13:29;31.079;5.282;4.8098;0.458887596899225;1;NaN;9;NaN;9;0.84;1;0.476;1;2.051;1;0;1.76;0.41
TEL2004530_26;MFD_SETNO26;45.066833;61.057333;257913;50;20-jul-04;15:13:29;31.75;2.574;5.0589;0.135003488372093;1;NaN;9;NaN;9;2.4095;1;0.613;1;3.244;1;0;3.93;0.74
TEL2004530_26;MFD_SETNO26;45.066833;61.057333;257912;138;20-jul-04;15:13:29;32.618;1.041;4.4828;0.0450011627906977;1;32.623;1;6.2585;7;10.9605;1;1.124;1;13.0635;1;256;9.75;0.84
TEL2004530_27;MFD_SETNO27;45.140167;60.634383;257919;5;20-jul-04;18:17:16;30.523;13.862;4.6998;0.605341085271318;1;30.546;1;6.2595;7;0.161;1;0.2785;1;1.1855;1;256;0.58;0.14
TEL2004530_27;MFD_SETNO27;45.140167;60.634383;257918;25;20-jul-04;18:17:16;31.17;6.043;4.6896;0.248970930232558;1;NaN;9;NaN;9;1.033;1;0.5115;1;2.5735;1;0;2.02;0.40
TEL2004530_27;MFD_SETNO27;45.140167;60.634383;257917;50;20-jul-04;18:17:16;31.753;2.372;4.8616;0.15923488372093;1;NaN;9;NaN;9;3.5005;1;0.707;1;3.8495;1;0;4.95;0.91
TEL2004530_27;MFD_SETNO27;45.140167;60.634383;257916;84;20-jul-04;18:17:16;32.34;0.945;4.7236;0.0380779069767442;1;32.353;1;6.709;7;8.833;1;1.001;1;9.861;1;256;8.82;0.90
TEL2004530_28;MFD_SETNO28;44.650033;60.389617;257923;5;20-jul-04;22:29:37;31.175;13.911;4.6407;0.429596899224806;1;31.219;1;6.284;7;0.154;1;0.2635;1;0.4715;1;256;0.58;0.33
TEL2004530_28;MFD_SETNO28;44.650033;60.389617;257922;25;20-jul-04;22:29:37;31.681;3.956;4.8663;0.737149224806201;1;NaN;9;NaN;9;0.4745;1;0.4185;1;1.207;1;0;1.13;0.39
TEL2004530_28;MFD_SETNO28;44.650033;60.389617;257921;50;20-jul-04;22:29:37;32.133;1.147;4.7611;0.268498062015504;1;NaN;9;NaN;9;6.785;1;0.9435;1;7.1415;1;0;7.19;0.95
TEL2004530_28;MFD_SETNO28;44.650033;60.389617;257920;68;20-jul-04;22:29:37;32.357;0.999;4.6362;0.103848837209302;1;32.361;1;6.6475;7;8.9925;1;1.0265;1;8.9425;1;256;8.76;1.01
TEL2004530_29;MFD_SETNO29;44.512067;60.078117;257927;5;21-jul-04;00:50:18;31.004;14.509;4.6777;0.444242248062016;1;31.026;1;5.9405;7;0.0935;1;0.275;1;0.8415;1;256;0.34;0.11
TEL2004530_29;MFD_SETNO29;44.512067;60.078117;257926;25;21-jul-04;00:50:18;31.823;4.482;4.8694;1.37084903100775;1;NaN;9;NaN;9;0.2565;1;0.423;1;1.169;1;0;0.61;0.22
TEL2004530_29;MFD_SETNO29;44.512067;60.078117;257925;50;21-jul-04;00:50:18;32.294;2.008;4.9096;0.41006976744186;1;NaN;9;NaN;9;3.4535;1;0.6945;1;2.898;1;0;4.97;1.19
TEL2004530_29;MFD_SETNO29;44.512067;60.078117;257924;117;21-jul-04;00:50:18;33.281;2.585;4.5922;0.0415395348837209;1;33.286;1;6.1045;7;11.2575;1;1.043;1;10.9865;1;256;10.79;1.02
TEL2004530_30;MFD_SETNO30;44.3812;59.76635;257931;5;21-jul-04;03:07:11;31.21;14.729;4.4644;0.532114341085271;1;31.224;1;6.3745;7;0.0595;1;0.2225;1;0.7315;1;256;0.27;0.08
TEL2004530_30;MFD_SETNO30;44.3812;59.76635;257930;25;21-jul-04;03:07:11;32.319;8.189;4.5275;1.56172674418605;1;NaN;9;NaN;9;0.0735;1;0.3335;1;1.027;1;0;0.22;0.07
TEL2004530_30;MFD_SETNO30;44.3812;59.76635;257929;50;21-jul-04;03:07:11;32.345;2.585;4.7289;0.21968023255814;1;NaN;9;NaN;9;3.59;1;0.7485;1;3.6035;1;0;4.80;1.00
TEL2004530_30;MFD_SETNO30;44.3812;59.76635;257928;168;21-jul-04;03:07:11;33.744;3.193;4.3642;0.0553860465116279;1;33.757;1;6.261;7;13.6705;1;1.153;1;13.5195;1;256;11.86;1.01
TEL2004530_31;MFD_SETNO31;44.469817;59.68335;257934;5;21-jul-04;04:46:55;31.167;14.972;4.3769;0.361251937984496;1;31.195;1;5.8455;7;0.0365;1;0.247;1;0.686;1;256;0.15;0.05
TEL2004530_31;MFD_SETNO31;44.469817;59.68335;257933;25;21-jul-04;04:46:55;32.331;3.425;4.0495;1.49231666666667;1;NaN;9;NaN;9;1.477;1;0.6745;1;3.954;1;0;2.19;0.37
TEL2004530_31;MFD_SETNO31;44.469817;59.68335;257932;47;21-jul-04;04:46:55;32.148;3.36;4.6867;1.02379864341085;1;32.16;1;6.943;7;1.67;1;0.6925;1;4.1785;1;256;2.41;0.40
TEL2004530_32;MFD_SETNO32;44.613233;59.57905;257937;5;21-jul-04;06:48:20;31.22;14.673;4.5949;0.283143410852713;1;31.227;1;5.8485;7;0.032;1;0.2275;1;0.7035;1;256;0.14;0.05
TEL2004530_32;MFD_SETNO32;44.613233;59.57905;257936;25;21-jul-04;06:48:20;32.207;3.689;4.3505;1.70054689922481;1;NaN;9;NaN;9;0.8475;1;0.5945;1;3.145;1;0;1.43;0.27
TEL2004530_32;MFD_SETNO32;44.613233;59.57905;257935;53;21-jul-04;06:48:20;32.225;3.09;4.6708;0.47841472868217;1;32.236;1;6.5885;7;2.3025;1;0.755;1;5.088;1;256;3.05;0.45
TEL2004530_33;MFD_SETNO33;44.506733;59.3605;257940;5;21-jul-04;08:34:55;31.172;13.679;4.6164;0.292906976744186;1;31.203;1;6.0005;7;0.04;1;0.221;1;0.569;1;256;0.18;0.07
TEL2004530_33;MFD_SETNO33;44.506733;59.3605;257939;25;21-jul-04;08:34:55;32.229;2.914;4.3673;0.595577519379845;1;NaN;9;NaN;9;3.212;1;0.7445;1;4.5195;1;0;4.31;0.71
TEL2004530_33;MFD_SETNO33;44.506733;59.3605;257938;55;21-jul-04;08:34:55;32.298;2.704;4.895;0.405187984496124;1;32.305;1;6.877;7;3.4155;1;0.7375;1;4.478;1;256;4.63;0.76
TEL2004530_34;MFD_SETNO34;44.568717;59.190617;257944;5;21-jul-04;10:11:56;31.233;13.946;4.6602;0.336843023255814;1;31.259;1;5.954;7;0.048;1;0.219;1;0.5475;1;256;0.22;0.09
TEL2004530_34;MFD_SETNO34;44.568717;59.190617;257943;25;21-jul-04;10:11:56;32.256;3.247;4.5224;1.02379864341085;1;NaN;9;NaN;9;2.768;1;0.6785;1;4.227;1;0;4.08;0.65
TEL2004530_34;MFD_SETNO34;44.568717;59.190617;257942;50;21-jul-04;10:11:56;32.227;2.829;4.8892;0.473532945736434;1;NaN;9;NaN;9;3.5265;1;0.7725;1;4.9135;1;0;4.57;0.72
TEL2004530_34;MFD_SETNO34;44.568717;59.190617;257941;73;21-jul-04;10:11:56;32.227;2.824;5.0771;0.483296511627907;1;32.248;1;6.8485;7;3.5345;1;0.7615;1;5.031;1;256;4.64;0.70
TEL2004530_35;MFD_SETNO35;44.844483;59.643217;257948;5;21-jul-04;14:39:45;31.354;14.432;4.4014;0.317315891472868;1;31.367;1;6.6755;7;0.051;1;0.2205;1;0.6295;1;256;0.23;0.08
TEL2004530_35;MFD_SETNO35;44.844483;59.643217;257947;25;21-jul-04;14:39:45;31.731;3.835;4.6319;0.444242248062015;1;NaN;9;NaN;9;1.438;1;0.529;1;1.481;1;0;2.72;0.97
TEL2004530_35;MFD_SETNO35;44.844483;59.643217;257946;50;21-jul-04;14:39:45;32.206;1.333;4.6997;0.214798449612403;1;NaN;9;NaN;9;4.9065;1;0.762;1;3.907;1;0;6.44;1.26
TEL2004530_35;MFD_SETNO35;44.844483;59.643217;257945;108;21-jul-04;14:39:45;32.418;1.106;4.7245;0.0450011627906977;1;32.434;1;6.489;7;7.6675;1;0.93;1;7.15;1;256;8.24;1.07
TEL2004530_36;MFD_SETNO36;44.9781;59.528467;257952;5;21-jul-04;16:20:31;31.063;14.071;4.7068;0.283143410852713;1;31.084;1;5.9785;7;0.0255;1;0.24;1;0.616;1;256;0.11;0.04
TEL2004530_36;MFD_SETNO36;44.9781;59.528467;257951;25;21-jul-04;16:20:31;31.392;6.566;4.8744;0.444242248062015;1;NaN;9;NaN;9;0.0555;1;0.2975;1;0.64;1;0;0.19;0.09
TEL2004530_36;MFD_SETNO36;44.9781;59.528467;257950;50;21-jul-04;16:20:31;31.919;1.721;4.9812;0.200153100775194;1;NaN;9;NaN;9;3.9715;1;0.7985;1;2.9995;1;0;4.97;1.32
TEL2004530_36;MFD_SETNO36;44.9781;59.528467;257949;104;21-jul-04;16:20:31;32.35;0.892;4.8049;0.0450011627906977;1;32.293;1;6.6185;7;7.734;1;1.031;1;7.4405;1;256;7.50;1.04
TEL2004530_37;MFD_SETNO37;44.915917;59.04485;257956;5;21-jul-04;20:13:48;30.826;14.039;4.6675;0.278261627906977;1;30.862;1;5.9925;7;0.041;1;0.3;1;0.972;1;256;0.14;0.04
TEL2004530_37;MFD_SETNO37;44.915917;59.04485;257955;25;21-jul-04;20:13:48;31.84;2.854;4.707;0.902331007751938;1;NaN;9;NaN;9;1.368;1;0.55;1;1.4785;1;0;2.49;0.93
TEL2004530_37;MFD_SETNO37;44.915917;59.04485;257954;50;21-jul-04;20:13:48;32.279;0.842;4.6981;0.0865406976744186;1;NaN;9;NaN;9;7.053;1;0.995;1;6.352;1;0;7.09;1.11
TEL2004530_37;MFD_SETNO37;44.915917;59.04485;257953;87;21-jul-04;20:13:48;32.339;0.835;4.7834;0.0761558139534884;1;32.362;1;6.5835;7;7.5775;1;1.0305;1;7.059;1;256;7.35;1.07
TEL2004530_38;MFD_SETNO38;44.935317;58.97215;257960;5;21-jul-04;22:01:54;30.824;14.435;4.6713;0.307552325581395;1;30.852;1;5.892;7;0.0655;1;0.311;1;0.999;1;256;0.21;0.07
TEL2004530_38;MFD_SETNO38;44.935317;58.97215;257959;25;21-jul-04;22:01:54;31.731;3.766;4.9031;0.937036046511628;1;NaN;9;NaN;9;0.0995;1;0.3725;1;0.5;1;0;0.27;0.20
TEL2004530_38;MFD_SETNO38;44.935317;58.97215;257958;50;21-jul-04;22:01:54;32.189;1.127;4.9065;0.135003488372093;1;NaN;9;NaN;9;5.7555;1;0.9495;1;4.0765;1;0;6.06;1.41
TEL2004530_38;MFD_SETNO38;44.935317;58.97215;257957;104;21-jul-04;22:01:54;32.51;0.871;4.7855;0.0553860465116279;1;32.519;1;6.4765;7;8.24;1;1.0375;1;7.743;1;256;7.94;1.06
TEL2004530_39;MFD_SETNO39;44.799433;58.628117;257964;5;22-jul-04;02:31:30;31.046;14.436;4.4057;0.234325581395349;1;31.081;1;5.9465;7;0.0395;1;0.2645;1;0.494;1;256;0.15;0.08
TEL2004530_39;MFD_SETNO39;44.799433;58.628117;257963;25;22-jul-04;02:31:30;31.578;6.504;4.9139;1.26673391472868;1;NaN;9;NaN;9;0.0615;1;0.333;1;0.646;1;0;0.18;0.10
TEL2004530_39;MFD_SETNO39;44.799433;58.628117;257962;50;22-jul-04;02:31:30;32.21;1.378;4.8742;0.180004651162791;1;NaN;9;NaN;9;4.962;1;0.8035;1;3.5375;1;0;6.18;1.40
TEL2004530_39;MFD_SETNO39;44.799433;58.628117;257961;242;22-jul-04;02:31:30;32.637;1.101;4.7124;0.0519244186046512;1;32.421;7;6.304;7;9.295;1;1.057;1;9.2605;1;256;8.79;1.00
TEL2004530_40;MFD_SETNO40;44.55255;58.517183;257968;5;22-jul-04;05:11:39;31.348;14.5;4.4937;0.468651162790698;1;31.369;1;5.914;7;0.0395;1;0.2145;1;0.448;1;256;0.18;0.09
TEL2004530_40;MFD_SETNO40;44.55255;58.517183;257967;25;22-jul-04;05:11:39;32.108;3.514;4.5249;4.15750387596899;1;NaN;9;NaN;9;0.198;1;0.4025;1;1.5685;1;0;0.49;0.13
TEL2004530_40;MFD_SETNO40;44.55255;58.517183;257966;50;22-jul-04;05:11:39;32.113;2.692;4.5748;0.867625968992248;1;NaN;9;NaN;9;1.975;1;0.8355;1;5.0305;1;0;2.36;0.39
TEL2004530_40;MFD_SETNO40;44.55255;58.517183;257965;64;22-jul-04;05:11:39;32.107;2.693;4.6886;0.867625968992248;1;32.127;1;6.6145;7;1.9395;1;0.801;1;4.4735;1;256;2.42;0.43
TEL2004530_41;MFD_SETNO41;44.734567;58.339017;257972;5;22-jul-04;07:13:23;31.209;14.316;4.6434;0.302670542635659;1;31.317;7;6.1045;7;0.068;1;0.256;1;0.603;1;256;0.27;0.11
TEL2004530_41;MFD_SETNO41;44.734567;58.339017;257971;25;22-jul-04;07:13:23;32.002;4.705;5.0748;4.88506705426357;1;NaN;9;NaN;9;0.6365;1;0.4705;1;2.4045;1;0;1.35;0.26
TEL2004530_41;MFD_SETNO41;44.734567;58.339017;257970;50;22-jul-04;07:13:23;32.221;2.126;4.6321;0.200153100775194;1;NaN;9;NaN;9;4.0185;1;0.8825;1;5.85;1;0;4.55;0.69
TEL2004530_41;MFD_SETNO41;44.734567;58.339017;257969;65;22-jul-04;07:13:23;32.303;1.675;4.6192;0.117162790697674;1;32.314;1;6.5025;7;5.5975;1;0.9655;1;7.099;1;256;5.80;0.79
TEL2004530_42;MFD_SETNO42;44.751767;58.41695;257976;5;22-jul-04;08:57:14;31.181;14.526;3.9654;0.263616279069767;1;31.196;1;5.869;7;0.0935;1;0.2525;1;0.4105;1;256;0.37;0.23
TEL2004530_42;MFD_SETNO42;44.751767;58.41695;257975;25;22-jul-04;08:57:14;32.129;3.201;4.6392;2.13072073643411;1;NaN;9;NaN;9;1.6565;1;0.6875;1;3.0315;1;0;2.41;0.55
TEL2004530_42;MFD_SETNO42;44.751767;58.41695;257974;50;22-jul-04;08:57:14;32.273;1.888;4.5983;0.161098837209302;1;NaN;9;NaN;9;4.929;1;0.932;1;6.172;1;0;5.29;0.80
TEL2004530_42;MFD_SETNO42;44.751767;58.41695;257973;82;22-jul-04;08:57:14;32.426;1.143;4.7054;0.0488178294573644;1;32.447;1;6.529;7;7.8695;1;1.037;1;7.228;1;256;7.59;1.09
TEL2004530_43;MFD_SETNO43;45.162817;58.271833;257980;5;22-jul-04;12:11:29;31.124;14.216;4.4862;0.488178294573643;1;31.133;1;5.953;7;0.067;1;0.226;1;0.254;1;256;0.30;0.26
TEL2004530_43;MFD_SETNO43;45.162817;58.271833;257979;25;22-jul-04;12:11:29;31.642;7.59;4.893;1.3882015503876;1;NaN;9;NaN;9;0.0985;1;0.259;1;0.568;1;0;0.38;0.17
TEL2004530_43;MFD_SETNO43;45.162817;58.271833;257978;50;22-jul-04;12:11:29;32.245;1.575;4.6812;0.175744186046512;1;NaN;9;NaN;9;4.8765;1;0.8315;1;3.4295;1;0;5.86;1.42
TEL2004530_43;MFD_SETNO43;45.162817;58.271833;257977;143;22-jul-04;12:11:29;33.332;2.518;4.0958;0.0346162790697674;1;33.352;1;5.324;7;14.6945;1;1.276;1;15.0525;1;256;11.52;0.98
TEL2004530_44;MFD_SETNO44;45.21945;58.127767;257984;5;22-jul-04;13:58:07;30.987;14.51;4.4805;0.346606589147287;1;31.014;1;6.033;7;0.122;1;0.2575;1;0.4475;1;256;0.47;0.27
TEL2004530_44;MFD_SETNO44;45.21945;58.127767;257983;25;22-jul-04;13:58:07;31.836;4.817;4.6698;1.0411511627907;1;NaN;9;NaN;9;0.112;1;0.32;1;0.2705;1;0;0.35;0.41
TEL2004530_44;MFD_SETNO44;45.21945;58.127767;257982;50;22-jul-04;13:58:07;32.24;1.466;4.6836;0.248970930232558;1;NaN;9;NaN;9;5.272;1;0.8395;1;5.128;1;0;6.28;1.03
TEL2004530_44;MFD_SETNO44;45.21945;58.127767;257981;77;22-jul-04;13:58:07;32.253;1.407;4.8139;0.0976356589147287;1;32.271;1;6.7235;7;5.6225;1;0.8785;1;4.393;1;256;6.40;1.28
TEL2004530_46;MFD_SETNO46;45.3726;58.75615;257988;5;22-jul-04;18:55:16;30.923;15.385;4.4415;0.302670542635659;1;31.008;7;6.013;7;0.1325;1;0.3005;1;0.586;1;256;0.44;0.23
TEL2004530_46;MFD_SETNO46;45.3726;58.75615;257987;25;22-jul-04;18:55:16;31.751;5.62;4.6387;0.517468992248062;1;NaN;9;NaN;9;0.1475;1;0.379;1;0.425;1;0;0.39;0.35
TEL2004530_46;MFD_SETNO46;45.3726;58.75615;257986;50;22-jul-04;18:55:16;32.153;1.077;4.7092;0.180625968992248;1;NaN;9;NaN;9;5.665;1;0.8795;1;3.8295;1;0;6.44;1.48
TEL2004530_46;MFD_SETNO46;45.3726;58.75615;257985;82;22-jul-04;18:55:16;32.34;0.966;4.7197;0.0830790697674419;1;32.361;1;6.577;7;8.1865;1;1.0025;1;7.601;1;256;8.17;1.08
TEL2004530_47;MFD_SETNO47;45.082333;59.093633;257992;5;22-jul-04;22:01:39;30.919;14.671;4.5135;0.331961240310078;1;31.04;7;6.2455;7;0.18;1;0.2745;1;0.707;1;256;0.66;0.25
TEL2004530_47;MFD_SETNO47;45.082333;59.093633;257991;25;22-jul-04;22:01:39;31.716;4.171;4.681;1.94348217054264;1;NaN;9;NaN;9;0.3675;1;0.3965;1;0.327;1;0;0.93;1.12
TEL2004530_47;MFD_SETNO47;45.082333;59.093633;257990;50;22-jul-04;22:01:39;32.249;0.82;4.7498;0.0865406976744186;1;NaN;9;NaN;9;6.9125;1;0.9425;1;6.009;1;0;7.33;1.15
TEL2004530_47;MFD_SETNO47;45.082333;59.093633;257989;76;22-jul-04;22:01:39;32.265;0.821;4.7799;0.107310465116279;1;32.287;1;6.725;7;7.79;1;0.9965;1;7.804;1;256;7.82;1.00
TEL2004530_48;MFD_SETNO48;45.233983;59.09295;257996;5;22-jul-04;23:58:50;31.038;14.329;4.5758;0.307552325581395;1;31.091;1;6.0595;7;0.021;1;0.273;1;1.0175;1;256;0.08;0.02
TEL2004530_48;MFD_SETNO48;45.233983;59.09295;257995;25;22-jul-04;23:58:50;31.693;3.635;4.836;0.798215891472868;1;NaN;9;NaN;9;0.8195;1;0.5205;1;1.4765;1;0;1.57;0.56
TEL2004530_48;MFD_SETNO48;45.233983;59.09295;257994;50;22-jul-04;23:58:50;32.24;0.874;4.7343;0.112502906976744;1;NaN;9;NaN;9;7.2895;1;1.019;1;7.0015;1;0;7.15;1.04
TEL2004530_48;MFD_SETNO48;45.233983;59.09295;257993;109;22-jul-04;23:58:50;32.512;1.058;4.7086;0.0657709302325582;1;32.427;7;6.4975;7;8.5385;1;1.036;1;9.5285;1;256;8.24;0.90
TEL2004530_49;MFD_SETNO49;45.463683;59.396083;258000;5;23-jul-04;03:13:17;30.886;15.365;4.6235;0.263616279069767;1;30.92;1;5.852;7;0.134;1;0.2275;1;0.5615;1;256;0.59;0.24
TEL2004530_49;MFD_SETNO49;45.463683;59.396083;257999;25;23-jul-04;03:13:17;31.543;4.62;4.9986;0.62975;1;NaN;9;NaN;9;0.1915;1;0.4335;1;1.4425;1;0;0.44;0.13
TEL2004530_49;MFD_SETNO49;45.463683;59.396083;257998;50;23-jul-04;03:13:17;31.829;2.333;5.0393;0.185507751937984;1;NaN;9;NaN;9;2.6735;1;0.7145;1;2.716;1;0;3.74;0.98
TEL2004530_49;MFD_SETNO49;45.463683;59.396083;257997;135;23-jul-04;03:13:17;33.077;1.937;4.4686;0.0484627906976744;1;32.991;7;5.914;7;12.0555;1;1.1895;1;14.5715;1;256;10.13;0.83
TEL2004530_50;MFD_SETNO50;45.4543;59.132383;268810;1;23-jul-04;05:35:07;30.829;15.241;4.3946;0.28802519379845;1;30.858;1;5.85;7;0.141;1;0.2615;1;0.5395;1;256;0.54;0.26
TEL2004530_50;MFD_SETNO50;45.4543;59.132383;268809;10;23-jul-04;05:35:07;30.833;15.181;4.4473;0.307552325581395;1;NaN;9;NaN;9;0.1405;1;0.2635;1;0.895;1;0;0.53;0.16
TEL2004530_50;MFD_SETNO50;45.4543;59.132383;268808;20;23-jul-04;05:35:07;31.427;6.636;4.563;0.468651162790698;1;NaN;9;NaN;9;0.1555;1;0.342;1;0.6245;1;0;0.45;0.25
TEL2004530_50;MFD_SETNO50;45.4543;59.132383;268807;30;23-jul-04;05:35:07;31.609;4.244;4.8988;0.551641472868217;1;NaN;9;NaN;9;0.2725;1;0.3745;1;0.7505;1;0;0.73;0.36
TEL2004530_50;MFD_SETNO50;45.4543;59.132383;268806;40;23-jul-04;05:35:07;31.802;3.026;4.9144;0.41006976744186;1;31.75;1;7.486;7;0.99;1;0.5345;1;1.1295;1;256;1.85;0.88
TEL2004530_50;MFD_SETNO50;45.4543;59.132383;268805;50;23-jul-04;05:35:07;31.915;1.72;4.8936;0.234325581395349;1;NaN;9;NaN;9;3.0465;1;0.671;1;1.769;1;0;4.54;1.72
TEL2004530_50;MFD_SETNO50;45.4543;59.132383;268804;60;23-jul-04;05:35:07;32.049;1.178;4.8863;0.20250523255814;1;NaN;9;NaN;9;4.352;1;0.7405;1;2.7765;1;0;5.88;1.57
TEL2004530_50;MFD_SETNO50;45.4543;59.132383;268803;80;23-jul-04;05:35:07;32.232;0.931;4.8721;0.0432703488372093;1;NaN;9;NaN;9;6.8625;1;0.927;1;5.979;1;0;7.40;1.15
TEL2004530_50;MFD_SETNO50;45.4543;59.132383;268802;100;23-jul-04;05:35:07;32.331;0.912;4.9033;0.0415395348837209;1;NaN;9;NaN;9;6.362;1;0.8305;1;5.5575;1;0;7.66;1.14
TEL2004530_50;MFD_SETNO50;45.4543;59.132383;268801;119;23-jul-04;05:35:07;32.93;1.543;4.7081;0.027693023255814;1;32.862;1;6.292;7;11.216;1;1.1105;1;11.0775;1;256;10.10;1.01
TEL2004530_51;MFD_SETNO51;45.63125;59.056483;268814;5;23-jul-04;08:06:35;30.168;14.733;4.5575;0.463769379844961;1;30.201;1;5.952;7;0.143;1;0.2735;1;0.8565;1;256;0.52;0.17
TEL2004530_51;MFD_SETNO51;45.63125;59.056483;268813;25;23-jul-04;08:06:35;31.44;5.012;4.5108;1.11056124031008;1;NaN;9;NaN;9;0.6825;1;0.4845;1;1.6815;1;0;1.41;0.41
TEL2004530_51;MFD_SETNO51;45.63125;59.056483;268812;50;23-jul-04;08:06:35;31.723;3.684;5.0251;0.27337984496124;1;NaN;9;NaN;9;2.204;1;0.5675;1;2.5685;1;0;3.88;0.86
TEL2004530_51;MFD_SETNO51;45.63125;59.056483;268811;276;23-jul-04;08:06:35;33.643;3.433;3.5947;0.0242313953488372;1;33.661;1;4.759;7;16.631;1;1.3855;1;17.71;1;256;12.00;0.94
TEL2004530_52;MFD_SETNO52;45.832967;59.68235;268822;1;23-jul-04;11:50:38;30.284;14.824;5.1702;0.488178294573643;1;30.405;7;NaN;9;0.155;1;0.296;1;0.8515;1;256;0.52;0.18
TEL2004530_52;MFD_SETNO52;45.832967;59.68235;268821;10;23-jul-04;11:50:38;31.219;8.663;4.332;0.62975;1;NaN;9;5.919;7;0.172;1;0.3335;1;1.0635;1;256;0.52;0.16
TEL2004530_52;MFD_SETNO52;45.832967;59.68235;268820;20;23-jul-04;11:50:38;31.796;6.442;4.6387;0.722503875968992;1;NaN;9;NaN;9;0.9915;1;0.475;1;1.5515;1;0;2.09;0.64
TEL2004530_52;MFD_SETNO52;45.832967;59.68235;268819;30;23-jul-04;11:50:38;31.685;4.132;4.8984;0.419833333333333;1;NaN;9;NaN;9;1.0265;1;0.492;1;1.5635;1;0;2.09;0.66
TEL2004530_52;MFD_SETNO52;45.832967;59.68235;268818;40;23-jul-04;11:50:38;31.911;3.534;4.9936;0.28802519379845;1;31.897;1;7.434;7;1.6625;1;0.5285;1;3.5605;1;256;3.15;0.47
TEL2004530_52;MFD_SETNO52;45.832967;59.68235;268817;50;23-jul-04;11:50:38;32.038;1.758;5.0469;0.173081395348837;1;NaN;9;NaN;9;3.552;1;0.717;1;2.648;1;0;4.95;1.34
TEL2004530_52;MFD_SETNO52;45.832967;59.68235;268816;60;23-jul-04;11:50:38;32.24;1.365;5.0829;0.119426162790698;1;NaN;9;NaN;9;5.5785;1;0.8075;1;4.9;1;0;6.91;1.14
TEL2004530_52;MFD_SETNO52;45.832967;59.68235;268815;85;23-jul-04;11:50:38;32.714;1.347;4.8047;0.0398087209302325;1;32.732;1;6.555;7;8.6635;1;1.0135;1;9.38;1;256;8.55;0.92
TEL2004530_53;MFD_SETNO53;45.958583;59.430417;268825;5;23-jul-04;14:29:37;30.541;15.239;4.4171;0.385660852713178;1;30.563;1;5.871;7;0.1695;1;0.269;1;1.1375;1;256;0.63;0.15
TEL2004530_53;MFD_SETNO53;45.958583;59.430417;268824;25;23-jul-04;14:29:37;31.869;8.276;4.4565;0.971741085271318;1;NaN;9;NaN;9;0.201;1;0.355;1;0.574;1;0;0.57;0.35
TEL2004530_53;MFD_SETNO53;45.958583;59.430417;268823;46;23-jul-04;14:29:37;32.182;3.158;5.1612;0.136734302325581;1;32.198;1;7.268;7;2.8045;1;0.6655;1;2.9715;1;256;4.21;0.94
TEL2004530_55;MFD_SETNO55;45.9809;59.136017;268829;5;23-jul-04;17:10:27;30.112;14.73;4.569;0.375897286821705;1;30.137;1;6.0115;7;0.1425;1;0.257;1;0.8285;1;256;0.55;0.17
TEL2004530_55;MFD_SETNO55;45.9809;59.136017;268828;25;23-jul-04;17:10:27;30.502;8.041;4.5093;0.902331007751938;1;NaN;9;NaN;9;0.169;1;0.3325;1;0.886;1;0;0.51;0.19
TEL2004530_55;MFD_SETNO55;45.9809;59.136017;268827;50;23-jul-04;17:10:27;31.608;3.546;4.885;0.209916666666667;1;NaN;9;NaN;9;2.167;1;0.6125;1;2.662;1;0;3.54;0.81
TEL2004530_55;MFD_SETNO55;45.9809;59.136017;268826;62;23-jul-04;17:10:27;31.789;3.196;5.1066;0.12808023255814;1;31.792;1;7.1705;7;3.034;1;0.7015;1;3.5165;1;256;4.33;0.86
TEL2004530_57;MFD_SETNO57;46.082267;59.492083;268833;5;24-jul-04;01:58:55;30.205;15.151;4.4965;0.449124031007752;1;30.368;7;6.0455;7;0.1445;1;0.2335;1;0.871;1;256;0.62;0.17
TEL2004530_57;MFD_SETNO57;46.082267;59.492083;268832;25;24-jul-04;01:58:55;31.351;6.932;4.4255;0.763510852713178;1;NaN;9;NaN;9;0.711;1;0.4205;1;1.993;1;0;1.69;0.36
TEL2004530_57;MFD_SETNO57;46.082267;59.492083;268831;50;24-jul-04;01:58:55;31.846;3.429;4.8761;0.131541860465116;1;NaN;9;NaN;9;2.5685;1;0.657;1;3.2335;1;0;3.91;0.79
TEL2004530_57;MFD_SETNO57;46.082267;59.492083;268830;54;24-jul-04;01:58:55;31.838;3.429;4.9666;0.131808139534884;1;31.843;1;7.2415;7;2.3005;1;0.6455;1;2.9125;1;256;3.56;0.79
TEL2004530_58;MFD_SETNO58;46.234767;59.56605;268837;5;24-jul-04;04:07:09;31.125;10.968;4.6648;0.375897286821705;1;30.024;7;6.351;7;0.1365;1;0.187;1;0.83;1;256;0.73;0.16
TEL2004530_58;MFD_SETNO58;46.234767;59.56605;268836;25;24-jul-04;04:07:09;31.122;4.632;4.8221;0.248970930232558;1;NaN;9;NaN;9;1.7235;1;0.5675;1;3.307;1;0;3.04;0.52
TEL2004530_58;MFD_SETNO58;46.234767;59.56605;268835;50;24-jul-04;04:07:09;31.987;1.957;4.9815;0.0951947674418605;1;NaN;9;NaN;9;3.895;1;0.716;1;4.406;1;0;5.44;0.88
TEL2004530_58;MFD_SETNO58;46.234767;59.56605;268834;83;24-jul-04;04:07:09;32.383;1.239;4.9723;0.0398087209302325;1;32.381;1;6.9225;7;6.6395;1;0.914;1;7.519;1;256;7.26;0.88
TEL2004530_59;MFD_SETNO59;46.587717;60.3179;268841;5;24-jul-04;09:34:04;29.614;14.866;4.6068;0.763510852713178;1;29.629;1;6.2235;7;0.142;1;0.1885;1;0.958;1;256;0.75;0.15
TEL2004530_59;MFD_SETNO59;46.587717;60.3179;268840;25;24-jul-04;09:34:04;30.43;7.658;4.3711;0.798215891472868;1;NaN;9;NaN;9;0.559;1;0.411;1;1.7185;1;0;1.36;0.33
TEL2004530_59;MFD_SETNO59;46.587717;60.3179;268839;50;24-jul-04;09:34:04;31.606;2.394;4.7321;0.088271511627907;1;NaN;9;NaN;9;3.1895;1;0.6495;1;4.0415;1;0;4.91;0.79
TEL2004530_59;MFD_SETNO59;46.587717;60.3179;268838;89;24-jul-04;09:34:04;32.663;1.277;4.6768;0.0259622093023256;1;32.628;1;6.461;7;7.673;1;0.932;1;7.478;1;256;8.23;1.03
TEL2004530_60;MFD_SETNO60;46.8444;60.091383;268845;5;24-jul-04;13:07:01;29.534;17.129;4.3461;0.532114341085271;1;29.566;1;5.82;7;0.152;1;0.181;1;0.8705;1;256;0.84;0.17
TEL2004530_60;MFD_SETNO60;46.8444;60.091383;268844;25;24-jul-04;13:07:01;30.244;9;4.3541;1.0411511627907;1;NaN;9;NaN;9;0.1505;1;0.3315;1;1.3075;1;0;0.45;0.12
TEL2004530_60;MFD_SETNO60;46.8444;60.091383;268843;50;24-jul-04;13:07:01;31.368;2.575;4.679;0.0917331395348837;1;NaN;9;NaN;9;2.458;1;0.6085;1;3.0235;1;0;4.04;0.81
TEL2004530_60;MFD_SETNO60;46.8444;60.091383;268842;154;24-jul-04;13:07:01;33.826;3.884;3.3577;0.0380779069767442;1;33.844;1;4.3335;1;17.7315;1;1.454;1;20.752;1;0;12.19;0.85
TEL2004530_61;MFD_SETNO61;46.930833;59.962;268849;5;24-jul-04;14:53:33;29.017;17.978;4.2824;0.56140503875969;1;29.068;1;5.6585;7;0.1545;1;0.097;1;0.8045;1;256;1.59;0.19
TEL2004530_61;MFD_SETNO61;46.930833;59.962;268848;25;24-jul-04;14:53:33;30.363;8.189;4.1482;1.26673391472868;1;NaN;9;NaN;9;0.2405;1;0.3295;1;1.4125;1;0;0.73;0.17
TEL2004530_61;MFD_SETNO61;46.930833;59.962;268847;50;24-jul-04;14:53:33;31.466;2.673;4.6522;0.102118023255814;1;NaN;9;NaN;9;4.0675;1;0.6885;1;4.8935;1;0;5.91;0.83
TEL2004530_61;MFD_SETNO61;46.930833;59.962;268846;178;24-jul-04;14:53:33;33.198;3.995;3.3061;0.0207697674418605;1;33.88;7;4.223;1;18.494;1;1.486;1;20.4485;1;256;12.45;0.90
TEL2004530_62;MFD_SETNO62;47.003967;59.9915;268853;5;24-jul-04;16:35:15;29.397;17.841;4.3329;0.463769379844961;1;29.383;1;5.7285;7;0.136;1;0.0875;1;0.544;1;256;1.55;0.25
TEL2004530_62;MFD_SETNO62;47.003967;59.9915;268852;25;24-jul-04;16:35:15;30.6;5.647;4.3819;0.566286821705426;1;NaN;9;NaN;9;1.8135;1;0.5725;1;3.1315;1;0;3.17;0.58
TEL2004530_62;MFD_SETNO62;47.003967;59.9915;268851;50;24-jul-04;16:35:15;32.037;1.481;4.6388;0.20503488372093;1;NaN;9;NaN;9;4.6265;1;0.8245;1;4.7815;1;0;5.61;0.97
TEL2004530_62;MFD_SETNO62;47.003967;59.9915;268850;226;24-jul-04;16:35:15;34.194;4.992;2.9182;NaN;9;NaN;9;NaN;9;NaN;9;NaN;9;NaN;9;0;NaN;NaN
TEL2004530_63;MFD_SETNO63;46.774967;60.076867;268857;5;24-jul-04;19:27:57;29.557;17.196;4.4969;0.56140503875969;1;29.652;7;5.905;7;0.1365;1;0.2225;1;0.8575;1;256;0.61;0.16
TEL2004530_63;MFD_SETNO63;46.774967;60.076867;268856;25;24-jul-04;19:27:57;30.379;7.36;4.5337;1.30143895348837;1;NaN;9;NaN;9;0.2925;1;0.3745;1;1.412;1;0;0.78;0.21
TEL2004530_63;MFD_SETNO63;46.774967;60.076867;268855;50;24-jul-04;19:27:57;31.271;2.833;4.8101;0.152311627906977;1;NaN;9;NaN;9;2.2185;1;0.638;1;2.8545;1;0;3.48;0.78
TEL2004530_63;MFD_SETNO63;46.774967;60.076867;268854;148;24-jul-04;19:27:57;33.681;3.459;3.4477;0.0467319767441861;1;33.702;1;4.4215;1;16.8075;1;1.4415;1;20.88;1;0;11.66;0.80
TEL2004530_64;MFD_SETNO64;46.7202;60.12665;268861;5;24-jul-04;21:14:58;29.529;17.193;4.4618;0.483296511627907;1;29.594;1;5.824;7;0.137;1;0.1905;1;0.8475;1;256;0.72;0.16
TEL2004530_64;MFD_SETNO64;46.7202;60.12665;268860;25;24-jul-04;21:14:58;30.62;7.532;4.5821;0.502823643410853;1;NaN;9;NaN;9;0.571;1;0.3975;1;1.55;1;0;1.44;0.37
TEL2004530_64;MFD_SETNO64;46.7202;60.12665;268859;50;24-jul-04;21:14:58;31.38;2.193;4.7945;0.143657558139535;1;NaN;9;NaN;9;2.6525;1;0.594;1;3.197;1;0;4.47;0.83
TEL2004530_64;MFD_SETNO64;46.7202;60.12665;268858;138;24-jul-04;21:14:58;33.583;3.178;3.5059;0.0346162790697674;1;33.592;1;4.428;1;16.665;1;1.4635;1;23.438;1;0;11.39;0.71
TEL2004530_65;MFD_SETNO65;46.55025;59.51;268865;5;25-jul-04;01:21:38;29.288;17.563;4.4068;0.449124031007752;1;29.473;7;5.735;7;0.1625;1;0.1395;1;0.9365;1;256;1.16;0.17
TEL2004530_65;MFD_SETNO65;46.55025;59.51;268864;25;25-jul-04;01:21:38;31.479;1.903;3.9501;0.336843023255814;1;NaN;9;NaN;9;4.1615;1;0.8335;1;5.694;1;0;4.99;0.73
TEL2004530_65;MFD_SETNO65;46.55025;59.51;268863;50;25-jul-04;01:21:38;32.06;1.536;4.8562;0.110772093023256;1;NaN;9;NaN;9;4.356;1;0.8085;1;4.574;1;0;5.39;0.95
TEL2004530_65;MFD_SETNO65;46.55025;59.51;268862;101;25-jul-04;01:21:38;33.191;2.136;4.2557;0.00692325581395346;1;33.201;1;5.5735;7;11.8525;1;1.1295;1;12.322;1;256;10.49;0.96
TEL2004530_66;MFD_SETNO66;46.429217;59.022267;268869;5;25-jul-04;05:14:55;29.656;16.627;4.3693;0.41006976744186;1;29.722;1;5.7475;7;0.154;1;0.19;1;0.709;1;256;0.81;0.22
TEL2004530_66;MFD_SETNO66;46.429217;59.022267;268868;25;25-jul-04;05:14:55;31.923;4.977;4.6973;0.458887596899225;1;NaN;9;NaN;9;0.21;1;0.367;1;0.6435;1;0;0.57;0.33
TEL2004530_66;MFD_SETNO66;46.429217;59.022267;268867;50;25-jul-04;05:14:55;32.321;1.047;5.0049;0.268498062015504;1;NaN;9;NaN;9;3.785;1;0.7;1;1.6975;1;0;5.41;2.23
TEL2004530_66;MFD_SETNO66;46.429217;59.022267;268866;315;25-jul-04;05:14:55;34.81;5.664;2.5455;0.013846511627907;1;34.815;1;3.4065;1;22.8405;1;1.704;1;27.779;1;0;13.40;0.82
TEL2004530_67;MFD_SETNO67;46.182617;59.1386;268873;5;25-jul-04;07:49:04;29.891;15.324;4.5336;0.41006976744186;1;29.913;1;5.989;7;0.1745;1;0.197;1;1.0475;1;256;0.89;0.17
TEL2004530_67;MFD_SETNO67;46.182617;59.1386;268872;25;25-jul-04;07:49:04;30.991;7.834;4.4544;1.0411511627907;1;NaN;9;NaN;9;0.24;1;0.331;1;1.2185;1;0;0.73;0.20
TEL2004530_67;MFD_SETNO67;46.182617;59.1386;268871;50;25-jul-04;07:49:04;31.6;3.572;4.8935;0.234325581395349;1;NaN;9;NaN;9;2.546;1;0.675;1;3.476;1;0;3.77;0.73
TEL2004530_67;MFD_SETNO67;46.182617;59.1386;268870;94;25-jul-04;07:49:04;32.417;1.667;4.8523;0.0432703488372093;1;32.421;1;6.6945;7;7.1845;1;0.954;1;8.355;1;256;7.53;0.86
TEL2004530_68;MFD_SETNO68;46.252417;58.9136;268877;5;25-jul-04;10:01:32;29.662;16.147;4.4356;0.41006976744186;1;29.727;1;5.7585;7;0.167;1;0.1645;1;0.9605;1;256;1.02;0.17
TEL2004530_68;MFD_SETNO68;46.252417;58.9136;268876;25;25-jul-04;10:01:32;31.347;3.849;4.5158;1.61378430232558;1;NaN;9;NaN;9;0.9055;1;0.473;1;2.6845;1;0;1.91;0.34
TEL2004530_68;MFD_SETNO68;46.252417;58.9136;268875;50;25-jul-04;10:01:32;32.195;1.274;4.9706;0.434478682170543;1;NaN;9;NaN;9;3.572;1;0.5945;1;2.887;1;0;6.01;1.24
TEL2004530_68;MFD_SETNO68;46.252417;58.9136;268874;240;25-jul-04;10:01:32;34.543;5.342;2.7097;0.0155773255813953;1;34.34;7;3.6645;1;20.557;1;1.559;1;21.511;1;256;13.19;0.96
TEL2004530_69;MFD_SETNO69;46.076533;58.5342;268881;5;25-jul-04;12:56:13;29.889;15.35;4.8742;0.556523255813953;1;29.968;1;5.9735;7;0.167;1;0.2095;1;1.127;1;256;0.80;0.15
TEL2004530_69;MFD_SETNO69;46.076533;58.5342;268880;25;25-jul-04;12:56:13;31.114;3.775;4.8817;1.70054689922481;1;NaN;9;NaN;9;1.1805;1;0.507;1;2.5975;1;0;2.33;0.45
TEL2004530_69;MFD_SETNO69;46.076533;58.5342;268879;50;25-jul-04;12:56:13;32.201;2.329;5.3258;0.278261627906977;1;NaN;9;NaN;9;1.6975;1;0.599;1;1.209;1;0;2.83;1.40
TEL2004530_69;MFD_SETNO69;46.076533;58.5342;268878;313;25-jul-04;12:56:13;34.758;5.814;2.3475;0.013846511627907;1;34.761;1;3.249;1;21.158;1;1.687;1;25.459;1;0;12.54;0.83
TEL2004530_70;MFD_SETNO70;45.675583;58.617117;268885;5;25-jul-04;16:17:55;30.066;15.724;4.2456;0.850273449612403;1;30.167;7;5.912;7;0.0985;1;0.2195;1;1.276;1;256;0.45;0.08
TEL2004530_70;MFD_SETNO70;45.675583;58.617117;268884;25;25-jul-04;16:17:55;31.998;6.655;4.5828;0.624690697674419;1;NaN;9;NaN;9;0.2535;1;0.3235;1;1.142;1;0;0.78;0.22
TEL2004530_70;MFD_SETNO70;45.675583;58.617117;268883;50;25-jul-04;16:17:55;32.146;1.288;4.7495;0.173081395348837;1;NaN;9;NaN;9;5.966;1;0.8065;1;5.117;1;0;7.40;1.17
TEL2004530_70;MFD_SETNO70;45.675583;58.617117;268882;87;25-jul-04;16:17:55;32.615;1.107;4.7154;0.0398087209302325;1;32.638;1;6.5695;7;9.5175;1;1.0335;1;9.063;1;256;9.21;1.05
TEL2004530_71;MFD_SETNO71;45.639183;58.540083;268889;5;25-jul-04;18:20:57;29.906;16.139;4.3481;0.571168604651163;1;30.111;7;5.8155;7;0.147;1;0.2045;1;0.79;1;256;0.72;0.19
TEL2004530_71;MFD_SETNO71;45.639183;58.540083;268888;25;25-jul-04;18:20:57;31.872;5.97;4.5306;0.419833333333333;1;NaN;9;NaN;9;1.222;1;0.4865;1;1.3165;1;0;2.51;0.93
TEL2004530_71;MFD_SETNO71;45.639183;58.540083;268887;50;25-jul-04;18:20:57;32.165;1.197;4.8098;0.162696511627907;1;NaN;9;NaN;9;6.3415;1;0.949;1;5.2345;1;0;6.68;1.21
TEL2004530_71;MFD_SETNO71;45.639183;58.540083;268886;380;25-jul-04;18:20:57;33.478;2.981;3.9329;0.0155773255813954;1;33.53;1;5.172;7;14.694;1;1.3495;1;16.031;1;256;10.89;0.92
TEL2004530_72;MFD_SETNO72;45.618467;58.406383;268893;5;25-jul-04;20:51:51;30.103;15.695;4.4439;0.571168604651163;1;30.295;7;5.8695;7;0.139;1;0.2355;1;0.9145;1;256;0.59;0.15
TEL2004530_72;MFD_SETNO72;45.618467;58.406383;268892;25;25-jul-04;20:51:51;31.66;5.354;4.5455;0.732267441860465;1;NaN;9;NaN;9;0.413;1;0.399;1;1.1365;1;0;1.04;0.36
TEL2004530_72;MFD_SETNO72;45.618467;58.406383;268891;50;25-jul-04;20:51:51;32.07;1.74;5.0067;0.263616279069767;1;NaN;9;NaN;9;3.905;1;0.678;1;2.312;1;0;5.76;1.69
TEL2004530_72;MFD_SETNO72;45.618467;58.406383;268890;112;25-jul-04;20:51:51;32.852;1.547;4.5889;0.0380779069767442;1;32.848;1;6.2325;7;11.1015;1;1.1475;1;10.4245;1;256;9.67;1.06
TEL2004530_73;MFD_SETNO73;45.619783;58.041083;268897;5;25-jul-04;23:21:20;30.165;15.903;4.5597;0.497941860465116;1;30.181;1;5.574;7;0.1495;1;0.1995;1;2.6125;1;256;0.75;0.06
TEL2004530_73;MFD_SETNO73;45.619783;58.041083;268896;25;25-jul-04;23:21:20;31.667;5.122;4.7915;0.302670542635659;1;NaN;9;NaN;9;6.028;1;0.803;1;5.539;1;0;7.51;1.09
TEL2004530_73;MFD_SETNO73;45.619783;58.041083;268895;50;25-jul-04;23:21:20;32.008;2.026;5.0632;0.292906976744186;1;NaN;9;NaN;9;3.2745;1;0.7355;1;2.649;1;0;4.45;1.24
TEL2004530_73;MFD_SETNO73;45.619783;58.041083;268894;160;25-jul-04;23:21:20;34.115;4.88;3.3736;0.0207697674418605;1;34.137;1;4.119;1;15.6995;1;1.3005;1;15.384;1;0;12.07;1.02
TEL2004530_74;MFD_SETNO74;45.569183;57.936617;268901;5;26-jul-04;01:08:41;30.366;15.843;4.2008;0.449124031007752;1;30.488;7;5.7255;7;0.1365;1;0.2625;1;0.9885;1;256;0.52;0.14
TEL2004530_74;MFD_SETNO74;45.569183;57.936617;268900;25;26-jul-04;01:08:41;32.028;4.472;4.5699;0.751794573643411;1;NaN;9;NaN;9;1.7645;1;0.5345;1;2.5885;1;0;3.30;0.68
TEL2004530_74;MFD_SETNO74;45.569183;57.936617;268899;50;26-jul-04;01:08:41;32.091;2.793;4.6544;0.312434108527132;1;NaN;9;NaN;9;2.8895;1;0.5295;1;2.231;1;0;5.46;1.30
TEL2004530_74;MFD_SETNO74;45.569183;57.936617;268898;250;26-jul-04;01:08:41;34.66;6.071;2.4509;0.0121156976744186;1;34.684;1;3.3345;1;20.819;1;1.563;1;21.15;1;0;13.32;0.98
TEL2004530_75;MFD_SETNO75;45.4351;58.019033;268905;5;26-jul-04;04:20:08;30.083;15.692;4.3757;0.444242248062015;1;30.437;7;5.9095;7;0.113;1;0.2475;1;0.8965;1;256;0.46;0.13
TEL2004530_75;MFD_SETNO75;45.4351;58.019033;268904;25;26-jul-04;04:20:08;31.881;5.914;4.8028;0.867625968992248;1;NaN;9;NaN;9;0.809;1;0.4265;1;1.5175;1;0;1.90;0.53
TEL2004530_75;MFD_SETNO75;45.4351;58.019033;268903;50;26-jul-04;04:20:08;32.104;1.491;5.0256;0.224562015503876;1;NaN;9;NaN;9;4.4475;1;0.828;1;3.4365;1;0;5.37;1.29
TEL2004530_75;MFD_SETNO75;45.4351;58.019033;268902;258;26-jul-04;04:20:08;33.547;3.171;3.9625;0.0242313953488372;1;33.545;1;5.1665;7;13.438;1;1.2345;1;13.655;1;256;10.89;0.98
TEL2004530_76;MFD_SETNO76;45.223933;57.7794;268909;5;26-jul-04;07:33:20;30.883;15.247;4.555;0.468651162790697;1;30.886;1;5.9845;7;0.087;1;0.279;1;0.7375;1;256;0.31;0.12
TEL2004530_76;MFD_SETNO76;45.223933;57.7794;268908;25;26-jul-04;07:33:20;31.648;4.885;4.991;1.33614399224806;1;NaN;9;NaN;9;0.199;1;0.3385;1;0.493;1;0;0.59;0.40
TEL2004530_76;MFD_SETNO76;45.223933;57.7794;268907;50;26-jul-04;07:33:20;32.1;1.554;5.0073;0.27337984496124;1;NaN;9;NaN;9;4.544;1;0.739;1;2.9235;1;0;6.15;1.55
TEL2004530_76;MFD_SETNO76;45.223933;57.7794;268906;78;26-jul-04;07:33:20;32.521;1.135;4.74;0.0657709302325581;1;32.547;1;6.482;7;8.747;1;1.065;1;7.3995;1;256;8.21;1.18
TEL2004530_77;MFD_SETNO77;45.077933;57.5333;268913;5;26-jul-04;09:52:33;30.714;15.786;4.9465;0.566286821705426;1;30.888;7;5.9605;7;0.088;1;0.2775;1;0.73;1;256;0.32;0.12
TEL2004530_77;MFD_SETNO77;45.077933;57.5333;268912;25;26-jul-04;09:52:33;31.805;3.523;4.9853;0.576050387596899;1;NaN;9;NaN;9;0.5195;1;0.404;1;0.547;1;0;1.29;0.95
TEL2004530_77;MFD_SETNO77;45.077933;57.5333;268911;50;26-jul-04;09:52:33;32.252;1.04;4.9851;0.214798449612403;1;NaN;9;NaN;9;5.1205;1;0.8835;1;3.54;1;0;5.80;1.45
TEL2004530_77;MFD_SETNO77;45.077933;57.5333;268910;279;26-jul-04;09:52:33;34.7;5.881;2.7515;0.0155773255813954;1;34.71;1;3.6045;1;17.951;1;1.4475;1;17.969;1;0;12.40;1.00
TEL2004530_78;MFD_SETNO78;45.001217;57.745583;268916;5;26-jul-04;12:01:56;31.104;16.287;4.4394;0.307552325581395;1;31.202;7;5.835;7;0.0715;1;0.187;1;0.333;1;256;0.38;0.21
TEL2004530_78;MFD_SETNO78;45.001217;57.745583;268915;25;26-jul-04;12:01:56;31.936;4.894;4.5754;4.31341027131783;1;NaN;9;NaN;9;0.2175;1;0.378;1;1.558;1;0;0.58;0.14
TEL2004530_78;MFD_SETNO78;45.001217;57.745583;268914;53;26-jul-04;12:01:56;32.14;2.563;4.5069;0.185507751937984;1;32.157;1;6.295;7;3.14;1;0.8405;1;4.973;1;256;3.74;0.63
TEL2004530_79;MFD_SETNO79;44.822267;57.519833;268919;5;26-jul-04;14:10:32;31.275;15.142;4.7595;0.278261627906977;1;31.384;7;6.3115;7;0.2325;1;0.265;1;0.825;1;256;0.88;0.28
TEL2004530_79;MFD_SETNO79;44.822267;57.519833;268918;25;26-jul-04;14:10:32;31.809;4.402;4.9525;1.35349651162791;1;NaN;9;NaN;9;0.3355;1;0.394;1;0.842;1;0;0.85;0.40
TEL2004530_79;MFD_SETNO79;44.822267;57.519833;268917;37;26-jul-04;14:10:32;31.967;3.2;5.1009;0.746158333333333;1;31.972;1;7.2705;7;1.6745;1;0.6235;1;2.023;1;256;2.69;0.83
TEL2004530_80;MFD_SETNO80;44.871517;57.335433;268923;5;26-jul-04;16:09:47;31.001;16.149;4.7394;0.497941860465116;1;31.139;7;5.988;7;0.25;1;0.21;1;0.669;1;256;1.19;0.37
TEL2004530_80;MFD_SETNO80;44.871517;57.335433;268922;25;26-jul-04;16:09:47;31.734;4.108;4.9333;0.444242248062015;1;NaN;9;NaN;9;0.7635;1;0.4705;1;0.901;1;0;1.62;0.85
TEL2004530_80;MFD_SETNO80;44.871517;57.335433;268921;50;26-jul-04;16:09:47;32.204;1.057;4.9565;0.136734302325581;1;NaN;9;NaN;9;6.3985;1;0.8995;1;4.4575;1;0;7.11;1.44
TEL2004530_80;MFD_SETNO80;44.871517;57.335433;268920;331;26-jul-04;16:09:47;34.731;5.357;3.2391;0.013846511627907;1;34.747;1;4.236;1;19.483;1;1.366;1;18.6015;1;0;14.26;1.05
TEL2004530_81;MFD_SETNO81;44.504717;57.427067;268927;5;26-jul-04;19:46:08;31.05;15.792;4.5806;0.654158914728682;1;31.109;1;6.028;7;0.245;1;0.254;1;0.881;1;256;0.96;0.28
TEL2004530_81;MFD_SETNO81;44.504717;57.427067;268926;25;26-jul-04;19:46:08;32.366;4.873;4.4163;0.556523255813953;1;NaN;9;NaN;9;2.6945;1;0.594;1;2.0335;1;0;4.54;1.33
TEL2004530_81;MFD_SETNO81;44.504717;57.427067;268925;50;26-jul-04;19:46:08;32.533;1.31;4.7792;0.307552325581395;1;NaN;9;NaN;9;5.582;1;0.846;1;4.516;1;0;6.60;1.24
TEL2004530_81;MFD_SETNO81;44.504717;57.427067;268924;66;26-jul-04;19:46:08;32.518;1.277;5.0279;0.331961240310077;1;32.541;1;6.983;7;4.6135;1;0.801;1;3.742;1;256;5.76;1.23
TEL2004530_82;MFD_SETNO82;44.426233;57.540933;268931;5;26-jul-04;21:22:23;31.056;16.122;4.5953;0.375897286821705;1;31.072;1;5.922;7;0.2065;1;0.242;1;0.7545;1;256;0.85;0.27
TEL2004530_82;MFD_SETNO82;44.426233;57.540933;268930;25;26-jul-04;21:22:23;32.421;5.49;4.3975;1.8914246124031;1;NaN;9;NaN;9;0.2855;1;0.374;1;0.8835;1;0;0.76;0.32
TEL2004530_82;MFD_SETNO82;44.426233;57.540933;268929;50;26-jul-04;21:22:23;32.47;1.483;4.7434;0.258734496124031;1;NaN;9;NaN;9;4.9345;1;0.8235;1;4.069;1;0;5.99;1.21
TEL2004530_82;MFD_SETNO82;44.426233;57.540933;268928;89;26-jul-04;21:22:23;32.698;0.855;5.0976;0.195271317829457;1;32.727;1;6.899;7;5.73;1;0.891;1;4.8165;1;256;6.43;1.19
TEL2004530_83;MFD_SETNO83;44.344133;57.535617;268941;1;27-jul-04;00:32:25;31.01;15.651;4.7901;0.375897286821705;1;31.106;7;5.854;7;0.189;1;0.2295;1;0.5825;1;256;0.82;0.32
TEL2004530_83;MFD_SETNO83;44.344133;57.535617;268940;10;27-jul-04;00:32:25;31.668;13.775;4.302;0.815568410852713;1;NaN;9;NaN;9;0.196;1;0.284;1;0.742;1;0;0.69;0.26
TEL2004530_83;MFD_SETNO83;44.344133;57.535617;268939;20;27-jul-04;00:32:25;32.77;10.322;4.6077;1.0411511627907;1;NaN;9;NaN;9;0.1895;1;0.313;1;1.028;1;0;0.61;0.18
TEL2004530_83;MFD_SETNO83;44.344133;57.535617;268938;30;27-jul-04;00:32:25;32.816;7.012;4.5339;0.56140503875969;1;NaN;9;NaN;9;0.312;1;0.426;1;1.2395;1;0;0.73;0.25
TEL2004530_83;MFD_SETNO83;44.344133;57.535617;268937;40;27-jul-04;00:32:25;32.713;2.107;4.3698;0.317315891472868;1;32.689;1;6.875;7;4.5325;1;0.799;1;3.9265;1;256;5.67;1.15
TEL2004530_83;MFD_SETNO83;44.344133;57.535617;268936;50;27-jul-04;00:32:25;32.72;0.727;4.6243;0.117162790697674;1;NaN;9;NaN;9;4.8775;1;0.8535;1;3.7465;1;0;5.71;1.30
TEL2004530_83;MFD_SETNO83;44.344133;57.535617;268935;60;27-jul-04;00:32:25;32.732;0.682;4.8523;0.161098837209302;1;NaN;9;NaN;9;5.3975;1;0.9125;1;4.3285;1;0;5.92;1.25
TEL2004530_83;MFD_SETNO83;44.344133;57.535617;268934;80;27-jul-04;00:32:25;32.807;0.558;4.9936;0.0501936046511628;1;NaN;9;NaN;9;6.469;1;0.9395;1;5.505;1;0;6.89;1.18
TEL2004530_83;MFD_SETNO83;44.344133;57.535617;268933;100;27-jul-04;00:32:25;32.828;0.642;5.0178;0.0623093023255814;1;NaN;9;NaN;9;7.9815;1;1.0265;1;6.791;1;0;7.78;1.18
TEL2004530_83;MFD_SETNO83;44.344133;57.535617;268932;561;27-jul-04;00:32:25;34.886;4.283;4.5001;0.00585813953488372;1;34.902;1;5.804;7;15.5075;1;1.05;1;9.637;1;256;14.77;1.61
TEL2004530_84;MFD_SETNO84;44.31995;57.549717;268945;5;27-jul-04;04:38:24;31.074;15.99;4.5442;0.371015503875969;1;31.098;1;5.9435;7;0.195;1;0.2485;1;0.661;1;256;0.78;0.30
TEL2004530_84;MFD_SETNO84;44.31995;57.549717;268944;25;27-jul-04;04:38:24;32.776;10.234;4.5465;1.05850368217054;1;NaN;9;NaN;9;0.2175;1;0.2975;1;1.038;1;0;0.73;0.21
TEL2004530_84;MFD_SETNO84;44.31995;57.549717;268943;50;27-jul-04;04:38:24;32.847;3.789;4.3783;0.366133720930232;1;NaN;9;NaN;9;3.638;1;0.74;1;3.429;1;0;4.92;1.06
TEL2004530_84;MFD_SETNO84;44.31995;57.549717;268942;600;27-jul-04;04:38:24;34.887;4.282;4.5126;NaN;9;34.902;1;5.8685;7;17.601;1;1.129;1;10.849;1;256;15.59;1.62
TEL2004530_85;MFD_SETNO85;44.379867;57.6812;268949;5;27-jul-04;07:50:11;31.279;16.006;4.5436;0.449124031007752;1;31.292;1;5.9455;7;0.2005;1;0.233;1;0.548;1;256;0.86;0.37
TEL2004530_85;MFD_SETNO85;44.379867;57.6812;268948;25;27-jul-04;07:50:11;32.015;2.767;4.5873;0.556523255813953;1;NaN;9;NaN;9;1.423;1;0.5635;1;0.888;1;0;2.53;1.60
TEL2004530_85;MFD_SETNO85;44.379867;57.6812;268947;50;27-jul-04;07:50:11;32.336;1.476;4.9535;0.258734496124031;1;NaN;9;NaN;9;6.7415;1;0.9115;1;4.7325;1;0;7.40;1.42
TEL2004530_85;MFD_SETNO85;44.379867;57.6812;268946;115;27-jul-04;07:50:11;33.134;2.21;4.8837;0.165980620155039;1;33.134;1;6.407;7;8.543;1;0.982;1;6.8055;1;256;8.70;1.26
TEL2004530_86;MFD_SETNO86;44.390483;58.180467;268952;5;27-jul-04;10:36:35;31.418;14.79;4.7607;0.884978488372093;1;31.448;1;6.0425;7;0.1915;1;0.2385;1;0.734;1;256;0.80;0.26
TEL2004530_86;MFD_SETNO86;44.390483;58.180467;268951;25;27-jul-04;10:36:35;31.878;6.627;4.7352;2.56817286821705;1;NaN;9;NaN;9;0.2895;1;0.406;1;0.871;1;0;0.71;0.33
TEL2004530_86;MFD_SETNO86;44.390483;58.180467;268950;54;27-jul-04;10:36:35;32.141;2.818;4.9616;0.444242248062015;1;32.145;1;6.949;7;2.6715;1;0.697;1;3.112;1;256;3.83;0.86
TEL2004530_87;MFD_SETNO87;44.290083;58.064833;268956;5;27-jul-04;13:20:01;31.629;15.426;4.5014;0.346606589147287;1;31.586;1;5.8265;7;0.182;1;0.2505;1;0.696;1;256;0.73;0.26
TEL2004530_87;MFD_SETNO87;44.290083;58.064833;268955;25;27-jul-04;13:20:01;32.466;6.819;4.6449;1.05850368217054;1;NaN;9;NaN;9;0.1985;1;0.35;1;0.7735;1;0;0.57;0.26
TEL2004530_87;MFD_SETNO87;44.290083;58.064833;268954;50;27-jul-04;13:20:01;32.556;3.007;4.8281;0.27337984496124;1;NaN;9;NaN;9;2.3645;1;0.6595;1;2.961;1;0;3.59;0.80
TEL2004530_87;MFD_SETNO87;44.290083;58.064833;268953;111;27-jul-04;13:20:01;32.834;0.95;4.9705;0.0951947674418605;1;32.855;1;6.8465;7;7.072;1;0.9765;1;6.086;1;256;7.24;1.16
TEL2004530_88;MFD_SETNO88;44.106;58.289883;268960;5;27-jul-04;16:25:01;31.423;16.684;4.6614;0.375897286821705;1;31.47;1;6.014;7;0.144;1;0.231;1;0.79;1;256;0.62;0.18
TEL2004530_88;MFD_SETNO88;44.106;58.289883;268959;25;27-jul-04;16:25:01;32.245;5.215;4.3969;0.644395348837209;1;NaN;9;NaN;9;1.454;1;0.546;1;1.8445;1;0;2.66;0.79
TEL2004530_88;MFD_SETNO88;44.106;58.289883;268958;50;27-jul-04;16:25:01;32.686;4.102;4.9576;0.414951550387597;1;NaN;9;NaN;9;1.0755;1;0.5165;1;1.447;1;0;2.08;0.74
TEL2004530_88;MFD_SETNO88;44.106;58.289883;268957;471;27-jul-04;16:25:01;34.886;4.37;4.4428;0.00692325581395349;1;34.906;1;5.749;7;18.153;1;1.1435;1;10.9685;1;256;15.87;1.66
TEL2004530_89;MFD_SETNO89;43.986717;58.638533;268964;5;27-jul-04;19:40:46;31.714;16.087;4.5533;0.346606589147287;1;31.569;7;5.827;7;0.151;1;0.222;1;0.5855;1;256;0.68;0.26
TEL2004530_89;MFD_SETNO89;43.986717;58.638533;268963;25;27-jul-04;19:40:46;32.509;8.103;5.0929;0.712740310077519;1;NaN;9;NaN;9;0.5875;1;0.3535;1;0.9965;1;0;1.66;0.59
TEL2004530_89;MFD_SETNO89;43.986717;58.638533;268962;50;27-jul-04;19:40:46;32.457;1.52;4.7389;0.175744186046512;1;NaN;9;NaN;9;3.6545;1;0.71;1;2.7675;1;0;5.15;1.32
TEL2004530_89;MFD_SETNO89;43.986717;58.638533;268961;186;27-jul-04;19:40:46;34.482;6.284;3.8364;0.0207697674418605;1;34.505;1;4.907;7;16.277;1;1.119;1;10.2975;1;256;14.55;1.58
TEL2004530_90;MFD_SETNO90;44.004133;58.747167;268968;5;27-jul-04;21:18:20;31.56;16.957;4.5581;0.34172480620155;1;31.528;1;5.9045;7;0.141;1;0.218;1;0.657;1;256;0.65;0.21
TEL2004530_90;MFD_SETNO90;44.004133;58.747167;268967;25;27-jul-04;21:18:20;32.522;8.975;4.8354;0.600459302325581;1;NaN;9;NaN;9;0.1675;1;0.277;1;0.659;1;0;0.60;0.25
TEL2004530_90;MFD_SETNO90;44.004133;58.747167;268966;50;27-jul-04;21:18:20;32.676;3.125;4.7897;0.195271317829457;1;NaN;9;NaN;9;2.643;1;0.641;1;2.222;1;0;4.12;1.19
TEL2004530_90;MFD_SETNO90;44.004133;58.747167;268965;115;27-jul-04;21:18:20;33.531;3.358;4.4389;0.0623093023255814;1;33.536;1;5.8285;7;10.6615;1;1.0035;1;7.9875;1;256;10.62;1.33
TEL2004530_91;MFD_SETNO91;44.361817;58.610917;268972;5;28-jul-04;00:20:54;31.706;15.445;4.8675;0.56140503875969;1;31.492;7;6.181;7;0.1415;1;0.2325;1;0.588;1;256;0.61;0.24
TEL2004530_91;MFD_SETNO91;44.361817;58.610917;268971;25;28-jul-04;00:20:54;31.905;5.547;5.1195;1.57907926356589;1;NaN;9;NaN;9;0.97;1;0.476;1;1.914;1;0;2.04;0.51
TEL2004530_91;MFD_SETNO91;44.361817;58.610917;268970;50;28-jul-04;00:20:54;32.256;2.423;4.9261;0.161098837209302;1;NaN;9;NaN;9;3.2385;1;0.715;1;3.353;1;0;4.53;0.97
TEL2004530_91;MFD_SETNO91;44.361817;58.610917;268969;61;28-jul-04;00:20:54;32.253;2.395;5.0995;0.209916666666667;1;32.273;1;6.8885;7;3.692;1;0.752;1;3.906;1;256;4.91;0.95
TEL2004530_92;MFD_SETNO92;44.404917;58.721883;268976;5;28-jul-04;01:41:10;31.481;16.706;4.4217;1.16261879844961;1;31.565;7;6.2445;7;0.127;1;0.2325;1;0.5225;1;256;0.55;0.24
TEL2004530_92;MFD_SETNO92;44.404917;58.721883;268975;25;28-jul-04;01:41:10;31.878;7.462;4.6118;1.11056124031008;1;NaN;9;NaN;9;1.191;1;0.515;1;1.5995;1;0;2.31;0.74
TEL2004530_92;MFD_SETNO92;44.404917;58.721883;268974;50;28-jul-04;01:41:10;32.199;2.437;4.7553;0.175744186046512;1;NaN;9;NaN;9;3.4515;1;0.739;1;3.349;1;0;4.67;1.03
TEL2004530_92;MFD_SETNO92;44.404917;58.721883;268973;60;28-jul-04;01:41:10;32.187;2.406;4.9902;0.351488372093023;1;32.223;1;7.0475;7;3.714;1;0.7735;1;3.6105;1;256;4.80;1.03
TEL2004530_93;MFD_SETNO93;44.2609;59.05005;268980;5;28-jul-04;04:40:37;31.345;16.903;4.4499;0.468651162790698;1;31.613;7;6.064;7;0.111;1;0.233;1;0.5445;1;256;0.48;0.20
TEL2004530_93;MFD_SETNO93;44.2609;59.05005;268979;25;28-jul-04;04:40:37;32.283;6.737;4.4681;1.5443742248062;1;NaN;9;NaN;9;0.4765;1;0.4365;1;1.447;1;0;1.09;0.33
TEL2004530_93;MFD_SETNO93;44.2609;59.05005;268978;50;28-jul-04;04:40:37;32.52;3.128;4.8534;0.185507751937985;1;NaN;9;NaN;9;3.5125;1;0.6855;1;2.6055;1;0;5.12;1.35
TEL2004530_93;MFD_SETNO93;44.2609;59.05005;268977;184;28-jul-04;04:40:37;34.473;4.787;4.1153;0.0242313953488372;1;34.48;1;5.284;7;17.88;1;1.1785;1;11.932;1;256;15.17;1.50
TEL2004530_95;MFD_SETNO95;44.300933;59.321483;268984;5;28-jul-04;09:23:43;31.546;15.349;4.5289;0.434478682170543;1;31.517;1;5.853;7;0.1005;1;0.229;1;0.5855;1;256;0.44;0.17
TEL2004530_95;MFD_SETNO95;44.300933;59.321483;268983;25;28-jul-04;09:23:43;32.184;8.248;4.7901;1.21467635658915;1;NaN;9;NaN;9;0.2565;1;0.3755;1;0.8935;1;0;0.68;0.29
TEL2004530_95;MFD_SETNO95;44.300933;59.321483;268982;50;28-jul-04;09:23:43;32.397;4.812;5.074;0.307552325581395;1;NaN;9;NaN;9;2.385;1;0.5665;1;1.902;1;0;4.21;1.25
TEL2004530_95;MFD_SETNO95;44.300933;59.321483;268981;240;28-jul-04;09:23:43;34.466;4.236;4.2709;0.0259622093023256;1;34.472;1;5.616;7;17.545;1;1.1545;1;12.4325;1;256;15.20;1.41
TEL2004530_96;MFD_SETNO96;44.3414;59.338783;268988;5;28-jul-04;11:53:35;31.538;15.832;4.5233;0.414951550387597;1;31.613;1;6.038;7;0.101;1;0.237;1;0.4855;1;256;0.43;0.21
TEL2004530_96;MFD_SETNO96;44.3414;59.338783;268987;25;28-jul-04;11:53:35;32.184;8.387;4.6853;1.35349651162791;1;NaN;9;NaN;9;0.3005;1;0.3675;1;0.817;1;0;0.82;0.37
TEL2004530_96;MFD_SETNO96;44.3414;59.338783;268986;50;28-jul-04;11:53:35;32.51;2.954;4.7441;0.180625968992248;1;NaN;9;NaN;9;4.6405;1;0.7505;1;3.7885;1;0;6.18;1.22
TEL2004530_96;MFD_SETNO96;44.3414;59.338783;268985;214;28-jul-04;11:53:35;34.366;3.995;4.2651;0.0328854651162791;1;34.336;1;5.5725;7;16.762;1;1.1705;1;14.46;1;256;14.32;1.16
TEL2004530_97;MFD_SETNO97;44.26045;59.376883;268992;5;28-jul-04;13:54:13;31.544;15.991;4.4235;0.659395736434109;1;31.529;1;5.9815;7;0;1;0.1855;1;0.231;1;256;0.00;0.00
TEL2004530_97;MFD_SETNO97;44.26045;59.376883;268991;25;28-jul-04;13:54:13;32.197;8.304;4.7835;1.80466201550388;1;NaN;9;NaN;9;0;1;0.3105;1;0.4525;1;0;0.00;0.00
TEL2004530_97;MFD_SETNO97;44.26045;59.376883;268990;50;28-jul-04;13:54:13;32.621;3.679;4.7937;0.200153100775194;1;NaN;9;NaN;9;3.4795;1;0.6445;1;2.471;1;0;5.40;1.41
TEL2004530_97;MFD_SETNO97;44.26045;59.376883;268989;232;28-jul-04;13:54:13;34.346;3.941;4.242;0.0363470930232558;1;34.361;1;5.4945;7;17.404;1;1.1745;1;14.5195;1;256;14.82;1.20
TEL2004530_98;MFD_SETNO98;44.106;59.259567;268996;5;28-jul-04;16:18:35;31.109;16.91;4.4318;0.937036046511628;1;31.718;7;6.44;7;0;1;0.1985;1;0.4245;1;256;0.00;0.00
TEL2004530_98;MFD_SETNO98;44.106;59.259567;268995;25;28-jul-04;16:18:35;32.095;8.927;4.9725;1.33614399224806;1;NaN;9;NaN;9;0;1;0.2535;1;0.3875;1;0;0.00;0.00
TEL2004530_98;MFD_SETNO98;44.106;59.259567;268994;50;28-jul-04;16:18:35;32.389;2.922;4.7554;0.248970930232558;1;NaN;9;NaN;9;3.273;1;0.662;1;2.739;1;0;4.94;1.19
TEL2004530_98;MFD_SETNO98;44.106;59.259567;268993;203;28-jul-04;16:18:35;33.818;3.477;4.4771;0.0328854651162791;1;33.841;1;5.828;7;13.239;1;1.0415;1;10.225;1;256;12.71;1.29
TEL2004530_99;MFD_SETNO99;43.9678;59.29685;268999;5;28-jul-04;18:25:39;31.225;16.38;4.4746;0.454005813953488;1;31.23;1;5.8445;7;0;1;0.172;1;0.341;1;256;0.00;0.00
TEL2004530_99;MFD_SETNO99;43.9678;59.29685;268998;25;28-jul-04;18:25:39;31.94;7.658;4.4829;1.59643178294574;1;NaN;9;NaN;9;0.2235;1;0.3445;1;0.7565;1;0;0.65;0.30
TEL2004530_99;MFD_SETNO99;43.9678;59.29685;268997;40;28-jul-04;18:25:39;32.321;3.712;4.9969;0.937036046511628;1;32.071;7;6.943;7;1.5185;1;0.5145;1;2.178;1;256;2.95;0.70
TEL2004530_100;MFD_SETNO100;43.8818;59.2577;269003;5;28-jul-04;20:07:21;31.42;14.168;4.781;0.41006976744186;1;31.44;1;6.154;7;NaN;9;NaN;9;NaN;9;256;NaN;NaN
TEL2004530_100;MFD_SETNO100;43.8818;59.2577;269002;25;28-jul-04;20:07:21;32.022;6.511;4.7351;1.68319437984496;1;NaN;9;NaN;9;NaN;9;NaN;9;NaN;9;0;NaN;NaN
TEL2004530_100;MFD_SETNO100;43.8818;59.2577;269001;50;28-jul-04;20:07:21;32.536;3.043;4.7021;0.165980620155039;1;NaN;9;NaN;9;4.5205;1;0.7975;1;4.8485;1;0;5.67;0.93
TEL2004530_100;MFD_SETNO100;43.8818;59.2577;269000;62;28-jul-04;20:07:21;32.533;2.996;4.9391;0.156217054263566;1;32.563;1;6.6885;7;4.588;1;0.8085;1;4.9515;1;256;5.67;0.93
TEL2004530_101;MFD_SETNO101;43.6564;59.399017;269007;5;28-jul-04;22:44:21;31.952;19.948;4.0675;0.380779069767442;1;32.002;1;5.3075;7;0;1;0.1675;1;0.381;1;256;0.00;0.00
TEL2004530_101;MFD_SETNO101;43.6564;59.399017;269006;25;28-jul-04;22:44:21;32.624;9.371;4.3763;0.585813953488372;1;NaN;9;NaN;9;0;1;0.2385;1;0.541;1;0;0.00;0.00
TEL2004530_101;MFD_SETNO101;43.6564;59.399017;269005;50;28-jul-04;22:44:21;32.863;5.107;4.7628;0.737149224806201;1;NaN;9;NaN;9;0.3705;1;0.487;1;1.2595;1;0;0.76;0.29
TEL2004530_101;MFD_SETNO101;43.6564;59.399017;269004;195;28-jul-04;22:44:21;34.628;6.384;3.5462;0.0225005813953488;1;34.643;1;4.599;7;17.428;1;1.176;1;10.812;1;256;14.82;1.61
TEL2004530_102;MFD_SETNO102;43.696517;59.77545;269011;5;29-jul-04;01:26:50;32.219;19.803;4.3027;0.405187984496124;1;32.245;1;5.41;7;0;1;0.1265;1;0.349;1;256;0.00;0.00
TEL2004530_102;MFD_SETNO102;43.696517;59.77545;269010;25;29-jul-04;01:26:50;32.732;7.076;4.6636;1.40555406976744;1;NaN;9;NaN;9;0;1;0.282;1;0.439;1;0;0.00;0.00
TEL2004530_102;MFD_SETNO102;43.696517;59.77545;269009;50;29-jul-04;01:26:50;32.751;2.171;4.7735;0.278261627906977;1;NaN;9;NaN;9;3.9975;1;0.748;1;2.741;1;0;5.34;1.46
TEL2004530_102;MFD_SETNO102;43.696517;59.77545;269008;83;29-jul-04;01:26:50;33.091;2.414;4.7992;0.0709633720930232;1;32.934;7;6.6015;7;7.5485;1;0.929;1;5.908;1;256;8.13;1.28
TEL2004530_103;MFD_SETNO103;43.792783;59.880033;269014;5;29-jul-04;03:05:59;31.379;15.619;4.5753;0.400306201550388;1;31.369;1;6.0865;7;0;1;0.2325;1;0.2225;1;256;0.00;0.00
TEL2004530_103;MFD_SETNO103;43.792783;59.880033;269013;25;29-jul-04;03:05:59;31.958;6.82;4.8989;1.76995697674419;1;NaN;9;NaN;9;0.076;1;0.3705;1;0.5105;1;0;0.21;0.15
TEL2004530_103;MFD_SETNO103;43.792783;59.880033;269012;51;29-jul-04;03:05:59;32.279;4.555;5.0052;0.763510852713178;1;32.299;1;6.825;7;2.4725;1;0.679;1;4.0685;1;256;3.64;0.61
TEL2004530_104;MFD_SETNO104;43.549267;59.946417;269018;5;29-jul-04;05:57:49;32.252;19.689;4.2606;0.307552325581395;1;32.279;1;5.447;7;0;1;0.157;1;0.876;1;256;0.00;0.00
TEL2004530_104;MFD_SETNO104;43.549267;59.946417;269017;25;29-jul-04;05:57:49;32.706;6.358;4.404;1.63113682170543;1;NaN;9;NaN;9;0;1;0.345;1;1.0545;1;0;0.00;0.00
TEL2004530_104;MFD_SETNO104;43.549267;59.946417;269016;50;29-jul-04;05:57:49;32.994;5.231;4.7558;0.642043217054263;1;NaN;9;NaN;9;1.1315;1;0.5125;1;1.597;1;0;2.21;0.71
TEL2004530_104;MFD_SETNO104;43.549267;59.946417;269015;232;29-jul-04;05:57:49;34.667;5.505;3.6878;0.0140684108527132;1;34.682;1;4.8045;7;19.2545;1;1.263;1;12.4625;1;256;15.25;1.54
TEL2004530_105;MFD_SETNO105;43.485033;60.212983;269022;5;29-jul-04;09:59:50;32.252;19.29;4.2056;0.317315891472868;1;32.279;1;5.3645;7;0;1;0.13;1;0.953;1;256;0.00;0.00
TEL2004530_105;MFD_SETNO105;43.485033;60.212983;269021;25;29-jul-04;09:59:50;32.332;7.109;4.393;1.37084903100775;1;NaN;9;NaN;9;0;1;0.309;1;0.803;1;0;0.00;0.00
TEL2004530_105;MFD_SETNO105;43.485033;60.212983;269020;50;29-jul-04;09:59:50;32.789;2.139;4.5903;0.0813482558139535;1;NaN;9;NaN;9;6.879;1;0.874;1;4.856;1;0;7.87;1.42
TEL2004530_105;MFD_SETNO105;43.485033;60.212983;269019;136;29-jul-04;09:59:50;33.923;4.765;4.3523;0.0363470930232558;1;33.909;1;5.658;7;12.133;1;0.9915;1;8.8855;1;256;12.24;1.37
TEL2004530_106;MFD_SETNO106;43.449;60.41905;269026;5;29-jul-04;11:57:02;31.846;18.271;4.3624;0.642043217054264;1;31.917;1;5.5555;7;0;1;0.175;1;0.6945;1;256;0.00;0.00
TEL2004530_106;MFD_SETNO106;43.449;60.41905;269025;25;29-jul-04;11:57:02;32.593;7.291;4.6809;1.07585620155039;1;NaN;9;NaN;9;0;1;0.3025;1;0.911;1;0;0.00;0.00
TEL2004530_106;MFD_SETNO106;43.449;60.41905;269024;50;29-jul-04;11:57:02;32.662;3.488;4.8525;0.850273449612403;1;NaN;9;NaN;9;1.012;1;0.476;1;1.769;1;0;2.13;0.57
TEL2004530_106;MFD_SETNO106;43.449;60.41905;269023;138;29-jul-04;11:57:02;33.536;3.691;4.5574;0.046731976744186;1;33.498;1;6.0555;7;11.448;1;1.0275;1;8.906;1;256;11.14;1.29
TEL2004530_107;MFD_SETNO107;43.741667;60.381967;269030;5;29-jul-04;14:31:57;31.342;16.465;4.4925;0.385660852713178;1;31.372;1;5.808;7;0;1;0.262;1;0.3745;1;256;0.00;0.00
TEL2004530_107;MFD_SETNO107;43.741667;60.381967;269029;25;29-jul-04;14:31:57;31.685;10.712;4.6623;0.610222868217054;1;NaN;9;NaN;9;0;1;0.335;1;0.464;1;0;0.00;0.00
TEL2004530_107;MFD_SETNO107;43.741667;60.381967;269028;50;29-jul-04;14:31:57;32.135;4.923;4.4794;1.33614399224806;1;NaN;9;NaN;9;1.5865;1;0.71;1;4.9145;1;0;2.23;0.32
TEL2004530_107;MFD_SETNO107;43.741667;60.381967;269027;57;29-jul-04;14:31:57;32.169;4.419;4.5949;0.642043217054264;1;32.17;1;6.351;7;2.001;1;0.7815;1;6.086;1;256;2.56;0.33
TEL2004530_108;MFD_SETNO108;43.754617;60.775017;269033;5;29-jul-04;17:08:23;31.631;17.377;4.2768;0.419833333333333;1;31.657;1;5.663;7;0;1;0.264;1;0.631;1;256;0.00;0.00
TEL2004530_108;MFD_SETNO108;43.754617;60.775017;269032;25;29-jul-04;17:08:23;31.892;8.171;4.5146;2.32523759689922;1;NaN;9;NaN;9;0;1;0.398;1;0.4275;1;0;0.00;0.00
TEL2004530_108;MFD_SETNO108;43.754617;60.775017;269031;41;29-jul-04;17:08:23;31.859;7.939;5.0442;2.68964050387597;1;31.883;1;6.8545;7;0.003;1;0.429;1;0.42;1;256;0.01;0.01
TEL2004530_109;MFD_SETNO109;43.455933;60.805417;269037;5;29-jul-04;19:42:07;31.619;17.478;4.5034;0.463769379844961;1;31.762;7;6.171;7;0;1;0.2455;1;0.535;1;256;0.00;0.00
TEL2004530_109;MFD_SETNO109;43.455933;60.805417;269036;25;29-jul-04;19:42:07;32.429;4.474;4.6867;1.35349651162791;1;NaN;9;NaN;9;0.721;1;0.4715;1;1.6395;1;0;1.53;0.44
TEL2004530_109;MFD_SETNO109;43.455933;60.805417;269035;50;29-jul-04;19:42:07;32.586;2.436;4.7631;0.20503488372093;1;NaN;9;NaN;9;5.083;1;0.839;1;4.7285;1;0;6.06;1.07
TEL2004530_109;MFD_SETNO109;43.455933;60.805417;269034;83;29-jul-04;19:42:07;32.778;2.432;4.9271;0.112281007751938;1;32.805;1;6.642;7;6.607;1;0.892;1;5.796;1;256;7.41;1.14
TEL2004530_110;MFD_SETNO110;43.469533;60.99725;269041;5;29-jul-04;21:34:58;31.587;17.163;4.6963;0.607338178294574;1;31.702;7;6.0545;7;0;1;0.2485;1;0.62;1;256;0.00;0.00
TEL2004530_110;MFD_SETNO110;43.469533;60.99725;269040;25;29-jul-04;21:34:58;32.384;5.227;4.8392;1.40555406976744;1;NaN;9;NaN;9;0.12;1;0.4345;1;1.2735;1;0;0.28;0.09
TEL2004530_110;MFD_SETNO110;43.469533;60.99725;269039;50;29-jul-04;21:34:58;32.53;2.446;4.7872;0.165980620155039;1;NaN;9;NaN;9;4.4775;1;0.8525;1;5.2;1;0;5.25;0.86
TEL2004530_110;MFD_SETNO110;43.469533;60.99725;269038;68;29-jul-04;21:34:58;32.598;2.27;4.8835;0.21968023255814;1;32.622;1;6.6695;7;5.597;1;0.9425;1;7.1545;1;256;5.94;0.78
TEL2004530_111;MFD_SETNO111;43.542467;61.406633;269045;5;30-jul-04;00:13:48;31.396;17.169;4.5699;0.42471511627907;1;31.432;1;5.776;7;0;1;0.241;1;0.448;1;256;0.00;0.00
TEL2004530_111;MFD_SETNO111;43.542467;61.406633;269044;25;30-jul-04;00:13:48;31.989;6.168;4.6484;1.26673391472868;1;NaN;9;NaN;9;0.075;1;0.4205;1;0.4625;1;0;0.18;0.16
TEL2004530_111;MFD_SETNO111;43.542467;61.406633;269043;50;30-jul-04;00:13:48;32.296;3.262;4.6718;0.867625968992248;1;NaN;9;NaN;9;2.24;1;0.8075;1;6.3255;1;0;2.77;0.35
TEL2004530_111;MFD_SETNO111;43.542467;61.406633;269042;61;30-jul-04;00:13:48;32.28;3.24;4.8891;0.763510852713178;1;32.306;1;6.639;7;2.2525;1;0.829;1;6.384;1;256;2.72;0.35
TEL2004530_112;MFD_SETNO112;43.26635;61.3949;269049;5;30-jul-04;02:58:13;31.355;16.513;4.5313;0.327079457364341;1;31.377;1;5.8465;7;0;1;0.2665;1;0.3665;1;256;0.00;0.00
TEL2004530_112;MFD_SETNO112;43.26635;61.3949;269048;25;30-jul-04;02:58:13;31.756;12.417;4.6527;0.414951550387597;1;NaN;9;NaN;9;0;1;0.255;1;0.4185;1;0;0.00;0.00
TEL2004530_112;MFD_SETNO112;43.26635;61.3949;269047;50;30-jul-04;02:58:13;32.466;3.339;4.7302;1.80466201550388;1;NaN;9;NaN;9;0.2895;1;0.4525;1;1.461;1;0;0.64;0.20
TEL2004530_112;MFD_SETNO112;43.26635;61.3949;269046;76;30-jul-04;02:58:13;32.826;2.552;4.8631;0.131808139534884;1;32.843;1;6.6705;7;6.634;1;0.9085;1;6.165;1;256;7.30;1.08
TEL2004530_113;MFD_SETNO113;42.9523;61.87;269053;5;30-jul-04;07:55:55;31.686;15.836;4.6399;0.434478682170542;1;31.728;1;5.9215;7;0.006;1;0.2555;1;0.405;1;256;0.02;0.01
TEL2004530_113;MFD_SETNO113;42.9523;61.87;269052;25;30-jul-04;07:55:55;32.615;7.712;4.7778;0.971741085271318;1;NaN;9;NaN;9;0.0295;1;0.2765;1;0.602;1;0;0.11;0.05
TEL2004530_113;MFD_SETNO113;42.9523;61.87;269051;50;30-jul-04;07:55:55;32.802;2.229;4.5383;0.0709633720930233;1;NaN;9;NaN;9;6.7685;1;0.8755;1;5.669;1;0;7.73;1.19
TEL2004530_113;MFD_SETNO113;42.9523;61.87;269050;386;30-jul-04;07:55:55;34.817;5.078;3.8965;0.0155773255813954;1;34.833;1;5.057;7;19.297;1;1.273;1;13.002;1;256;15.16;1.48
TEL2004530_114;MFD_SETNO114;43.145067;61.8548;269062;3;30-jul-04;11:03:59;31.588;16.078;4.4553;0.27337984496124;1;31.624;1;5.8945;7;0.024;1;0.239;1;0.461;1;256;0.10;0.05
TEL2004530_114;MFD_SETNO114;43.145067;61.8548;269061;10;30-jul-04;11:03:59;31.623;15.876;4.4468;0.41006976744186;1;NaN;9;NaN;9;0.013;1;0.278;1;0.438;1;0;0.05;0.03
TEL2004530_114;MFD_SETNO114;43.145067;61.8548;269060;20;30-jul-04;11:03:59;31.825;13.014;4.4615;0.971741085271318;1;NaN;9;NaN;9;0.0405;1;0.354;1;0.651;1;0;0.11;0.06
TEL2004530_114;MFD_SETNO114;43.145067;61.8548;269059;30;30-jul-04;11:03:59;32.039;8.246;4.5939;1.12791375968992;1;NaN;9;NaN;9;0.0595;1;0.355;1;0.5285;1;0;0.17;0.11
TEL2004530_114;MFD_SETNO114;43.145067;61.8548;269058;40;30-jul-04;11:03:59;32.154;6.997;4.8845;0.832920930232558;1;32.354;7;7.167;7;1.3775;1;0.6085;1;1.8675;1;256;2.26;0.74
TEL2004530_114;MFD_SETNO114;43.145067;61.8548;269057;50;30-jul-04;11:03:59;32.384;3.455;4.7216;0.234325581395349;1;NaN;9;NaN;9;2.6355;1;0.7665;1;3.284;1;0;3.44;0.80
TEL2004530_114;MFD_SETNO114;43.145067;61.8548;269056;60;30-jul-04;11:03:59;32.541;2.391;4.7224;0.131808139534884;1;NaN;9;NaN;9;4.6195;1;0.897;1;5.1215;1;0;5.15;0.90
TEL2004530_114;MFD_SETNO114;43.145067;61.8548;269055;80;30-jul-04;11:03:59;32.766;2.163;4.7308;0.0380779069767442;1;NaN;9;NaN;9;6.573;1;0.9905;1;7.366;1;0;6.64;0.89
TEL2004530_114;MFD_SETNO114;43.145067;61.8548;269054;92;30-jul-04;11:03:59;32.868;2.283;4.797;0.0398087209302325;1;32.853;1;6.4695;7;6.966;1;0.986;1;7.3015;1;256;7.06;0.95
TEL2004530_115;MFD_SETNO115;43.333467;61.957783;269066;5;30-jul-04;13:41:56;31.6;17.954;4.3603;0.351488372093023;1;31.622;1;5.5065;7;0.011;1;0.2085;1;0.447;1;256;0.05;0.02
TEL2004530_115;MFD_SETNO115;43.333467;61.957783;269065;25;30-jul-04;13:41:56;32.158;7.141;4.7568;0.678567829457364;1;NaN;9;NaN;9;0.025;1;0.2965;1;0.5085;1;0;0.08;0.05
TEL2004530_115;MFD_SETNO115;43.333467;61.957783;269064;50;30-jul-04;13:41:56;32.52;2.759;4.9723;0.463769379844961;1;NaN;9;NaN;9;1.5235;1;0.645;1;1.0715;1;0;2.36;1.42
TEL2004530_115;MFD_SETNO115;43.333467;61.957783;269063;90;30-jul-04;13:41:56;32.767;2.137;4.838;0.0450011627906977;1;32.79;1;6.5945;7;6.4175;1;0.9975;1;7.3855;1;256;6.43;0.87
TEL2004530_116;MFD_SETNO116;43.741717;61.831183;269070;5;30-jul-04;16:50:22;31.66;18.274;4.2544;0.292906976744186;1;31.693;1;5.5585;7;0.0115;1;0.231;1;0.3945;1;256;0.05;0.03
TEL2004530_116;MFD_SETNO116;43.741717;61.831183;269069;25;30-jul-04;16:50:22;32.084;5.749;4.4831;1.61378430232558;1;NaN;9;NaN;9;0.0255;1;0.368;1;1.604;1;0;0.07;0.02
TEL2004530_116;MFD_SETNO116;43.741717;61.831183;269068;50;30-jul-04;16:50:22;32.472;2.767;4.8743;0.746158333333333;1;NaN;9;NaN;9;1.808;1;0.6735;1;2.0685;1;0;2.68;0.87
TEL2004530_116;MFD_SETNO116;43.741717;61.831183;269067;80;30-jul-04;16:50:22;32.758;2.129;4.8131;0.0571168604651163;1;32.788;1;6.542;7;6.191;1;0.912;1;6.7545;1;256;6.79;0.92
TEL2004530_117;MFD_SETNO117;44.271817;63.3234;269080;1;30-jul-04;23:07:32;31.364;18.437;4.2266;1.07585620155039;1;31.378;1;5.615;7;0.0785;1;0.204;1;0.4895;1;256;0.38;0.16
TEL2004530_117;MFD_SETNO117;44.271817;63.3234;269079;5;30-jul-04;23:07:32;31.363;18.437;4.2479;1.11056124031008;1;NaN;9;NaN;9;0.0665;1;0.194;1;0.8965;1;0;0.34;0.07
TEL2004530_117;MFD_SETNO117;44.271817;63.3234;269078;10;30-jul-04;23:07:32;31.369;18.414;4.2593;1.1973238372093;1;NaN;9;NaN;9;0.066;1;0.214;1;0.5125;1;0;0.31;0.13
TEL2004530_117;MFD_SETNO117;44.271817;63.3234;269077;20;30-jul-04;23:07:32;31.886;11.764;4.0276;0.919683527131783;1;NaN;9;NaN;9;0.02;1;0.307;1;0.481;1;0;0.07;0.04
TEL2004530_117;MFD_SETNO117;44.271817;63.3234;269076;30;30-jul-04;23:07:32;32.146;5.499;4.4766;0.798215891472868;1;NaN;9;NaN;9;0.053;1;0.388;1;0.6725;1;0;0.14;0.08
TEL2004530_117;MFD_SETNO117;44.271817;63.3234;269075;40;30-jul-04;23:07:32;32.351;3.148;4.9111;0.867625968992248;1;32.367;1;7.662;7;0.3945;1;0.512;1;1.186;1;256;0.77;0.33
TEL2004530_117;MFD_SETNO117;44.271817;63.3234;269074;50;30-jul-04;23:07:32;32.505;2.446;4.9328;0.555280620155039;1;NaN;9;NaN;9;3.7155;1;0.707;1;2.506;1;0;5.26;1.48
TEL2004530_117;MFD_SETNO117;44.271817;63.3234;269073;75;30-jul-04;23:07:32;32.864;2.731;4.7485;0.200153100775194;1;NaN;9;NaN;9;7.6405;1;0.899;1;5.5235;1;0;8.50;1.38
TEL2004530_117;MFD_SETNO117;44.271817;63.3234;269072;100;30-jul-04;23:07:32;33.234;3.93;4.3018;0.0328854651162791;1;NaN;9;NaN;9;11.5685;1;1.0665;1;9.1815;1;0;10.85;1.26
TEL2004530_117;MFD_SETNO117;44.271817;63.3234;269071;152;30-jul-04;23:07:32;33.866;6.125;3.3782;0.0190389534883721;1;33.864;1;4.2955;1;15.245;1;1.376;1;15.8265;1;0;11.08;0.96
