CTD;CTD;CTD;CTD;CTD;CTD;CTD;CTD;CTD;CTD;CTD;labo;labo;terrain;labo;labo;labo;labo;calc;calc
Fichier;Station;Latitude;Longitude;Echantillon;zbouteille;Date;Heure;PSAL;TEMP_XX;DOXY;OXY_XX;Q_OXY;TEMP_RT;Q_TEMP_RT;SSAL_BS;Q_SSAL;QCFF;N_P;N_Si
(nom);(nom/no);(degres);(degres);(no_unique);(dbar);(jj-mmm-yyyy);(GMT);(psu);(celsius);(ml/l);(ml/l);((none));(celsius);((none));(g/kg);((none));((none));((none));((none))
TEM2008830_1;MFD_SETNO1;44.272717;-63.319433;321150;2;06-jul-08;02:14:22;30.6251;13.2553;3.84657;3.84657;1;13.2553;1;30.6251;1;0;NaN;NaN
TEM2008830_1;MFD_SETNO1;44.272717;-63.319433;321149;5;06-jul-08;02:14:22;30.5521;12.4231;3.87686;3.87686;1;12.4231;1;30.5521;1;0;NaN;NaN
TEM2008830_1;MFD_SETNO1;44.272717;-63.319433;321148;10;06-jul-08;02:14:22;31.0857;7.0606;4.34006;4.34006;1;7.0606;1;31.0857;1;0;NaN;NaN
TEM2008830_1;MFD_SETNO1;44.272717;-63.319433;321147;20;06-jul-08;02:14:22;31.5007;3.1694;4.54225;4.54225;1;3.1694;1;31.5007;1;0;NaN;NaN
TEM2008830_1;MFD_SETNO1;44.272717;-63.319433;321146;30;06-jul-08;02:14:22;31.851;3.5851;4.51828;4.51828;1;3.5851;1;31.851;1;0;NaN;NaN
TEM2008830_1;MFD_SETNO1;44.272717;-63.319433;321145;40;06-jul-08;02:14:22;31.9481;2.285;4.45315;4.45315;1;2.285;1;31.9481;1;0;NaN;NaN
TEM2008830_1;MFD_SETNO1;44.272717;-63.319433;321144;49;06-jul-08;02:14:22;32.1289;2.1591;4.24168;4.24168;1;2.1591;1;32.1289;1;0;NaN;NaN
TEM2008830_1;MFD_SETNO1;44.272717;-63.319433;321143;75;06-jul-08;02:14:22;32.3377;2.1087;4.07656;4.07656;1;2.1087;1;32.3377;1;0;NaN;NaN
TEM2008830_1;MFD_SETNO1;44.272717;-63.319433;321142;100;06-jul-08;02:14:22;32.7326;2.7488;3.66194;3.66194;1;2.7488;1;32.7326;1;0;NaN;NaN
TEM2008830_1;MFD_SETNO1;44.272717;-63.319433;321141;150;06-jul-08;02:14:22;33.9106;6.5871;2.6844;2.6844;1;6.5871;1;33.9106;1;0;NaN;NaN
TEM2008830_2;MFD_SETNO2;44.2667;-63.1917;321154;5;06-jul-08;05:34:39;30.4208;12.7689;3.86037;3.86037;1;12.7689;1;30.4208;1;0;NaN;NaN
TEM2008830_2;MFD_SETNO2;44.2667;-63.1917;321153;26;06-jul-08;05:34:39;31.4492;3.1039;4.62383;4.62383;1;3.1039;1;31.4492;1;0;NaN;NaN
TEM2008830_2;MFD_SETNO2;44.2667;-63.1917;321152;50;06-jul-08;05:34:39;31.9489;2.7073;4.54825;4.54825;1;2.7073;1;31.9489;1;0;NaN;NaN
TEM2008830_2;MFD_SETNO2;44.2667;-63.1917;321151;165;06-jul-08;05:34:39;34.5311;8.0353;2.10018;2.10018;1;8.0353;1;34.5311;1;0;NaN;NaN
TEM2008830_3;MFD_SETNO3;44.05235;-63.60585;321158;5;06-jul-08;10:00:58;30.9956;13.3783;3.74753;3.74753;1;13.3783;1;30.9956;1;0;NaN;NaN
TEM2008830_3;MFD_SETNO3;44.05235;-63.60585;321157;25;06-jul-08;10:00:58;31.9017;5.9881;4.59527;4.59527;1;5.9881;1;31.9017;1;0;NaN;NaN
TEM2008830_3;MFD_SETNO3;44.05235;-63.60585;321156;50;06-jul-08;10:00:58;32.1405;2.7926;4.38849;4.38849;1;2.7926;1;32.1405;1;0;NaN;NaN
TEM2008830_3;MFD_SETNO3;44.05235;-63.60585;321155;166;06-jul-08;10:00:58;34.5636;8.1999;2.18443;2.18443;1;8.1999;1;34.5636;1;0;NaN;NaN
TEM2008830_4;MFD_SETNO4;43.841883;-64.055567;321162;5;06-jul-08;14:06:14;31.1589;12.8722;3.51955;3.51955;1;12.8722;1;31.1589;1;0;NaN;NaN
TEM2008830_4;MFD_SETNO4;43.841883;-64.055567;321161;25;06-jul-08;14:06:14;31.4189;3.9718;4.49854;4.49854;1;3.9718;1;31.4189;1;0;NaN;NaN
TEM2008830_4;MFD_SETNO4;43.841883;-64.055567;321160;49;06-jul-08;14:06:14;31.9848;2.8709;4.35538;4.35538;1;2.8709;1;31.9848;1;0;NaN;NaN
TEM2008830_4;MFD_SETNO4;43.841883;-64.055567;321159;181;06-jul-08;14:06:14;34.6235;8.1524;1.85266;1.85266;1;8.1524;1;34.6235;1;0;NaN;NaN
TEM2008830_5;MFD_SETNO5;43.6655;-63.954867;321166;6;06-jul-08;16:54:45;31.3174;14.559;3.32169;3.32169;1;14.559;1;31.3174;1;0;NaN;NaN
TEM2008830_5;MFD_SETNO5;43.6655;-63.954867;321165;27;06-jul-08;16:54:45;35.2543;4.1539;3.80677;3.80677;1;4.1539;1;35.2543;7;512;NaN;NaN
TEM2008830_5;MFD_SETNO5;43.6655;-63.954867;321164;50;06-jul-08;16:54:45;32.139;3.1897;4.2011;4.2011;1;3.1897;1;32.139;7;512;NaN;NaN
TEM2008830_5;MFD_SETNO5;43.6655;-63.954867;321163;220;06-jul-08;16:54:45;34.7022;8.2054;1.69652;1.69652;1;8.2054;1;34.7022;1;0;NaN;NaN
TEM2008830_6;MFD_SETNO6;43.71085;-63.424767;321170;5;06-jul-08;20:58:31;30.9879;14.3058;3.33664;3.33664;1;14.3058;1;30.9879;1;0;NaN;NaN
TEM2008830_6;MFD_SETNO6;43.71085;-63.424767;321169;25;06-jul-08;20:58:31;34.673;8.2967;3.43739;3.43739;1;8.2967;1;34.673;1;0;NaN;NaN
TEM2008830_6;MFD_SETNO6;43.71085;-63.424767;321168;51;06-jul-08;20:58:31;34.7325;2.4027;3.5626;3.5626;1;2.4027;1;34.7325;1;0;NaN;NaN
TEM2008830_6;MFD_SETNO6;43.71085;-63.424767;321167;131;06-jul-08;20:58:31;34.0463;7.0008;2.67819;2.67819;1;7.0008;1;34.0463;1;0;NaN;NaN
TEM2008830_7;MFD_SETNO7;43.7567;-63.116767;321174;5;06-jul-08;23:33:55;30.4937;13.6908;3.23427;3.23427;1;13.6908;1;30.4937;1;0;NaN;NaN
TEM2008830_7;MFD_SETNO7;43.7567;-63.116767;321173;26;06-jul-08;23:33:55;33.8249;6.7828;3.47803;3.47803;1;6.7828;1;33.8249;1;0;NaN;NaN
TEM2008830_7;MFD_SETNO7;43.7567;-63.116767;321172;50;06-jul-08;23:33:55;35.4266;2.6754;3.36456;3.36456;1;2.6754;1;35.4266;1;0;NaN;NaN
TEM2008830_7;MFD_SETNO7;43.7567;-63.116767;321171;225;06-jul-08;23:33:55;34.7862;8.5769;2.05669;2.05669;1;8.5769;1;34.7862;1;0;NaN;NaN
TEM2008830_9;MFD_SETNO9;43.58025;-63.40785;321178;5;07-jul-08;03:49:42;31.0823;13.5974;3.84452;3.84452;1;13.5974;1;31.0823;1;0;NaN;NaN
TEM2008830_9;MFD_SETNO9;43.58025;-63.40785;321177;26;07-jul-08;03:49:42;31.8528;5.6186;4.70568;4.70568;1;5.6186;1;31.8528;1;0;NaN;NaN
TEM2008830_9;MFD_SETNO9;43.58025;-63.40785;321176;51;07-jul-08;03:49:42;32.2091;3.2871;4.48534;4.48534;1;3.2871;1;32.2091;1;0;NaN;NaN
TEM2008830_9;MFD_SETNO9;43.58025;-63.40785;321175;115;07-jul-08;03:49:42;34.125;7.1572;2.66625;2.66625;1;7.1572;1;34.125;1;0;NaN;NaN
TEM2008830_10;MFD_SETNO10;43.3519;-63.445433;321182;5;07-jul-08;06:16:04;31.1219;15.4982;3.63823;3.63823;1;15.4982;1;31.1219;1;0;NaN;NaN
TEM2008830_10;MFD_SETNO10;43.3519;-63.445433;321181;26;07-jul-08;06:16:04;31.5635;3.6913;4.71313;4.71313;1;3.6913;1;31.5635;1;0;NaN;NaN
TEM2008830_10;MFD_SETNO10;43.3519;-63.445433;321180;51;07-jul-08;06:16:04;32.0793;2.9021;4.42411;4.42411;1;2.9021;1;32.0793;1;0;NaN;NaN
TEM2008830_10;MFD_SETNO10;43.3519;-63.445433;321179;139;07-jul-08;06:16:04;34.5248;8.0711;2.41568;2.41568;1;8.0711;1;34.5248;1;0;NaN;NaN
TEM2008830_11;MFD_SETNO11;43.207283;-63.442333;321186;5;07-jul-08;08:17:18;31.0974;14.9984;3.73924;3.73924;1;14.9984;1;31.0974;1;0;NaN;NaN
TEM2008830_11;MFD_SETNO11;43.207283;-63.442333;321185;25;07-jul-08;08:17:18;31.6157;4.3638;4.82791;4.82791;1;4.3638;1;31.6157;1;0;NaN;NaN
TEM2008830_11;MFD_SETNO11;43.207283;-63.442333;321184;50;07-jul-08;08:17:18;32.0796;2.9948;4.44155;4.44155;1;2.9948;1;32.0796;1;0;NaN;NaN
TEM2008830_11;MFD_SETNO11;43.207283;-63.442333;321183;140;07-jul-08;08:17:18;34.8367;8.8553;2.39276;2.39276;1;8.8553;1;34.8367;1;0;NaN;NaN
TEM2008830_12;MFD_SETNO12;43.095767;-63.78695;321190;4;07-jul-08;11:00:10;31.2632;14.3296;3.83383;3.83383;1;14.3296;1;31.2632;1;0;NaN;NaN
TEM2008830_12;MFD_SETNO12;43.095767;-63.78695;321189;25;07-jul-08;11:00:10;31.664;3.7638;4.88661;4.88661;1;3.7638;1;31.664;1;0;NaN;NaN
TEM2008830_12;MFD_SETNO12;43.095767;-63.78695;321188;50;07-jul-08;11:00:10;31.9624;2.7299;4.50442;4.50442;1;2.7299;1;31.9624;1;0;NaN;NaN
TEM2008830_12;MFD_SETNO12;43.095767;-63.78695;321187;118;07-jul-08;11:00:10;32.765;3.6585;3.85861;3.85861;1;3.6585;1;32.765;1;0;NaN;NaN
TEM2008830_13;MFD_SETNO13;42.9634;-64.014;321194;5;07-jul-08;13:10:46;31.2584;15.435;3.70312;3.70312;1;15.435;1;31.2584;1;0;NaN;NaN
TEM2008830_13;MFD_SETNO13;42.9634;-64.014;321193;25;07-jul-08;13:10:46;31.3665;6.8469;4.68709;4.68709;1;6.8469;1;31.3665;1;0;NaN;NaN
TEM2008830_13;MFD_SETNO13;42.9634;-64.014;321192;50;07-jul-08;13:10:46;32.1607;2.6816;4.40162;4.40162;1;2.6816;1;32.1607;1;0;NaN;NaN
TEM2008830_13;MFD_SETNO13;42.9634;-64.014;321191;95;07-jul-08;13:10:46;32.3828;2.9031;4.12589;4.12589;1;2.9031;1;32.3828;1;0;NaN;NaN
TEM2008830_14;MFD_SETNO14;43.173283;-64.15425;321198;5;07-jul-08;15:38:17;31.2758;14.9349;3.84498;3.84498;1;14.9349;1;31.2758;1;0;NaN;NaN
TEM2008830_14;MFD_SETNO14;43.173283;-64.15425;321197;25;07-jul-08;15:38:17;31.4739;7.3253;4.66326;4.66326;1;7.3253;1;31.4739;1;0;NaN;NaN
TEM2008830_14;MFD_SETNO14;43.173283;-64.15425;321196;50;07-jul-08;15:38:17;31.8543;3.3955;4.68338;4.68338;1;3.3955;1;31.8543;1;0;NaN;NaN
TEM2008830_14;MFD_SETNO14;43.173283;-64.15425;321195;85;07-jul-08;15:38:17;32.1429;2.8485;4.36271;4.36271;1;2.8485;1;32.1429;1;0;NaN;NaN
TEM2008830_15;MFD_SETNO15;43.259717;-64.08275;321202;5;07-jul-08;17:23:15;31.2639;15.1289;3.8087;3.8087;1;15.1289;1;31.2639;1;0;NaN;NaN
TEM2008830_15;MFD_SETNO15;43.259717;-64.08275;321201;25;07-jul-08;17:23:15;31.4405;7.4403;4.62422;4.62422;1;7.4403;1;31.4405;1;0;NaN;NaN
TEM2008830_15;MFD_SETNO15;43.259717;-64.08275;321200;51;07-jul-08;17:23:15;31.8947;3.314;4.5758;4.5758;1;3.314;1;31.8947;1;0;NaN;NaN
TEM2008830_15;MFD_SETNO15;43.259717;-64.08275;321199;89;07-jul-08;17:23:15;32.1777;2.737;4.33152;4.33152;1;2.737;1;32.1777;1;0;NaN;NaN
TEM2008830_16;MFD_SETNO16;43.575617;-64.219483;321206;5;07-jul-08;20:48:29;31.0794;15.1158;3.77948;3.77948;1;15.1158;1;31.0794;1;0;NaN;NaN
TEM2008830_16;MFD_SETNO16;43.575617;-64.219483;321205;25;07-jul-08;20:48:29;31.5509;4.9122;4.89891;4.89891;1;4.9122;1;31.5509;1;0;NaN;NaN
TEM2008830_16;MFD_SETNO16;43.575617;-64.219483;321204;50;07-jul-08;20:48:29;31.9263;3.2894;4.54607;4.54607;1;3.2894;1;31.9263;1;0;NaN;NaN
TEM2008830_16;MFD_SETNO16;43.575617;-64.219483;321203;201;07-jul-08;20:48:29;34.6534;8.0329;1.6952;1.6952;1;8.0329;1;34.6534;1;0;NaN;NaN
TEM2008830_17;MFD_SETNO17;43.380517;-64.457683;321210;5;07-jul-08;23:54:13;31.2651;13.2974;3.9843;3.9843;1;13.2974;1;31.2651;1;0;NaN;NaN
TEM2008830_17;MFD_SETNO17;43.380517;-64.457683;321209;25;07-jul-08;23:54:13;31.4714;6.7404;4.65166;4.65166;1;6.7404;1;31.4714;1;0;NaN;NaN
TEM2008830_17;MFD_SETNO17;43.380517;-64.457683;321208;50;07-jul-08;23:54:13;31.999;3.1254;4.49736;4.49736;1;3.1254;1;31.999;1;0;NaN;NaN
TEM2008830_17;MFD_SETNO17;43.380517;-64.457683;321207;138;07-jul-08;23:54:13;33.8998;6.3315;2.5784;2.5784;1;6.3315;1;33.8998;1;0;NaN;NaN
TEM2008830_18;MFD_SETNO18;43.447967;-64.57995;321214;5;08-jul-08;02:01:53;31.2593;12.4718;4.11074;4.11074;1;12.4718;1;31.2593;1;0;NaN;NaN
TEM2008830_18;MFD_SETNO18;43.447967;-64.57995;321213;25;08-jul-08;02:01:53;31.7708;4.5432;4.72527;4.72527;1;4.5432;1;31.7708;1;0;NaN;NaN
TEM2008830_18;MFD_SETNO18;43.447967;-64.57995;321212;50;08-jul-08;02:01:53;32.0817;3.2673;4.41302;4.41302;1;3.2673;1;32.0817;1;0;NaN;NaN
TEM2008830_18;MFD_SETNO18;43.447967;-64.57995;321211;74;08-jul-08;02:01:53;32.2129;3.4267;4.20143;4.20143;1;3.4267;1;32.2129;1;0;NaN;NaN
TEM2008830_19;MFD_SETNO19;43.402483;-64.857383;321218;6;08-jul-08;04:14:03;31.2467;14.5096;3.81314;3.81314;1;14.5096;1;31.2467;1;0;NaN;NaN
TEM2008830_19;MFD_SETNO19;43.402483;-64.857383;321217;25;08-jul-08;04:14:03;31.7646;4.9174;4.72911;4.72911;1;4.9174;1;31.7646;1;0;NaN;NaN
TEM2008830_19;MFD_SETNO19;43.402483;-64.857383;321216;50;08-jul-08;04:14:03;31.9527;4.1639;4.46597;4.46597;1;4.1639;1;31.9527;1;0;NaN;NaN
TEM2008830_19;MFD_SETNO19;43.402483;-64.857383;321215;94;08-jul-08;04:14:03;32.3236;3.5125;4.16741;4.16741;1;3.5125;1;32.3236;1;0;NaN;NaN
TEM2008830_20;MFD_SETNO20;43.193933;-65.256717;321222;5;08-jul-08;07:55:34;31.7975;10.8401;4.10319;4.10319;1;10.8401;1;31.7975;1;0;NaN;NaN
TEM2008830_20;MFD_SETNO20;43.193933;-65.256717;321221;25;08-jul-08;07:55:34;31.7653;7.0534;4.48496;4.48496;1;7.0534;1;31.7653;1;0;NaN;NaN
TEM2008830_20;MFD_SETNO20;43.193933;-65.256717;321220;51;08-jul-08;07:55:34;31.9787;3.6248;4.43672;4.43672;1;3.6248;1;31.9787;1;0;NaN;NaN
TEM2008830_20;MFD_SETNO20;43.193933;-65.256717;321219;139;08-jul-08;07:55:34;33.036;4.496;3.3322;3.3322;1;4.496;1;33.036;1;0;NaN;NaN
TEM2008830_21;MFD_SETNO21;43.199417;-65.07325;321226;5;08-jul-08;09:56:47;31.3881;12.8352;4.07717;4.07717;1;12.8352;1;31.3881;1;0;NaN;NaN
TEM2008830_21;MFD_SETNO21;43.199417;-65.07325;321225;25;08-jul-08;09:56:47;31.7712;9.6998;4.40976;4.40976;1;9.6998;1;31.7712;1;0;NaN;NaN
TEM2008830_21;MFD_SETNO21;43.199417;-65.07325;321224;49;08-jul-08;09:56:47;32.015;3.6405;4.54101;4.54101;1;3.6405;1;32.015;1;0;NaN;NaN
TEM2008830_21;MFD_SETNO21;43.199417;-65.07325;321223;162;08-jul-08;09:56:47;33.2642;5.0671;3.12921;3.12921;1;5.0671;1;33.2642;1;0;NaN;NaN
TEM2008830_22;MFD_SETNO22;43.134517;-64.880083;321230;5;08-jul-08;11:56:11;31.3721;14.2969;3.84896;3.84896;1;14.2969;1;31.3721;1;0;NaN;NaN
TEM2008830_22;MFD_SETNO22;43.134517;-64.880083;321229;25;08-jul-08;11:56:11;31.703;5.0772;4.77147;4.77147;1;5.0772;1;31.703;1;0;NaN;NaN
TEM2008830_22;MFD_SETNO22;43.134517;-64.880083;321228;50;08-jul-08;11:56:11;32.1749;3.8269;4.2716;4.2716;1;3.8269;1;32.1749;1;0;NaN;NaN
TEM2008830_22;MFD_SETNO22;43.134517;-64.880083;321227;147;08-jul-08;11:56:11;33.192;5.05;3.25573;3.25573;1;5.05;1;33.192;1;0;NaN;NaN
TEM2008830_23;MFD_SETNO23;43.0668;-64.748667;321234;5;08-jul-08;13:40:35;31.4561;14.1013;3.91264;3.91264;1;14.1013;1;31.4561;1;0;NaN;NaN
TEM2008830_23;MFD_SETNO23;43.0668;-64.748667;321233;25;08-jul-08;13:40:35;31.6897;7.359;4.69808;4.69808;1;7.359;1;31.6897;1;0;NaN;NaN
TEM2008830_23;MFD_SETNO23;43.0668;-64.748667;321232;50;08-jul-08;13:40:35;32.0222;4.7829;4.44979;4.44979;1;4.7829;1;32.0222;1;0;NaN;NaN
TEM2008830_23;MFD_SETNO23;43.0668;-64.748667;321231;95;08-jul-08;13:40:35;32.4405;4.3665;3.95035;3.95035;1;4.3665;1;32.4405;1;0;NaN;NaN
TEM2008830_24;MFD_SETNO24;42.820267;-64.6814;321238;6;08-jul-08;16:56:44;31.5064;14.1347;3.94071;3.94071;1;14.1347;1;31.5064;1;0;NaN;NaN
TEM2008830_24;MFD_SETNO24;42.820267;-64.6814;321237;26;08-jul-08;16:56:44;31.6185;4.7042;4.78697;4.78697;1;4.7042;1;31.6185;1;0;NaN;NaN
TEM2008830_24;MFD_SETNO24;42.820267;-64.6814;321236;51;08-jul-08;16:56:44;31.8863;2.9003;4.60798;4.60798;1;2.9003;1;31.8863;1;0;NaN;NaN
TEM2008830_24;MFD_SETNO24;42.820267;-64.6814;321235;102;08-jul-08;16:56:44;32.4514;3.6674;4.01545;4.01545;1;3.6674;1;32.4514;1;0;NaN;NaN
TEM2008830_25;MFD_SETNO25;42.935467;-64.899217;321242;5;08-jul-08;20:39:05;31.7605;13.672;4.06754;4.06754;1;13.672;1;31.7605;1;0;NaN;NaN
TEM2008830_25;MFD_SETNO25;42.935467;-64.899217;321241;25;08-jul-08;20:39:05;31.8779;9.1526;4.54985;4.54985;1;9.1526;1;31.8779;1;0;NaN;NaN
TEM2008830_25;MFD_SETNO25;42.935467;-64.899217;321240;50;08-jul-08;20:39:05;32.2901;4.4518;4.19727;4.19727;1;4.4518;1;32.2901;1;0;NaN;NaN
TEM2008830_25;MFD_SETNO25;42.935467;-64.899217;321239;85;08-jul-08;20:39:05;32.415;4.5564;3.99136;3.99136;1;4.5564;1;32.415;1;0;NaN;NaN
TEM2008830_27;MFD_SETNO27;42.6697;-65.236267;321246;5;09-jul-08;00:40:05;32.0013;13.8422;4.0387;4.0387;1;13.8422;1;32.0013;1;0;NaN;NaN
TEM2008830_27;MFD_SETNO27;42.6697;-65.236267;321245;25;09-jul-08;00:40:05;31.9448;9.4964;4.42236;4.42236;1;9.4964;1;31.9448;1;0;NaN;NaN
TEM2008830_27;MFD_SETNO27;42.6697;-65.236267;321244;50;09-jul-08;00:40:05;33.4178;7.2694;3.63251;3.63251;1;7.2694;1;33.4178;1;0;NaN;NaN
TEM2008830_27;MFD_SETNO27;42.6697;-65.236267;321243;92;09-jul-08;00:40:05;33.4264;7.2932;3.5962;3.5962;1;7.2932;1;33.4264;1;0;NaN;NaN
TEM2008830_29;MFD_SETNO29;42.44025;-65.317883;321250;6;09-jul-08;04:10:07;31.7523;12.3089;4.16107;4.16107;1;12.3089;1;31.7523;1;0;NaN;NaN
TEM2008830_29;MFD_SETNO29;42.44025;-65.317883;321249;26;09-jul-08;04:10:07;31.8166;10.3122;4.33784;4.33784;1;10.3122;1;31.8166;1;0;NaN;NaN
TEM2008830_29;MFD_SETNO29;42.44025;-65.317883;321248;52;09-jul-08;04:10:07;32.0388;7.3951;4.38453;4.38453;1;7.3951;1;32.0388;1;0;NaN;NaN
TEM2008830_29;MFD_SETNO29;42.44025;-65.317883;321247;105;09-jul-08;04:10:07;33.047;5.5142;3.77522;3.77522;1;5.5142;1;33.047;1;0;NaN;NaN
TEM2008830_30;MFD_SETNO30;42.426417;-65.629517;321254;5;09-jul-08;07:31:03;31.7106;12.053;4.20627;4.20627;1;12.053;1;31.7106;1;0;NaN;NaN
TEM2008830_30;MFD_SETNO30;42.426417;-65.629517;321253;25;09-jul-08;07:31:03;31.7797;9.3654;4.38237;4.38237;1;9.3654;1;31.7797;1;0;NaN;NaN
TEM2008830_30;MFD_SETNO30;42.426417;-65.629517;321252;53;09-jul-08;07:31:03;32.5857;6.4578;4.15875;4.15875;1;6.4578;1;32.5857;1;0;NaN;NaN
TEM2008830_30;MFD_SETNO30;42.426417;-65.629517;321251;88;09-jul-08;07:31:03;33.1595;6.6441;3.75613;3.75613;1;6.6441;1;33.1595;1;0;NaN;NaN
TEM2008830_31;MFD_SETNO31;42.515233;-65.634417;321258;5;09-jul-08;09:02:07;31.7001;12.4901;4.13659;4.13659;1;12.4901;1;31.7001;1;0;NaN;NaN
TEM2008830_31;MFD_SETNO31;42.515233;-65.634417;321257;25;09-jul-08;09:02:07;31.7659;10.1064;4.37766;4.37766;1;10.1064;1;31.7659;1;0;NaN;NaN
TEM2008830_31;MFD_SETNO31;42.515233;-65.634417;321256;49;09-jul-08;09:02:07;32.3177;5.9642;4.31782;4.31782;1;5.9642;1;32.3177;1;0;NaN;NaN
TEM2008830_31;MFD_SETNO31;42.515233;-65.634417;321255;90;09-jul-08;09:02:07;33.2116;6.7068;3.71708;3.71708;1;6.7068;1;33.2116;1;0;NaN;NaN
TEM2008830_32;MFD_SETNO32;42.60445;-65.673567;321262;5;09-jul-08;10:56:17;32.0766;13.454;4.04797;4.04797;1;13.454;1;32.0766;1;0;NaN;NaN
TEM2008830_32;MFD_SETNO32;42.60445;-65.673567;321261;25;09-jul-08;10:56:17;32.3597;12.4355;4.17641;4.17641;1;12.4355;1;32.3597;1;0;NaN;NaN
TEM2008830_32;MFD_SETNO32;42.60445;-65.673567;321260;50;09-jul-08;10:56:17;33.0689;9.1609;4.00076;4.00076;1;9.1609;1;33.0689;1;0;NaN;NaN
TEM2008830_32;MFD_SETNO32;42.60445;-65.673567;321259;88;09-jul-08;10:56:17;33.6555;8.127;3.52859;3.52859;1;8.127;1;33.6555;1;0;NaN;NaN
TEM2008830_33;MFD_SETNO33;42.541917;-65.5432;321266;5;09-jul-08;12:24:34;32.0971;13.2112;4.07554;4.07554;1;13.2112;1;32.0971;1;0;NaN;NaN
TEM2008830_33;MFD_SETNO33;42.541917;-65.5432;321265;25;09-jul-08;12:24:34;31.8014;9.3278;4.44441;4.44441;1;9.3278;1;31.8014;1;0;NaN;NaN
TEM2008830_33;MFD_SETNO33;42.541917;-65.5432;321264;49;09-jul-08;12:24:34;32.1478;6.1442;4.40209;4.40209;1;6.1442;1;32.1478;1;0;NaN;NaN
TEM2008830_33;MFD_SETNO33;42.541917;-65.5432;321263;91;09-jul-08;12:24:34;33.199;6.7925;3.742;3.742;1;6.7925;1;33.199;1;0;NaN;NaN
TEM2008830_34;MFD_SETNO34;42.639183;-65.432267;321270;5;09-jul-08;14:22:38;32.0783;13.9094;3.98406;3.98406;1;13.9094;1;32.0783;1;0;NaN;NaN
TEM2008830_34;MFD_SETNO34;42.639183;-65.432267;321269;25;09-jul-08;14:22:38;32.3259;10.1801;4.303;4.303;1;10.1801;1;32.3259;1;0;NaN;NaN
TEM2008830_34;MFD_SETNO34;42.639183;-65.432267;321268;50;09-jul-08;14:22:38;33.4124;7.4095;3.71753;3.71753;1;7.4095;1;33.4124;1;0;NaN;NaN
TEM2008830_34;MFD_SETNO34;42.639183;-65.432267;321267;91;09-jul-08;14:22:38;33.4794;7.4634;3.58242;3.58242;1;7.4634;1;33.4794;1;0;NaN;NaN
TEM2008830_35;MFD_SETNO35;42.828217;-65.322633;321274;5;09-jul-08;17:01:20;32.0034;13.9053;4.01709;4.01709;1;13.9053;1;32.0034;1;0;NaN;NaN
TEM2008830_35;MFD_SETNO35;42.828217;-65.322633;321273;26;09-jul-08;17:01:20;32.0208;9.5919;4.41935;4.41935;1;9.5919;1;32.0208;1;0;NaN;NaN
TEM2008830_35;MFD_SETNO35;42.828217;-65.322633;321272;50;09-jul-08;17:01:20;32.1959;6.5559;4.3131;4.3131;1;6.5559;1;32.1959;1;0;NaN;NaN
TEM2008830_35;MFD_SETNO35;42.828217;-65.322633;321271;135;09-jul-08;17:01:20;32.9695;5.8019;3.68858;3.68858;1;5.8019;1;32.9695;1;0;NaN;NaN
TEM2008830_36;MFD_SETNO36;42.9131;-65.621917;321278;5;09-jul-08;20:00:35;32.0728;9.3165;4.44376;4.44376;1;9.3165;1;32.0728;1;0;NaN;NaN
TEM2008830_36;MFD_SETNO36;42.9131;-65.621917;321277;25;09-jul-08;20:00:35;32.151;6.1946;4.3817;4.3817;1;6.1946;1;32.151;1;0;NaN;NaN
TEM2008830_36;MFD_SETNO36;42.9131;-65.621917;321276;51;09-jul-08;20:00:35;32.4949;4.8539;4.02292;4.02292;1;4.8539;1;32.4949;1;0;NaN;NaN
TEM2008830_36;MFD_SETNO36;42.9131;-65.621917;321275;126;09-jul-08;20:00:35;32.8476;5.5681;3.76111;3.76111;1;5.5681;1;32.8476;1;0;NaN;NaN
TEM2008830_37;MFD_SETNO37;42.77175;-65.680333;321282;5;09-jul-08;22:20:23;32.0346;11.1121;4.36255;4.36255;1;11.1121;1;32.0346;1;0;NaN;NaN
TEM2008830_37;MFD_SETNO37;42.77175;-65.680333;321281;25;09-jul-08;22:20:23;32.1479;6.7133;4.33361;4.33361;1;6.7133;1;32.1479;1;0;NaN;NaN
TEM2008830_37;MFD_SETNO37;42.77175;-65.680333;321280;51;09-jul-08;22:20:23;32.5558;5.6533;4.05327;4.05327;1;5.6533;1;32.5558;1;0;NaN;NaN
TEM2008830_37;MFD_SETNO37;42.77175;-65.680333;321279;112;09-jul-08;22:20:23;32.8712;5.7147;3.74196;3.74196;1;5.7147;1;32.8712;1;0;NaN;NaN
TEM2008830_38;MFD_SETNO38;42.743067;-66.00015;321286;5;10-jul-08;01:02:32;32.6912;9.5844;4.30033;4.30033;1;9.5844;1;32.6912;1;0;NaN;NaN
TEM2008830_38;MFD_SETNO38;42.743067;-66.00015;321285;26;10-jul-08;01:02:32;32.7258;9.4258;4.29549;4.29549;1;9.4258;1;32.7258;1;0;NaN;NaN
TEM2008830_38;MFD_SETNO38;42.743067;-66.00015;321284;49;10-jul-08;01:02:32;32.7529;9.0697;4.22862;4.22862;1;9.0697;1;32.7529;1;0;NaN;NaN
TEM2008830_38;MFD_SETNO38;42.743067;-66.00015;321283;74;10-jul-08;01:02:32;32.8835;8.1293;3.95436;3.95436;1;8.1293;1;32.8835;1;0;NaN;NaN
TEM2008830_39;MFD_SETNO39;42.79985;-66.3166;321289;5;10-jul-08;04:39:52;32.4108;11.6327;4.13385;4.13385;1;11.6327;1;32.4108;1;0;NaN;NaN
TEM2008830_39;MFD_SETNO39;42.79985;-66.3166;321288;27;10-jul-08;04:39:52;32.6172;8.6307;4.11393;4.11393;1;8.6307;1;32.6172;1;0;NaN;NaN
TEM2008830_39;MFD_SETNO39;42.79985;-66.3166;321287;51;10-jul-08;04:39:52;33.1561;7.3235;3.71762;3.71762;1;7.3235;1;33.1561;1;0;NaN;NaN
TEM2008830_40;MFD_SETNO40;42.663817;-66.364583;321293;5;10-jul-08;07:23:23;32.2474;13.1519;4.02847;4.02847;1;13.1519;1;32.2474;1;0;NaN;NaN
TEM2008830_40;MFD_SETNO40;42.663817;-66.364583;321292;26;10-jul-08;07:23:23;32.1738;10.4855;4.25591;4.25591;1;10.4855;1;32.1738;1;0;NaN;NaN
TEM2008830_40;MFD_SETNO40;42.663817;-66.364583;321291;51;10-jul-08;07:23:23;32.6907;6.947;3.97064;3.97064;1;6.947;1;32.6907;1;0;NaN;NaN
TEM2008830_40;MFD_SETNO40;42.663817;-66.364583;321290;106;10-jul-08;07:23:23;34.645;9.2769;2.90619;2.90619;1;9.2769;1;34.645;1;0;NaN;NaN
TEM2008830_41;MFD_SETNO41;42.641067;-66.68355;321294;167;10-jul-08;10:55:03;34.8056;7.8712;2.78972;2.78972;1;7.8712;1;34.8056;1;0;NaN;NaN
TEM2008830_42;MFD_SETNO42;43.252917;-66.64545;321298;6;10-jul-08;17:40:09;32.1424;13.7312;4.004;4.004;1;13.7312;1;32.1424;1;0;NaN;NaN
TEM2008830_42;MFD_SETNO42;43.252917;-66.64545;321297;26;10-jul-08;17:40:09;32.4409;9.3407;4.11109;4.11109;1;9.3407;1;32.4409;1;0;NaN;NaN
TEM2008830_42;MFD_SETNO42;43.252917;-66.64545;321296;50;10-jul-08;17:40:09;33.1849;6.8447;3.69812;3.69812;1;6.8447;1;33.1849;1;0;NaN;NaN
TEM2008830_42;MFD_SETNO42;43.252917;-66.64545;321295;108;10-jul-08;17:40:09;33.4031;6.7927;3.51309;3.51309;1;6.7927;1;33.4031;1;0;NaN;NaN
TEM2008830_43;MFD_SETNO43;43.452867;-66.488567;321302;5;10-jul-08;21:10:14;32.1788;13.5762;4.06429;4.06429;1;13.5762;1;32.1788;1;0;NaN;NaN
TEM2008830_43;MFD_SETNO43;43.452867;-66.488567;321301;25;10-jul-08;21:10:14;32.3846;10.4048;4.24596;4.24596;1;10.4048;1;32.3846;1;0;NaN;NaN
TEM2008830_43;MFD_SETNO43;43.452867;-66.488567;321300;51;10-jul-08;21:10:14;32.7077;7.8572;3.95858;3.95858;1;7.8572;1;32.7077;1;0;NaN;NaN
TEM2008830_43;MFD_SETNO43;43.452867;-66.488567;321299;95;10-jul-08;21:10:14;33.0904;7.3308;3.71166;3.71166;1;7.3308;1;33.0904;1;0;NaN;NaN
TEM2008830_44;MFD_SETNO44;43.62455;-66.7038;321306;5;10-jul-08;23:34:15;32.217;12.902;4.22893;4.22893;1;12.902;1;32.217;1;0;NaN;NaN
TEM2008830_44;MFD_SETNO44;43.62455;-66.7038;321305;26;10-jul-08;23:34:15;32.5105;8.6281;4.18803;4.18803;1;8.6281;1;32.5105;1;0;NaN;NaN
TEM2008830_44;MFD_SETNO44;43.62455;-66.7038;321304;50;10-jul-08;23:34:15;33.0881;6.8074;3.81201;3.81201;1;6.8074;1;33.0881;1;0;NaN;NaN
TEM2008830_44;MFD_SETNO44;43.62455;-66.7038;321303;104;10-jul-08;23:34:15;33.5025;7.0619;3.44022;3.44022;1;7.0619;1;33.5025;1;0;NaN;NaN
TEM2008830_45;MFD_SETNO45;43.963667;-66.47365;321310;5;11-jul-08;03:16:05;32.1813;9.6085;4.27671;4.27671;1;9.6085;1;32.1813;1;0;NaN;NaN
TEM2008830_45;MFD_SETNO45;43.963667;-66.47365;321309;25;11-jul-08;03:16:05;32.2524;9.1939;4.26837;4.26837;1;9.1939;1;32.2524;1;0;NaN;NaN
TEM2008830_45;MFD_SETNO45;43.963667;-66.47365;321308;50;11-jul-08;03:16:05;32.3562;8.4818;4.16526;4.16526;1;8.4818;1;32.3562;1;0;NaN;NaN
TEM2008830_45;MFD_SETNO45;43.963667;-66.47365;321307;100;11-jul-08;03:16:05;32.3923;8.2874;4.11052;4.11052;1;8.2874;1;32.3923;1;0;NaN;NaN
TEM2008830_47;MFD_SETNO47;44.147017;-66.514767;321314;5;11-jul-08;08:21:12;32.2449;9.9207;4.21619;4.21619;1;9.9207;1;32.2449;1;0;NaN;NaN
TEM2008830_47;MFD_SETNO47;44.147017;-66.514767;321313;25;11-jul-08;08:21:12;32.2267;9.2492;4.21669;4.21669;1;9.2492;1;32.2267;1;0;NaN;NaN
TEM2008830_47;MFD_SETNO47;44.147017;-66.514767;321312;51;11-jul-08;08:21:12;32.3001;8.7467;4.17263;4.17263;1;8.7467;1;32.3001;1;0;NaN;NaN
TEM2008830_47;MFD_SETNO47;44.147017;-66.514767;321311;117;11-jul-08;08:21:12;32.5915;7.8502;3.96035;3.96035;1;7.8502;1;32.5915;1;0;NaN;NaN
TEM2008830_48;MFD_SETNO48;44.449083;-66.22745;321318;5;11-jul-08;11:42:56;32.3252;9.1838;4.05292;4.05292;1;9.1838;1;32.3252;1;0;NaN;NaN
TEM2008830_48;MFD_SETNO48;44.449083;-66.22745;321317;26;11-jul-08;11:42:56;32.4413;8.7534;4.05885;4.05885;1;8.7534;1;32.4413;1;0;NaN;NaN
TEM2008830_48;MFD_SETNO48;44.449083;-66.22745;321316;51;11-jul-08;11:42:56;32.5255;8.4656;3.99647;3.99647;1;8.4656;1;32.5255;1;0;NaN;NaN
TEM2008830_48;MFD_SETNO48;44.449083;-66.22745;321315;106;11-jul-08;11:42:56;32.8365;7.4761;3.76877;3.76877;1;7.4761;1;32.8365;1;0;NaN;NaN
TEM2008830_49;MFD_SETNO49;44.532833;-66.52595;321322;5;11-jul-08;14:05:22;32.0201;8.6599;3.94712;3.94712;1;8.6599;1;32.0201;1;0;NaN;NaN
TEM2008830_49;MFD_SETNO49;44.532833;-66.52595;321321;26;11-jul-08;14:05:22;32.0059;8.6326;4.11931;4.11931;1;8.6326;1;32.0059;1;0;NaN;NaN
TEM2008830_49;MFD_SETNO49;44.532833;-66.52595;321320;50;11-jul-08;14:05:22;32.0548;8.3025;4.10347;4.10347;1;8.3025;1;32.0548;1;0;NaN;NaN
TEM2008830_49;MFD_SETNO49;44.532833;-66.52595;321319;177;11-jul-08;14:05:22;33.1377;6.5572;3.50552;3.50552;1;6.5572;1;33.1377;1;0;NaN;NaN
TEM2008830_50;MFD_SETNO50;44.713533;-66.347483;321326;5;11-jul-08;16:35:47;31.7834;11.6323;4.38088;4.38088;1;11.6323;1;31.7834;1;0;NaN;NaN
TEM2008830_50;MFD_SETNO50;44.713533;-66.347483;321325;25;11-jul-08;16:35:47;32.0401;10.0538;4.3246;4.3246;1;10.0538;1;32.0401;1;0;NaN;NaN
TEM2008830_50;MFD_SETNO50;44.713533;-66.347483;321324;51;11-jul-08;16:35:47;32.2693;8.9996;4.18564;4.18564;1;8.9996;1;32.2693;1;0;NaN;NaN
TEM2008830_50;MFD_SETNO50;44.713533;-66.347483;321323;117;11-jul-08;16:35:47;32.8109;6.8348;3.72857;3.72857;1;6.8348;1;32.8109;1;0;NaN;NaN
TEM2008830_51;MFD_SETNO51;44.716283;-66.230233;321330;5;11-jul-08;18:51:27;31.843;11.5535;4.43074;4.43074;1;11.5535;1;31.843;1;0;NaN;NaN
TEM2008830_51;MFD_SETNO51;44.716283;-66.230233;321329;25;11-jul-08;18:51:27;32.2902;9.3371;4.18706;4.18706;1;9.3371;1;32.2902;1;0;NaN;NaN
TEM2008830_51;MFD_SETNO51;44.716283;-66.230233;321328;51;11-jul-08;18:51:27;32.4622;8.5961;4.07386;4.07386;1;8.5961;1;32.4622;1;0;NaN;NaN
TEM2008830_51;MFD_SETNO51;44.716283;-66.230233;321327;126;11-jul-08;18:51:27;32.732;6.756;3.75282;3.75282;1;6.756;1;32.732;1;0;NaN;NaN
TEM2008830_52;MFD_SETNO52;44.632517;-65.966533;321334;6;11-jul-08;21:42:08;32.2731;10.1208;4.32983;4.32983;1;10.1208;1;32.2731;1;0;NaN;NaN
TEM2008830_52;MFD_SETNO52;44.632517;-65.966533;321333;25;11-jul-08;21:42:08;32.3213;9.5103;4.12306;4.12306;1;9.5103;1;32.3213;1;0;NaN;NaN
TEM2008830_52;MFD_SETNO52;44.632517;-65.966533;321332;50;11-jul-08;21:42:08;32.4055;8.8607;4.03603;4.03603;1;8.8607;1;32.4055;1;0;NaN;NaN
TEM2008830_52;MFD_SETNO52;44.632517;-65.966533;321331;80;11-jul-08;21:42:08;32.4317;8.6943;4.02118;4.02118;1;8.6943;1;32.4317;1;0;NaN;NaN
TEM2008830_54;MFD_SETNO54;44.836017;-65.990617;321338;5;12-jul-08;00:05:32;31.7611;12.3167;4.26775;4.26775;1;12.3167;1;31.7611;1;0;NaN;NaN
TEM2008830_54;MFD_SETNO54;44.836017;-65.990617;321337;26;12-jul-08;00:05:32;32.4275;8.2989;4.07254;4.07254;1;8.2989;1;32.4275;1;0;NaN;NaN
TEM2008830_54;MFD_SETNO54;44.836017;-65.990617;321336;50;12-jul-08;00:05:32;32.4373;8.1222;4.02281;4.02281;1;8.1222;1;32.4373;1;0;NaN;NaN
TEM2008830_54;MFD_SETNO54;44.836017;-65.990617;321335;101;12-jul-08;00:05:32;32.466;7.9806;3.99535;3.99535;1;7.9806;1;32.466;1;0;NaN;NaN
TEM2008830_55;MFD_SETNO55;44.945617;-65.657117;321342;5;12-jul-08;03:27:19;32.151;10.5331;3.99981;3.99981;1;10.5331;1;32.151;1;0;NaN;NaN
TEM2008830_55;MFD_SETNO55;44.945617;-65.657117;321341;26;12-jul-08;03:27:19;32.2002;8.8352;4.06668;4.06668;1;8.8352;1;32.2002;1;0;NaN;NaN
TEM2008830_55;MFD_SETNO55;44.945617;-65.657117;321340;50;12-jul-08;03:27:19;32.2095;8.7972;4.07768;4.07768;1;8.7972;1;32.2095;1;0;NaN;NaN
TEM2008830_55;MFD_SETNO55;44.945617;-65.657117;321339;89;12-jul-08;03:27:19;32.2258;8.709;4.07978;4.07978;1;8.709;1;32.2258;1;0;NaN;NaN
TEM2008830_56;MFD_SETNO56;45.10045;-65.240817;321346;6;12-jul-08;06:30:54;31.9319;9.079;4.18389;4.18389;1;9.079;1;31.9319;1;0;NaN;NaN
TEM2008830_56;MFD_SETNO56;45.10045;-65.240817;321345;26;12-jul-08;06:30:54;31.9322;9.0784;4.19568;4.19568;1;9.0784;1;31.9322;1;0;NaN;NaN
TEM2008830_56;MFD_SETNO56;45.10045;-65.240817;321344;51;12-jul-08;06:30:54;31.9446;9.0827;4.20822;4.20822;1;9.0827;1;31.9446;1;0;NaN;NaN
TEM2008830_56;MFD_SETNO56;45.10045;-65.240817;321343;82;12-jul-08;06:30:54;31.9538;9.0939;4.2184;4.2184;1;9.0939;1;31.9538;1;0;NaN;NaN
TEM2008830_57;MFD_SETNO57;45.200283;-65.249033;321350;6;12-jul-08;08:48:57;31.6101;10.0222;4.03433;4.03433;1;10.0222;1;31.6101;1;0;NaN;NaN
TEM2008830_57;MFD_SETNO57;45.200283;-65.249033;321349;25;12-jul-08;08:48:57;31.6138;10.0013;4.1332;4.1332;1;10.0013;1;31.6138;1;0;NaN;NaN
TEM2008830_57;MFD_SETNO57;45.200283;-65.249033;321348;51;12-jul-08;08:48:57;31.6491;9.8773;4.15622;4.15622;1;9.8773;1;31.6491;1;0;NaN;NaN
TEM2008830_57;MFD_SETNO57;45.200283;-65.249033;321347;67;12-jul-08;08:48:57;31.6509;9.8731;4.16248;4.16248;1;9.8731;1;31.6509;1;0;NaN;NaN
TEM2008830_58;MFD_SETNO58;45.343267;-65.220467;321354;5;12-jul-08;10:44:51;31.2474;10.9471;4.1374;4.1374;1;10.9471;1;31.2474;1;0;NaN;NaN
TEM2008830_58;MFD_SETNO58;45.343267;-65.220467;321353;25;12-jul-08;10:44:51;31.2882;10.6392;4.15873;4.15873;1;10.6392;1;31.2882;1;0;NaN;NaN
TEM2008830_58;MFD_SETNO58;45.343267;-65.220467;321352;50;12-jul-08;10:44:51;31.375;10.3852;4.18161;4.18161;1;10.3852;1;31.375;1;0;NaN;NaN
TEM2008830_58;MFD_SETNO58;45.343267;-65.220467;321351;58;12-jul-08;10:44:51;31.3786;10.3756;4.18574;4.18574;1;10.3756;1;31.3786;1;0;NaN;NaN
TEM2008830_59;MFD_SETNO59;45.212367;-65.42635;321358;5;12-jul-08;13:03:37;31.6989;9.7221;3.91823;3.91823;1;9.7221;1;31.6989;1;0;NaN;NaN
TEM2008830_59;MFD_SETNO59;45.212367;-65.42635;321357;25;12-jul-08;13:03:37;31.8309;9.1911;4.15846;4.15846;1;9.1911;1;31.8309;1;0;NaN;NaN
TEM2008830_59;MFD_SETNO59;45.212367;-65.42635;321356;50;12-jul-08;13:03:37;31.8812;9.0671;4.18418;4.18418;1;9.0671;1;31.8812;1;0;NaN;NaN
TEM2008830_59;MFD_SETNO59;45.212367;-65.42635;321355;54;12-jul-08;13:03:37;31.881;9.0675;4.19109;4.19109;1;9.0675;1;31.881;1;0;NaN;NaN
TEM2008830_60;MFD_SETNO60;45.125633;-65.612367;321362;4;12-jul-08;14:39:12;31.7704;9.6407;4.21659;4.21659;1;9.6407;1;31.7704;1;0;NaN;NaN
TEM2008830_60;MFD_SETNO60;45.125633;-65.612367;321361;25;12-jul-08;14:39:12;31.9925;8.5999;4.16583;4.16583;1;8.5999;1;31.9925;1;0;NaN;NaN
TEM2008830_60;MFD_SETNO60;45.125633;-65.612367;321360;50;12-jul-08;14:39:12;32.0081;8.5368;4.14947;4.14947;1;8.5368;1;32.0081;1;0;NaN;NaN
TEM2008830_60;MFD_SETNO60;45.125633;-65.612367;321359;63;12-jul-08;14:39:12;32.0092;8.5295;4.14694;4.14694;1;8.5295;1;32.0092;1;0;NaN;NaN
TEM2008830_61;MFD_SETNO61;45.033233;-65.956333;321366;6;12-jul-08;16:55:33;31.8376;11.0164;4.34792;4.34792;1;11.0164;1;31.8376;1;0;NaN;NaN
TEM2008830_61;MFD_SETNO61;45.033233;-65.956333;321365;26;12-jul-08;16:55:33;32.2856;8.1822;4.07564;4.07564;1;8.1822;1;32.2856;1;0;NaN;NaN
TEM2008830_61;MFD_SETNO61;45.033233;-65.956333;321364;50;12-jul-08;16:55:33;32.32;7.9733;4.04399;4.04399;1;7.9733;1;32.32;1;0;NaN;NaN
TEM2008830_61;MFD_SETNO61;45.033233;-65.956333;321363;91;12-jul-08;16:55:33;32.3643;7.5589;4.00378;4.00378;1;7.5589;1;32.3643;1;0;NaN;NaN
TEM2008830_62;MFD_SETNO62;45.157333;-66.144967;321369;5;12-jul-08;19:05:30;31.1866;10.3139;4.21096;4.21096;1;10.3139;1;31.1866;1;0;NaN;NaN
TEM2008830_62;MFD_SETNO62;45.157333;-66.144967;321368;25;12-jul-08;19:05:30;31.5804;9.3658;4.18794;4.18794;1;9.3658;1;31.5804;1;0;NaN;NaN
TEM2008830_62;MFD_SETNO62;45.157333;-66.144967;321367;37;12-jul-08;19:05:30;31.5837;9.3613;4.18769;4.18769;1;9.3613;1;31.5837;1;0;NaN;NaN
TEM2008830_63;MFD_SETNO63;44.988;-66.14655;321373;5;12-jul-08;21:04:05;31.5679;10.1437;4.49037;4.49037;1;10.1437;1;31.5679;1;0;NaN;NaN
TEM2008830_63;MFD_SETNO63;44.988;-66.14655;321372;25;12-jul-08;21:04:05;32.196;7.7791;4.09122;4.09122;1;7.7791;1;32.196;1;0;NaN;NaN
TEM2008830_63;MFD_SETNO63;44.988;-66.14655;321371;50;12-jul-08;21:04:05;32.4043;7.1477;3.9734;3.9734;1;7.1477;1;32.4043;1;0;NaN;NaN
TEM2008830_63;MFD_SETNO63;44.988;-66.14655;321370;102;12-jul-08;21:04:05;32.3996;7.1143;3.9678;3.9678;1;7.1143;1;32.3996;1;0;NaN;NaN
TEM2008830_64;MFD_SETNO64;44.77365;-66.683767;321377;5;13-jul-08;01:08:30;31.6776;8.9369;4.24322;4.24322;1;8.9369;1;31.6776;1;0;NaN;NaN
TEM2008830_64;MFD_SETNO64;44.77365;-66.683767;321376;25;13-jul-08;01:08:30;32.0318;7.7379;4.08391;4.08391;1;7.7379;1;32.0318;1;0;NaN;NaN
TEM2008830_64;MFD_SETNO64;44.77365;-66.683767;321375;50;13-jul-08;01:08:30;32.1002;7.5632;4.02915;4.02915;1;7.5632;1;32.1002;1;0;NaN;NaN
TEM2008830_64;MFD_SETNO64;44.77365;-66.683767;321374;84;13-jul-08;01:08:30;32.1946;7.3191;4.01427;4.01427;1;7.3191;1;32.1946;1;0;NaN;NaN
TEM2008830_66;MFD_SETNO66;44.4077;-67.11435;321381;5;13-jul-08;06:13:21;32.2348;8.837;3.97011;3.97011;1;8.837;1;32.2348;1;0;NaN;NaN
TEM2008830_66;MFD_SETNO66;44.4077;-67.11435;321380;25;13-jul-08;06:13:21;32.2337;8.808;4.0473;4.0473;1;8.808;1;32.2337;1;0;NaN;NaN
TEM2008830_66;MFD_SETNO66;44.4077;-67.11435;321379;50;13-jul-08;06:13:21;32.222;8.1809;4.00868;4.00868;1;8.1809;1;32.222;1;0;NaN;NaN
TEM2008830_66;MFD_SETNO66;44.4077;-67.11435;321378;89;13-jul-08;06:13:21;32.4932;7.6586;3.88691;3.88691;1;7.6586;1;32.4932;1;0;NaN;NaN
TEM2008830_67;MFD_SETNO67;44.175467;-67.071567;321385;5;13-jul-08;09:27:24;32.2169;14.1378;4.07963;4.07963;1;14.1378;1;32.2169;1;0;NaN;NaN
TEM2008830_67;MFD_SETNO67;44.175467;-67.071567;321384;26;13-jul-08;09:27:24;32.3044;12.1607;4.27504;4.27504;1;12.1607;1;32.3044;1;0;NaN;NaN
TEM2008830_67;MFD_SETNO67;44.175467;-67.071567;321383;50;13-jul-08;09:27:24;32.7181;7.0919;4.00403;4.00403;1;7.0919;1;32.7181;1;0;NaN;NaN
TEM2008830_67;MFD_SETNO67;44.175467;-67.071567;321382;127;13-jul-08;09:27:24;33.4127;6.5824;3.34164;3.34164;1;6.5824;1;33.4127;1;0;NaN;NaN
TEM2008830_68;MFD_SETNO68;44.041583;-66.94405;321389;6;13-jul-08;11:26:10;32.3508;13.5759;4.13084;4.13084;1;13.5759;1;32.3508;1;0;NaN;NaN
TEM2008830_68;MFD_SETNO68;44.041583;-66.94405;321388;26;13-jul-08;11:26:10;32.6887;8.2425;4.18228;4.18228;1;8.2425;1;32.6887;1;0;NaN;NaN
TEM2008830_68;MFD_SETNO68;44.041583;-66.94405;321387;51;13-jul-08;11:26:10;32.9177;6.2681;3.73732;3.73732;1;6.2681;1;32.9177;1;0;NaN;NaN
TEM2008830_68;MFD_SETNO68;44.041583;-66.94405;321386;171;13-jul-08;11:26:10;33.8189;6.52;2.96469;2.96469;1;6.52;1;33.8189;1;0;NaN;NaN
TEM2008830_69;MFD_SETNO69;43.8783;-67.3453;321392;26;13-jul-08;14:38:43;32.4402;11.9933;4.39942;4.39942;1;11.9933;1;32.4402;1;0;NaN;NaN
TEM2008830_69;MFD_SETNO69;43.8783;-67.3453;321391;51;13-jul-08;14:38:43;32.8629;7.714;3.97009;3.97009;1;7.714;1;32.8629;1;0;NaN;NaN
TEM2008830_69;MFD_SETNO69;43.8783;-67.3453;321390;215;13-jul-08;14:38:43;33.9461;6.5825;2.91491;2.91491;1;6.5825;1;33.9461;1;0;NaN;NaN
TEM2008830_70;MFD_SETNO70;43.70215;-67.179583;321396;5;13-jul-08;17:49:42;32.0258;16.3368;3.78862;3.78862;1;16.3368;1;32.0258;1;0;NaN;NaN
TEM2008830_70;MFD_SETNO70;43.70215;-67.179583;321395;24;13-jul-08;17:49:42;32.3833;9.7595;4.33005;4.33005;1;9.7595;1;32.3833;1;0;NaN;NaN
TEM2008830_70;MFD_SETNO70;43.70215;-67.179583;321394;51;13-jul-08;17:49:42;33.1185;7.6521;3.70712;3.70712;1;7.6521;1;33.1185;1;0;NaN;NaN
TEM2008830_70;MFD_SETNO70;43.70215;-67.179583;321393;150;13-jul-08;17:49:42;33.7611;6.5462;3.09545;3.09545;1;6.5462;1;33.7611;1;0;NaN;NaN
TEM2008830_71;MFD_SETNO71;43.4537;-67.21515;321400;5;13-jul-08;20:50:20;32.1236;15.4859;3.98586;3.98586;1;15.4859;1;32.1236;1;0;NaN;NaN
TEM2008830_71;MFD_SETNO71;43.4537;-67.21515;321399;26;13-jul-08;20:50:20;32.2631;11.1617;4.40291;4.40291;1;11.1617;1;32.2631;1;0;NaN;NaN
TEM2008830_71;MFD_SETNO71;43.4537;-67.21515;321398;50;13-jul-08;20:50:20;32.5849;7.1037;4.06796;4.06796;1;7.1037;1;32.5849;1;0;NaN;NaN
TEM2008830_71;MFD_SETNO71;43.4537;-67.21515;321397;215;13-jul-08;20:50:20;34.273;7.3455;2.88678;2.88678;1;7.3455;1;34.273;1;0;NaN;NaN
TEM2008830_72;MFD_SETNO72;43.496467;-66.97035;321403;6;13-jul-08;23:38:49;32.0802;15.7012;3.88895;3.88895;1;15.7012;1;32.0802;1;0;NaN;NaN
TEM2008830_72;MFD_SETNO72;43.496467;-66.97035;321402;24;13-jul-08;23:38:49;32.3133;11.1253;4.25459;4.25459;1;11.1253;1;32.3133;1;0;NaN;NaN
TEM2008830_72;MFD_SETNO72;43.496467;-66.97035;321401;195;13-jul-08;23:38:49;34.1007;7.0355;2.92661;2.92661;1;7.0355;1;34.1007;1;0;NaN;NaN
TEM2008830_73;MFD_SETNO73;42.805383;-66.930317;321407;5;14-jul-08;05:38:18;32.3407;14.325;4.01616;4.01616;1;14.325;1;32.3407;1;0;NaN;NaN
TEM2008830_73;MFD_SETNO73;42.805383;-66.930317;321406;25;14-jul-08;05:38:18;32.7532;8.1319;4.08265;4.08265;1;8.1319;1;32.7532;1;0;NaN;NaN
TEM2008830_73;MFD_SETNO73;42.805383;-66.930317;321405;51;14-jul-08;05:38:18;33.3764;7.5609;3.6473;3.6473;1;7.5609;1;33.3764;1;0;NaN;NaN
TEM2008830_73;MFD_SETNO73;42.805383;-66.930317;321404;197;14-jul-08;05:38:18;34.6784;8.0316;2.79597;2.79597;1;8.0316;1;34.6784;1;0;NaN;NaN
TEM2008830_74;MFD_SETNO74;42.680683;-67.193167;321411;6;14-jul-08;08:13:05;32.3765;14.1618;4.05778;4.05778;1;14.1618;1;32.3765;1;0;NaN;NaN
TEM2008830_74;MFD_SETNO74;42.680683;-67.193167;321410;25;14-jul-08;08:13:05;32.9926;7.4186;3.99771;3.99771;1;7.4186;1;32.9926;1;0;NaN;NaN
TEM2008830_74;MFD_SETNO74;42.680683;-67.193167;321409;52;14-jul-08;08:13:05;33.41;7.0339;3.65162;3.65162;1;7.0339;1;33.41;1;0;NaN;NaN
TEM2008830_74;MFD_SETNO74;42.680683;-67.193167;321408;230;14-jul-08;08:13:05;34.8791;7.7673;2.65781;2.65781;1;7.7673;1;34.8791;1;0;NaN;NaN
TEM2008830_75;MFD_SETNO75;42.5538;-67.40455;321415;6;14-jul-08;11:02:31;32.2359;14.9634;3.95873;3.95873;1;14.9634;1;32.2359;1;0;NaN;NaN
TEM2008830_75;MFD_SETNO75;42.5538;-67.40455;321414;25;14-jul-08;11:02:31;32.7067;9.0716;4.26317;4.26317;1;9.0716;1;32.7067;1;0;NaN;NaN
TEM2008830_75;MFD_SETNO75;42.5538;-67.40455;321413;51;14-jul-08;11:02:31;33.2192;7.5367;3.7168;3.7168;1;7.5367;1;33.2192;1;0;NaN;NaN
TEM2008830_75;MFD_SETNO75;42.5538;-67.40455;321412;269;14-jul-08;11:02:31;34.8173;7.2746;2.66957;2.66957;1;7.2746;1;34.8173;1;0;NaN;NaN
TEM2008830_76;MFD_SETNO76;42.386367;-67.077017;321419;5;14-jul-08;13:59:12;32.4688;13.7938;4.15527;4.15527;1;13.7938;1;32.4688;1;0;NaN;NaN
TEM2008830_76;MFD_SETNO76;42.386367;-67.077017;321418;25;14-jul-08;13:59:12;32.5259;10.8357;4.5615;4.5615;1;10.8357;1;32.5259;1;0;NaN;NaN
TEM2008830_76;MFD_SETNO76;42.386367;-67.077017;321417;50;14-jul-08;13:59:12;33.0704;8.7089;4.04959;4.04959;1;8.7089;1;33.0704;1;0;NaN;NaN
TEM2008830_76;MFD_SETNO76;42.386367;-67.077017;321416;338;14-jul-08;13:59:12;34.8418;7.2935;2.70052;2.70052;1;7.2935;1;34.8418;1;0;NaN;NaN
TEM2008830_77;MFD_SETNO77;42.360033;-66.56;321423;5;14-jul-08;17:20:10;32.3345;14.5922;4.10805;4.10805;1;14.5922;1;32.3345;1;0;NaN;NaN
TEM2008830_77;MFD_SETNO77;42.360033;-66.56;321422;25;14-jul-08;17:20:10;32.6998;8.7442;4.41102;4.41102;1;8.7442;1;32.6998;1;0;NaN;NaN
TEM2008830_77;MFD_SETNO77;42.360033;-66.56;321421;52;14-jul-08;17:20:10;33.2105;7.0254;3.78205;3.78205;1;7.0254;1;33.2105;1;0;NaN;NaN
TEM2008830_77;MFD_SETNO77;42.360033;-66.56;321420;302;14-jul-08;17:20:10;34.8847;7.0701;2.79745;2.79745;1;7.0701;1;34.8847;1;0;NaN;NaN
TEM2008830_78;MFD_SETNO78;42.4699;-66.075783;321427;5;14-jul-08;20:31:51;32.2027;15.5862;3.92436;3.92436;1;15.5862;1;32.2027;1;0;NaN;NaN
TEM2008830_78;MFD_SETNO78;42.4699;-66.075783;321426;25;14-jul-08;20:31:51;32.5449;9.7123;4.38023;4.38023;1;9.7123;1;32.5449;1;0;NaN;NaN
TEM2008830_78;MFD_SETNO78;42.4699;-66.075783;321425;50;14-jul-08;20:31:51;33.2989;8.322;3.81068;3.81068;1;8.322;1;33.2989;1;0;NaN;NaN
TEM2008830_78;MFD_SETNO78;42.4699;-66.075783;321424;228;14-jul-08;20:31:51;35.0196;8.4203;2.54341;2.54341;1;8.4203;1;35.0196;1;0;NaN;NaN
TEM2008830_79;MFD_SETNO79;42.208617;-65.402767;321431;5;15-jul-08;01:17:22;32.9506;17.7019;3.66264;3.66264;1;17.7019;1;32.9506;1;0;NaN;NaN
TEM2008830_79;MFD_SETNO79;42.208617;-65.402767;321430;26;15-jul-08;01:17:22;32.9933;13.2143;4.07803;4.07803;1;13.2143;1;32.9933;1;0;NaN;NaN
TEM2008830_79;MFD_SETNO79;42.208617;-65.402767;321429;50;15-jul-08;01:17:22;34.0671;9.6176;3.66102;3.66102;1;9.6176;1;34.0671;1;0;NaN;NaN
TEM2008830_79;MFD_SETNO79;42.208617;-65.402767;321428;134;15-jul-08;01:17:22;35.1833;11.4655;2.67941;2.67941;1;11.4655;1;35.1833;1;0;NaN;NaN
TEM2008830_80;MFD_SETNO80;42.4389;-65.0173;321435;5;15-jul-08;04:47:40;31.3431;15.3473;3.8696;3.8696;1;15.3473;1;31.3431;1;0;NaN;NaN
TEM2008830_80;MFD_SETNO80;42.4389;-65.0173;321434;25;15-jul-08;04:47:40;31.6697;5.3154;4.81768;4.81768;1;5.3154;1;31.6697;1;0;NaN;NaN
TEM2008830_80;MFD_SETNO80;42.4389;-65.0173;321433;49;15-jul-08;04:47:40;32.0525;2.7329;4.58832;4.58832;1;2.7329;1;32.0525;1;0;NaN;NaN
TEM2008830_80;MFD_SETNO80;42.4389;-65.0173;321432;123;15-jul-08;04:47:40;33.5859;6.6373;3.47769;3.47769;1;6.6373;1;33.5859;1;0;NaN;NaN
TEM2008830_81;MFD_SETNO81;42.62575;-64.593167;321439;5;15-jul-08;08:06:06;31.374;15.7231;3.77127;3.77127;1;15.7231;1;31.374;1;0;NaN;NaN
TEM2008830_81;MFD_SETNO81;42.62575;-64.593167;321438;24;15-jul-08;08:06:06;31.7512;3.703;4.88218;4.88218;1;3.703;1;31.7512;1;0;NaN;NaN
TEM2008830_81;MFD_SETNO81;42.62575;-64.593167;321437;51;15-jul-08;08:06:06;32.1363;2.2268;4.44569;4.44569;1;2.2268;1;32.1363;1;0;NaN;NaN
TEM2008830_81;MFD_SETNO81;42.62575;-64.593167;321436;128;15-jul-08;08:06:06;33.578;6.4975;3.52698;3.52698;1;6.4975;1;33.578;1;0;NaN;NaN
TEM2008830_82;MFD_SETNO82;42.81015;-64.246683;321443;5;15-jul-08;10:49:01;31.2733;16.5041;3.6938;3.6938;1;16.5041;1;31.2733;1;0;NaN;NaN
TEM2008830_82;MFD_SETNO82;42.81015;-64.246683;321442;25;15-jul-08;10:49:01;31.5992;4.9051;4.8767;4.8767;1;4.9051;1;31.5992;1;0;NaN;NaN
TEM2008830_82;MFD_SETNO82;42.81015;-64.246683;321441;50;15-jul-08;10:49:01;32.2876;2.7371;4.36784;4.36784;1;2.7371;1;32.2876;1;0;NaN;NaN
TEM2008830_82;MFD_SETNO82;42.81015;-64.246683;321440;122;15-jul-08;10:49:01;33.9513;7.6221;3.31259;3.31259;1;7.6221;1;33.9513;1;0;NaN;NaN
TEM2008830_83;MFD_SETNO83;42.735833;-63.987233;321448;5;15-jul-08;13:21:35;31.9798;18.7936;3.4743;3.4743;1;18.7936;1;31.9798;1;0;NaN;NaN
TEM2008830_83;MFD_SETNO83;42.735833;-63.987233;321447;25;15-jul-08;13:21:35;32.6294;10.621;4.44316;4.44316;1;10.621;1;32.6294;1;0;NaN;NaN
TEM2008830_83;MFD_SETNO83;42.735833;-63.987233;321446;51;15-jul-08;13:21:35;32.8687;6.9719;4.68619;4.68619;1;6.9719;1;32.8687;1;0;NaN;NaN
TEM2008830_83;MFD_SETNO83;42.735833;-63.987233;321445;101;15-jul-08;13:21:35;34.4848;9.2697;3.10661;3.10661;1;9.2697;1;34.4848;1;0;NaN;NaN
TEM2008830_83;MFD_SETNO83;42.735833;-63.987233;321444;462;15-jul-08;13:21:35;34.921;5.1332;3.21708;3.21708;1;5.1332;1;34.921;1;0;NaN;NaN
TEM2008830_85;MFD_SETNO85;42.782967;-63.664783;321453;5;15-jul-08;19:09:09;31.1232;17.9992;3.64223;3.64223;1;17.9992;1;31.1232;1;0;NaN;NaN
TEM2008830_85;MFD_SETNO85;42.782967;-63.664783;321452;26;15-jul-08;19:09:09;31.7751;5.2337;4.89596;4.89596;1;5.2337;1;31.7751;1;0;NaN;NaN
TEM2008830_85;MFD_SETNO85;42.782967;-63.664783;321451;51;15-jul-08;19:09:09;32.2068;2.1981;4.41865;4.41865;1;2.1981;1;32.2068;1;0;NaN;NaN
TEM2008830_85;MFD_SETNO85;42.782967;-63.664783;321450;101;15-jul-08;19:09:09;34.5235;10.3929;3.30401;3.30401;1;10.3929;1;34.5235;1;0;NaN;NaN
TEM2008830_85;MFD_SETNO85;42.782967;-63.664783;321449;477;15-jul-08;19:09:09;34.9135;5.3589;3.10707;3.10707;1;5.3589;1;34.9135;1;0;NaN;NaN
TEM2008830_88;MFD_SETNO88;42.8115;-63.154267;321457;5;16-jul-08;01:31:51;31.1453;16.0667;3.81304;3.81304;1;16.0667;1;31.1453;1;0;NaN;NaN
TEM2008830_88;MFD_SETNO88;42.8115;-63.154267;321456;25;16-jul-08;01:31:51;32.0719;6.3522;4.81863;4.81863;1;6.3522;1;32.0719;1;0;NaN;NaN
TEM2008830_88;MFD_SETNO88;42.8115;-63.154267;321455;51;16-jul-08;01:31:51;32.375;2.8219;4.30316;4.30316;1;2.8219;1;32.375;1;0;NaN;NaN
TEM2008830_88;MFD_SETNO88;42.8115;-63.154267;321454;260;16-jul-08;01:31:51;34.9934;7.7427;2.41383;2.41383;1;7.7427;1;34.9934;1;0;NaN;NaN
TEM2008830_89;MFD_SETNO89;42.867683;-62.547983;321461;5;16-jul-08;05:27:34;31.9937;16.9628;3.64941;3.64941;1;16.9628;1;31.9937;1;0;NaN;NaN
TEM2008830_89;MFD_SETNO89;42.867683;-62.547983;321460;25;16-jul-08;05:27:34;32.4984;9.8647;4.53206;4.53206;1;9.8647;1;32.4984;1;0;NaN;NaN
TEM2008830_89;MFD_SETNO89;42.867683;-62.547983;321459;51;16-jul-08;05:27:34;32.9494;4.4048;4.29484;4.29484;1;4.4048;1;32.9494;1;0;NaN;NaN
TEM2008830_89;MFD_SETNO89;42.867683;-62.547983;321458;351;16-jul-08;05:27:34;34.8428;4.9776;3.25469;3.25469;1;4.9776;1;34.8428;1;0;NaN;NaN
TEM2008830_90;MFD_SETNO90;43.172633;-62.61245;321465;5;16-jul-08;08:32:40;31.7463;17.4227;3.6267;3.6267;1;17.4227;1;31.7463;1;0;NaN;NaN
TEM2008830_90;MFD_SETNO90;43.172633;-62.61245;321464;25;16-jul-08;08:32:40;32.4888;10.7793;4.36372;4.36372;1;10.7793;1;32.4888;1;0;NaN;NaN
TEM2008830_90;MFD_SETNO90;43.172633;-62.61245;321463;51;16-jul-08;08:32:40;32.9804;4.3704;4.27674;4.27674;1;4.3704;1;32.9804;1;0;NaN;NaN
TEM2008830_90;MFD_SETNO90;43.172633;-62.61245;321462;102;16-jul-08;08:32:40;33.6295;4.9888;3.64179;3.64179;1;4.9888;1;33.6295;1;0;NaN;NaN
TEM2008830_91;MFD_SETNO91;43.16835;-62.794167;321469;5;16-jul-08;10:28:50;31.1918;16.7481;3.67961;3.67961;1;16.7481;1;31.1918;1;0;NaN;NaN
TEM2008830_91;MFD_SETNO91;43.16835;-62.794167;321468;25;16-jul-08;10:28:50;32.303;4.4625;4.88514;4.88514;1;4.4625;1;32.303;1;0;NaN;NaN
TEM2008830_91;MFD_SETNO91;43.16835;-62.794167;321467;50;16-jul-08;10:28:50;33.082;5.0887;3.83926;3.83926;1;5.0887;1;33.082;1;0;NaN;NaN
TEM2008830_91;MFD_SETNO91;43.16835;-62.794167;321466;108;16-jul-08;10:28:50;34.1892;7.4993;3.09847;3.09847;1;7.4993;1;34.1892;1;0;NaN;NaN
TEM2008830_92;MFD_SETNO92;43.330933;-62.84875;321473;5;16-jul-08;12:21:44;31.1116;18.0197;3.53768;3.53768;1;18.0197;1;31.1116;1;0;NaN;NaN
TEM2008830_92;MFD_SETNO92;43.330933;-62.84875;321472;25;16-jul-08;12:21:44;32.2852;7.9032;4.67599;4.67599;1;7.9032;1;32.2852;1;0;NaN;NaN
TEM2008830_92;MFD_SETNO92;43.330933;-62.84875;321471;50;16-jul-08;12:21:44;32.725;3.7399;4.27991;4.27991;1;3.7399;1;32.725;1;0;NaN;NaN
TEM2008830_92;MFD_SETNO92;43.330933;-62.84875;321470;101;16-jul-08;12:21:44;34.4175;8.5564;3.00002;3.00002;1;8.5564;1;34.4175;1;0;NaN;NaN
TEM2008830_93;MFD_SETNO93;43.573;-62.783233;321477;5;16-jul-08;14:44:06;31.5565;17.5826;3.56846;3.56846;1;17.5826;1;31.5565;1;0;NaN;NaN
TEM2008830_93;MFD_SETNO93;43.573;-62.783233;321476;26;16-jul-08;14:44:06;32.5914;6.8196;4.73172;4.73172;1;6.8196;1;32.5914;1;0;NaN;NaN
TEM2008830_93;MFD_SETNO93;43.573;-62.783233;321475;51;16-jul-08;14:44:06;33.1064;5.0148;3.93069;3.93069;1;5.0148;1;33.1064;1;0;NaN;NaN
TEM2008830_93;MFD_SETNO93;43.573;-62.783233;321474;115;16-jul-08;14:44:06;34.5015;8.5887;2.8865;2.8865;1;8.5887;1;34.5015;1;0;NaN;NaN
TEM2008830_94;MFD_SETNO94;43.6095;-62.486283;321481;5;16-jul-08;17:04:05;31.1455;17.2127;3.67243;3.67243;1;17.2127;1;31.1455;1;0;NaN;NaN
TEM2008830_94;MFD_SETNO94;43.6095;-62.486283;321480;25;16-jul-08;17:04:05;31.8461;3.6529;4.92768;4.92768;1;3.6529;1;31.8461;1;0;NaN;NaN
TEM2008830_94;MFD_SETNO94;43.6095;-62.486283;321479;50;16-jul-08;17:04:05;32.2208;2.6816;4.41869;4.41869;1;2.6816;1;32.2208;1;0;NaN;NaN
TEM2008830_94;MFD_SETNO94;43.6095;-62.486283;321478;75;16-jul-08;17:04:05;32.7077;3.5502;3.93025;3.93025;1;3.5502;1;32.7077;1;0;NaN;NaN
TEM2008830_95;MFD_SETNO95;43.39745;-62.31835;321485;6;16-jul-08;19:58:23;31.5051;17.0354;3.68761;3.68761;1;17.0354;1;31.5051;1;0;NaN;NaN
TEM2008830_95;MFD_SETNO95;43.39745;-62.31835;321484;26;16-jul-08;19:58:23;32.64;7.3216;4.70207;4.70207;1;7.3216;1;32.64;1;0;NaN;NaN
TEM2008830_95;MFD_SETNO95;43.39745;-62.31835;321483;50;16-jul-08;19:58:23;32.826;3.9275;4.22226;4.22226;1;3.9275;1;32.826;1;0;NaN;NaN
TEM2008830_95;MFD_SETNO95;43.39745;-62.31835;321482;89;16-jul-08;19:58:23;33.7309;6.211;3.08337;3.08337;1;6.211;1;33.7309;1;0;NaN;NaN
TEM2008830_97;MFD_SETNO97;43.6004;-62.152617;321489;5;16-jul-08;23:01:07;31.1037;17.3145;3.66162;3.66162;1;17.3145;1;31.1037;1;0;NaN;NaN
TEM2008830_97;MFD_SETNO97;43.6004;-62.152617;321488;25;16-jul-08;23:01:07;32.292;8.3598;4.67785;4.67785;1;8.3598;1;32.292;1;0;NaN;NaN
TEM2008830_97;MFD_SETNO97;43.6004;-62.152617;321487;50;16-jul-08;23:01:07;32.583;3.9988;4.49039;4.49039;1;3.9988;1;32.583;1;0;NaN;NaN
TEM2008830_97;MFD_SETNO97;43.6004;-62.152617;321486;102;16-jul-08;23:01:07;33.8977;6.6758;2.97739;2.97739;1;6.6758;1;33.8977;1;0;NaN;NaN
TEM2008830_98;MFD_SETNO98;44.269717;-63.31625;321499;2;18-jul-08;14:21:36;30.895;12.0385;4.35782;4.35782;1;12.0385;1;30.895;1;0;NaN;NaN
TEM2008830_98;MFD_SETNO98;44.269717;-63.31625;321498;6;18-jul-08;14:21:36;31.1307;9.8313;4.49274;4.49274;1;9.8313;1;31.1307;1;0;NaN;NaN
TEM2008830_98;MFD_SETNO98;44.269717;-63.31625;321497;11;18-jul-08;14:21:36;31.3598;7.1953;4.66705;4.66705;1;7.1953;1;31.3598;1;0;NaN;NaN
TEM2008830_98;MFD_SETNO98;44.269717;-63.31625;321496;21;18-jul-08;14:21:36;31.6583;3.0797;4.9792;4.9792;1;3.0797;1;31.6583;1;0;NaN;NaN
TEM2008830_98;MFD_SETNO98;44.269717;-63.31625;321495;31;18-jul-08;14:21:36;31.7865;2.8208;4.78362;4.78362;1;2.8208;1;31.7865;1;0;NaN;NaN
TEM2008830_98;MFD_SETNO98;44.269717;-63.31625;321494;40;18-jul-08;14:21:36;31.8414;2.1681;4.70679;4.70679;1;2.1681;1;31.8414;1;0;NaN;NaN
TEM2008830_98;MFD_SETNO98;44.269717;-63.31625;321493;51;18-jul-08;14:21:36;31.9687;1.9961;4.56523;4.56523;1;1.9961;1;31.9687;1;0;NaN;NaN
TEM2008830_98;MFD_SETNO98;44.269717;-63.31625;321492;76;18-jul-08;14:21:36;32.3045;2.0256;4.26309;4.26309;1;2.0256;1;32.3045;1;0;NaN;NaN
TEM2008830_98;MFD_SETNO98;44.269717;-63.31625;321491;101;18-jul-08;14:21:36;32.7327;2.9901;3.93986;3.93986;1;2.9901;1;32.7327;1;0;NaN;NaN
TEM2008830_98;MFD_SETNO98;44.269717;-63.31625;321490;147;18-jul-08;14:21:36;33.6158;5.4492;2.92648;2.92648;1;5.4492;1;33.6158;1;0;NaN;NaN
TEM2008830_99;MFD_SETNO99;43.95315;-62.65085;321503;5;18-jul-08;19:33:24;30.8176;16.912;3.7732;3.7732;1;16.912;1;30.8176;1;0;NaN;NaN
TEM2008830_99;MFD_SETNO99;43.95315;-62.65085;321502;25;18-jul-08;19:33:24;32.4837;7.8013;4.71692;4.71692;1;7.8013;1;32.4837;1;0;NaN;NaN
TEM2008830_99;MFD_SETNO99;43.95315;-62.65085;321501;49;18-jul-08;19:33:24;32.5493;3.8506;4.59639;4.59639;1;3.8506;1;32.5493;1;0;NaN;NaN
TEM2008830_99;MFD_SETNO99;43.95315;-62.65085;321500;190;18-jul-08;19:33:24;34.7495;8.4953;1.97268;1.97268;1;8.4953;1;34.7495;1;0;NaN;NaN
TEM2008830_100;MFD_SETNO100;43.807617;-62.081533;321507;5;18-jul-08;23:53:17;30.8809;18.3768;3.47634;3.47634;1;18.3768;1;30.8809;1;0;NaN;NaN
TEM2008830_100;MFD_SETNO100;43.807617;-62.081533;321506;25;18-jul-08;23:53:17;32.042;4.4738;4.81605;4.81605;1;4.4738;1;32.042;1;0;NaN;NaN
TEM2008830_100;MFD_SETNO100;43.807617;-62.081533;321505;50;18-jul-08;23:53:17;32.4261;3.1849;4.36714;4.36714;1;3.1849;1;32.4261;1;0;NaN;NaN
TEM2008830_100;MFD_SETNO100;43.807617;-62.081533;321504;114;18-jul-08;23:53:17;34.1084;7.4071;2.93547;2.93547;1;7.4071;1;34.1084;1;0;NaN;NaN
TEM2008830_101;MFD_SETNO101;44.136733;-62.25425;321511;5;20-jul-08;07:44:51;31.0719;17.152;3.61511;3.61511;1;17.152;1;31.0719;1;0;NaN;NaN
TEM2008830_101;MFD_SETNO101;44.136733;-62.25425;321510;26;20-jul-08;07:44:51;32.0868;5.2177;4.83672;4.83672;1;5.2177;1;32.0868;1;0;NaN;NaN
TEM2008830_101;MFD_SETNO101;44.136733;-62.25425;321509;50;20-jul-08;07:44:51;32.4129;2.5961;4.28291;4.28291;1;2.5961;1;32.4129;1;0;NaN;NaN
TEM2008830_101;MFD_SETNO101;44.136733;-62.25425;321508;161;20-jul-08;07:44:51;34.5763;8.1467;2.14498;2.14498;1;8.1467;1;34.5763;1;0;NaN;NaN
TEM2008830_102;MFD_SETNO102;43.877233;-62.066317;321515;5;20-jul-08;10:30:14;30.6406;17.6951;3.60071;3.60071;1;17.6951;1;30.6406;1;0;NaN;NaN
TEM2008830_102;MFD_SETNO102;43.877233;-62.066317;321514;25;20-jul-08;10:30:14;32.2499;5.8977;4.71307;4.71307;1;5.8977;1;32.2499;1;0;NaN;NaN
TEM2008830_102;MFD_SETNO102;43.877233;-62.066317;321513;51;20-jul-08;10:30:14;32.4832;3.2761;4.32494;4.32494;1;3.2761;1;32.4832;1;0;NaN;NaN
TEM2008830_102;MFD_SETNO102;43.877233;-62.066317;321512;130;20-jul-08;10:30:14;34.2933;7.9938;2.79784;2.79784;1;7.9938;1;34.2933;1;0;NaN;NaN
TEM2008830_103;MFD_SETNO103;43.772217;-61.768333;321519;5;20-jul-08;12:56:12;31.6589;16.0031;3.87136;3.87136;1;16.0031;1;31.6589;1;0;NaN;NaN
TEM2008830_103;MFD_SETNO103;43.772217;-61.768333;321518;26;20-jul-08;12:56:12;32.3941;5.5347;4.51947;4.51947;1;5.5347;1;32.3941;1;0;NaN;NaN
TEM2008830_103;MFD_SETNO103;43.772217;-61.768333;321517;50;20-jul-08;12:56:12;32.7007;3.8253;4.12061;4.12061;1;3.8253;1;32.7007;1;0;NaN;NaN
TEM2008830_103;MFD_SETNO103;43.772217;-61.768333;321516;73;20-jul-08;12:56:12;32.7534;3.707;4.04943;4.04943;1;3.707;1;32.7534;1;0;NaN;NaN
TEM2008830_104;MFD_SETNO104;43.63895;-61.557233;321523;5;20-jul-08;15:33:32;32.0704;16.2387;3.73557;3.73557;1;16.2387;1;32.0704;1;0;NaN;NaN
TEM2008830_104;MFD_SETNO104;43.63895;-61.557233;321522;26;20-jul-08;15:33:32;32.3183;6.9021;4.74498;4.74498;1;6.9021;1;32.3183;1;0;NaN;NaN
TEM2008830_104;MFD_SETNO104;43.63895;-61.557233;321521;51;20-jul-08;15:33:32;32.5611;4.5027;4.14018;4.14018;1;4.5027;1;32.5611;1;0;NaN;NaN
TEM2008830_104;MFD_SETNO104;43.63895;-61.557233;321520;58;20-jul-08;15:33:32;32.5586;4.5053;4.12793;4.12793;1;4.5053;1;32.5586;1;0;NaN;NaN
TEM2008830_105;MFD_SETNO105;43.3231;-61.604017;321527;5;20-jul-08;18:43:00;31.962;17.6322;3.65569;3.65569;1;17.6322;1;31.962;1;0;NaN;NaN
TEM2008830_105;MFD_SETNO105;43.3231;-61.604017;321526;26;20-jul-08;18:43:00;32.2561;9.2079;4.54489;4.54489;1;9.2079;1;32.2561;1;0;NaN;NaN
TEM2008830_105;MFD_SETNO105;43.3231;-61.604017;321525;50;20-jul-08;18:43:00;32.7096;4.8011;4.5638;4.5638;1;4.8011;1;32.7096;1;0;NaN;NaN
TEM2008830_105;MFD_SETNO105;43.3231;-61.604017;321524;76;20-jul-08;18:43:00;33.0112;3.8443;4.05201;4.05201;1;3.8443;1;33.0112;1;0;NaN;NaN
TEM2008830_106;MFD_SETNO106;43.233;-61.8086;321531;5;20-jul-08;20:50:31;32.1414;18.5739;3.19949;3.19949;1;18.5739;1;32.1414;1;0;NaN;NaN
TEM2008830_106;MFD_SETNO106;43.233;-61.8086;321530;25;20-jul-08;20:50:31;32.4915;6.7464;4.68359;4.68359;1;6.7464;1;32.4915;1;0;NaN;NaN
TEM2008830_106;MFD_SETNO106;43.233;-61.8086;321529;50;20-jul-08;20:50:31;32.8786;3.6409;4.32249;4.32249;1;3.6409;1;32.8786;1;0;NaN;NaN
TEM2008830_106;MFD_SETNO106;43.233;-61.8086;321528;90;20-jul-08;20:50:31;33.4207;4.4979;3.86853;3.86853;1;4.4979;1;33.4207;1;0;NaN;NaN
TEM2008830_107;MFD_SETNO107;43.1812;-62.106617;321535;6;20-jul-08;23:06:32;31.9377;16.3701;3.85108;3.85108;1;16.3701;1;31.9377;1;0;NaN;NaN
TEM2008830_107;MFD_SETNO107;43.1812;-62.106617;321534;25;20-jul-08;23:06:32;32.324;7.3703;4.62538;4.62538;1;7.3703;1;32.324;1;0;NaN;NaN
TEM2008830_107;MFD_SETNO107;43.1812;-62.106617;321533;51;20-jul-08;23:06:32;32.9252;3.8942;4.34565;4.34565;1;3.8942;1;32.9252;1;0;NaN;NaN
TEM2008830_107;MFD_SETNO107;43.1812;-62.106617;321532;98;20-jul-08;23:06:32;33.5832;4.7655;3.78118;3.78118;1;4.7655;1;33.5832;1;0;NaN;NaN
TEM2008830_108;MFD_SETNO108;43.068467;-61.89255;321539;4;21-jul-08;01:11:46;32.2102;17.6078;3.67552;3.67552;1;17.6078;1;32.2102;1;0;NaN;NaN
TEM2008830_108;MFD_SETNO108;43.068467;-61.89255;321538;25;21-jul-08;01:11:46;33.2503;9.5576;4.57073;4.57073;1;9.5576;1;33.2503;1;0;NaN;NaN
TEM2008830_108;MFD_SETNO108;43.068467;-61.89255;321537;51;21-jul-08;01:11:46;33.6415;6.1922;3.92664;3.92664;1;6.1922;1;33.6415;1;0;NaN;NaN
TEM2008830_108;MFD_SETNO108;43.068467;-61.89255;321536;101;21-jul-08;01:11:46;34.1423;6.8628;3.53404;3.53404;1;6.8628;1;34.1423;1;0;NaN;NaN
TEM2008830_109;MFD_SETNO109;42.93295;-61.897717;321543;5;21-jul-08;04:32:52;32.1783;17.8446;3.57091;3.57091;1;17.8446;1;32.1783;1;0;NaN;NaN
TEM2008830_109;MFD_SETNO109;42.93295;-61.897717;321542;26;21-jul-08;04:32:52;32.4448;5.5292;4.65824;4.65824;1;5.5292;1;32.4448;1;0;NaN;NaN
TEM2008830_109;MFD_SETNO109;42.93295;-61.897717;321541;50;21-jul-08;04:32:52;32.9241;3.7594;4.43429;4.43429;1;3.7594;1;32.9241;1;0;NaN;NaN
TEM2008830_109;MFD_SETNO109;42.93295;-61.897717;321540;463;21-jul-08;04:32:52;34.8797;4.6816;3.47983;3.47983;1;4.6816;1;34.8797;1;0;NaN;NaN
TEM2008830_110;MFD_SETNO110;43.20415;-61.356867;321547;5;21-jul-08;09:42:32;31.9989;17.1745;3.66486;3.66486;1;17.1745;1;31.9989;1;0;NaN;NaN
TEM2008830_110;MFD_SETNO110;43.20415;-61.356867;321546;26;21-jul-08;09:42:32;32.3815;8.3118;4.60241;4.60241;1;8.3118;1;32.3815;1;0;NaN;NaN
TEM2008830_110;MFD_SETNO110;43.20415;-61.356867;321545;50;21-jul-08;09:42:32;32.8043;2.4025;4.59845;4.59845;1;2.4025;1;32.8043;1;0;NaN;NaN
TEM2008830_110;MFD_SETNO110;43.20415;-61.356867;321544;145;21-jul-08;09:42:32;34.3139;6.8166;3.30666;3.30666;1;6.8166;1;34.3139;1;0;NaN;NaN
TEM2008830_111;MFD_SETNO111;43.3438;-61.29165;321551;5;21-jul-08;11:36:52;31.9332;17.4412;3.63123;3.63123;1;17.4412;1;31.9332;1;0;NaN;NaN
TEM2008830_111;MFD_SETNO111;43.3438;-61.29165;321550;23;21-jul-08;11:36:52;32.2918;7.3533;4.56126;4.56126;1;7.3533;1;32.2918;1;0;NaN;NaN
TEM2008830_111;MFD_SETNO111;43.3438;-61.29165;321549;51;21-jul-08;11:36:52;32.8184;3.9615;3.96924;3.96924;1;3.9615;1;32.8184;1;0;NaN;NaN
TEM2008830_111;MFD_SETNO111;43.3438;-61.29165;321548;76;21-jul-08;11:36:52;33.2362;3.7613;4.01666;4.01666;1;3.7613;1;33.2362;1;0;NaN;NaN
TEM2008830_112;MFD_SETNO112;43.2565;-61.15805;321555;4;21-jul-08;15:41:36;31.9935;16.4946;3.80593;3.80593;1;16.4946;1;31.9935;1;0;NaN;NaN
TEM2008830_112;MFD_SETNO112;43.2565;-61.15805;321554;27;21-jul-08;15:41:36;32.5877;7.2922;4.71242;4.71242;1;7.2922;1;32.5877;1;0;NaN;NaN
TEM2008830_112;MFD_SETNO112;43.2565;-61.15805;321553;51;21-jul-08;15:41:36;32.677;1.832;4.61246;4.61246;1;1.832;1;32.677;1;0;NaN;NaN
TEM2008830_112;MFD_SETNO112;43.2565;-61.15805;321552;651;21-jul-08;15:41:36;34.9032;4.5428;3.58394;3.58394;1;4.5428;1;34.9032;1;0;NaN;NaN
TEM2008830_113;MFD_SETNO113;43.3609;-60.9506;321559;5;21-jul-08;18:22:50;32.1058;16.9709;3.75667;3.75667;1;16.9709;1;32.1058;1;0;NaN;NaN
TEM2008830_113;MFD_SETNO113;43.3609;-60.9506;321558;25;21-jul-08;18:22:50;32.3954;7.4628;4.70771;4.70771;1;7.4628;1;32.3954;1;0;NaN;NaN
TEM2008830_113;MFD_SETNO113;43.3609;-60.9506;321557;50;21-jul-08;18:22:50;32.8306;3.0958;4.29118;4.29118;1;3.0958;1;32.8306;1;0;NaN;NaN
TEM2008830_113;MFD_SETNO113;43.3609;-60.9506;321556;98;21-jul-08;18:22:50;33.1979;2.7821;4.17256;4.17256;1;2.7821;1;33.1979;1;0;NaN;NaN
TEM2008830_114;MFD_SETNO114;43.392133;-60.830383;321563;5;21-jul-08;19:54:59;31.9603;16.3356;3.86023;3.86023;1;16.3356;1;31.9603;1;0;NaN;NaN
TEM2008830_114;MFD_SETNO114;43.392133;-60.830383;321562;25;21-jul-08;19:54:59;32.4702;6.8293;4.73432;4.73432;1;6.8293;1;32.4702;1;0;NaN;NaN
TEM2008830_114;MFD_SETNO114;43.392133;-60.830383;321561;50;21-jul-08;19:54:59;32.745;2.2917;4.46525;4.46525;1;2.2917;1;32.745;1;0;NaN;NaN
TEM2008830_114;MFD_SETNO114;43.392133;-60.830383;321560;96;21-jul-08;19:54:59;33.114;2.5263;4.21649;4.21649;1;2.5263;1;33.114;1;0;NaN;NaN
TEM2008830_115;MFD_SETNO115;43.644883;-60.55975;321567;5;21-jul-08;22:53:56;31.7785;16.3584;3.79924;3.79924;1;16.3584;1;31.7785;1;0;NaN;NaN
TEM2008830_115;MFD_SETNO115;43.644883;-60.55975;321566;25;21-jul-08;22:53:56;32.3691;7.2798;4.68012;4.68012;1;7.2798;1;32.3691;1;0;NaN;NaN
TEM2008830_115;MFD_SETNO115;43.644883;-60.55975;321565;50;21-jul-08;22:53:56;32.8431;3.1004;4.16767;4.16767;1;3.1004;1;32.8431;1;0;NaN;NaN
TEM2008830_115;MFD_SETNO115;43.644883;-60.55975;321564;61;21-jul-08;22:53:56;32.8508;3.0506;4.121;4.121;1;3.0506;1;32.8508;1;0;NaN;NaN
TEM2008830_116;MFD_SETNO116;43.638983;-60.25425;321571;5;22-jul-08;01:00:02;31.649;16.1269;3.82796;3.82796;1;16.1269;1;31.649;1;0;NaN;NaN
TEM2008830_116;MFD_SETNO116;43.638983;-60.25425;321570;25;22-jul-08;01:00:02;32.3565;7.1213;4.72464;4.72464;1;7.1213;1;32.3565;1;0;NaN;NaN
TEM2008830_116;MFD_SETNO116;43.638983;-60.25425;321569;50;22-jul-08;01:00:02;32.7387;3.3531;4.32318;4.32318;1;3.3531;1;32.7387;1;0;NaN;NaN
TEM2008830_116;MFD_SETNO116;43.638983;-60.25425;321568;62;22-jul-08;01:00:02;32.7873;2.795;4.27876;4.27876;1;2.795;1;32.7873;1;0;NaN;NaN
TEM2008830_117;MFD_SETNO117;43.851883;-59.938117;321574;6;22-jul-08;03:54:25;31.6229;13.6633;4.04477;4.04477;1;13.6633;1;31.6229;1;0;NaN;NaN
TEM2008830_117;MFD_SETNO117;43.851883;-59.938117;321573;25;22-jul-08;03:54:25;31.7984;11.4222;4.21518;4.21518;1;11.4222;1;31.7984;1;0;NaN;NaN
TEM2008830_117;MFD_SETNO117;43.851883;-59.938117;321572;39;22-jul-08;03:54:25;31.9986;9.0683;4.16374;4.16374;1;9.0683;1;31.9986;1;0;NaN;NaN
TEM2008830_118;MFD_SETNO118;43.846317;-59.404117;321577;5;22-jul-08;07:06:44;31.4387;14.2037;3.96279;3.96279;1;14.2037;1;31.4387;1;0;NaN;NaN
TEM2008830_118;MFD_SETNO118;43.846317;-59.404117;321576;25;22-jul-08;07:06:44;32.1773;7.3586;4.36392;4.36392;1;7.3586;1;32.1773;1;0;NaN;NaN
TEM2008830_118;MFD_SETNO118;43.846317;-59.404117;321575;58;22-jul-08;07:06:44;32.6354;3.9232;4.03852;4.03852;1;3.9232;1;32.6354;1;0;NaN;NaN
TEM2008830_119;MFD_SETNO119;43.676083;-59.2012;321581;6;22-jul-08;09:44:07;31.3617;15.5729;3.84024;3.84024;1;15.5729;1;31.3617;1;0;NaN;NaN
TEM2008830_119;MFD_SETNO119;43.676083;-59.2012;321580;26;22-jul-08;09:44:07;33.1411;9.8583;4.37365;4.37365;1;9.8583;1;33.1411;1;0;NaN;NaN
TEM2008830_119;MFD_SETNO119;43.676083;-59.2012;321579;51;22-jul-08;09:44:07;33.6458;5.989;4.16564;4.16564;1;5.989;1;33.6458;1;0;NaN;NaN
TEM2008830_119;MFD_SETNO119;43.676083;-59.2012;321578;301;22-jul-08;09:44:07;34.789;5.7767;2.99856;2.99856;1;5.7767;1;34.789;1;0;NaN;NaN
TEM2008830_120;MFD_SETNO120;43.971683;-58.682333;321585;5;22-jul-08;13:53:57;31.4347;15.0258;3.88349;3.88349;1;15.0258;1;31.4347;1;0;NaN;NaN
TEM2008830_120;MFD_SETNO120;43.971683;-58.682333;321584;26;22-jul-08;13:53:57;32.5324;9.448;4.28338;4.28338;1;9.448;1;32.5324;1;0;NaN;NaN
TEM2008830_120;MFD_SETNO120;43.971683;-58.682333;321583;51;22-jul-08;13:53:57;32.6932;2.3295;4.51763;4.51763;1;2.3295;1;32.6932;1;0;NaN;NaN
TEM2008830_120;MFD_SETNO120;43.971683;-58.682333;321582;180;22-jul-08;13:53:57;34.7085;7.1054;2.88149;2.88149;1;7.1054;1;34.7085;1;0;NaN;NaN
TEM2008830_121;MFD_SETNO121;44.056817;-58.685767;321589;6;22-jul-08;17:05:09;32.0462;11.2348;4.21686;4.21686;1;11.2348;1;32.0462;1;0;NaN;NaN
TEM2008830_121;MFD_SETNO121;44.056817;-58.685767;321588;26;22-jul-08;17:05:09;32.5654;2.7447;4.67092;4.67092;1;2.7447;1;32.5654;1;0;NaN;NaN
TEM2008830_121;MFD_SETNO121;44.056817;-58.685767;321587;50;22-jul-08;17:05:09;32.7159;2.2709;4.55485;4.55485;1;2.2709;1;32.7159;1;0;NaN;NaN
TEM2008830_121;MFD_SETNO121;44.056817;-58.685767;321586;101;22-jul-08;17:05:09;34.2808;6.4548;3.53964;3.53964;1;6.4548;1;34.2808;1;0;NaN;NaN
TEM2008830_122;MFD_SETNO122;44.12535;-58.8644;321593;5;22-jul-08;19:02:05;33.218;14.1067;3.37402;3.37402;1;14.1067;1;33.218;1;0;NaN;NaN
TEM2008830_122;MFD_SETNO122;44.12535;-58.8644;321592;26;22-jul-08;19:02:05;32.1954;6.7164;4.66652;4.66652;1;6.7164;1;32.1954;1;0;NaN;NaN
TEM2008830_122;MFD_SETNO122;44.12535;-58.8644;321591;51;22-jul-08;19:02:05;32.7701;2.4874;4.48815;4.48815;1;2.4874;1;32.7701;1;0;NaN;NaN
TEM2008830_122;MFD_SETNO122;44.12535;-58.8644;321590;96;22-jul-08;19:02:05;33.3696;3.8961;4.11408;4.11408;1;3.8961;1;33.3696;1;0;NaN;NaN
TEM2008830_123;MFD_SETNO123;44.142433;-58.9588;321597;5;22-jul-08;20:44:03;31.5597;16.2356;3.80691;3.80691;1;16.2356;1;31.5597;1;0;NaN;NaN
TEM2008830_123;MFD_SETNO123;44.142433;-58.9588;321596;24;22-jul-08;20:44:03;32.2713;5.048;4.91017;4.91017;1;5.048;1;32.2713;1;0;NaN;NaN
TEM2008830_123;MFD_SETNO123;44.142433;-58.9588;321595;51;22-jul-08;20:44:03;32.7464;2.282;4.55759;4.55759;1;2.282;1;32.7464;1;0;NaN;NaN
TEM2008830_123;MFD_SETNO123;44.142433;-58.9588;321594;125;22-jul-08;20:44:03;33.7481;4.9269;3.93434;3.93434;1;4.9269;1;33.7481;1;0;NaN;NaN
TEM2008830_124;MFD_SETNO124;44.33565;-59.1926;321601;5;22-jul-08;23:23:53;31.1913;16.809;3.72809;3.72809;1;16.809;1;31.1913;1;0;NaN;NaN
TEM2008830_124;MFD_SETNO124;44.33565;-59.1926;321600;26;22-jul-08;23:23:53;31.9619;7.9412;4.78371;4.78371;1;7.9412;1;31.9619;1;0;NaN;NaN
TEM2008830_124;MFD_SETNO124;44.33565;-59.1926;321599;50;22-jul-08;23:23:53;32.6002;3.4467;4.52288;4.52288;1;3.4467;1;32.6002;1;0;NaN;NaN
TEM2008830_124;MFD_SETNO124;44.33565;-59.1926;321598;220;22-jul-08;23:23:53;34.2889;4.4717;3.5765;3.5765;1;4.4717;1;34.2889;1;0;NaN;NaN
TEM2008830_125;MFD_SETNO125;44.243033;-59.671367;321605;6;23-jul-08;03:15:23;31.2566;16.7493;3.70315;3.70315;1;16.7493;1;31.2566;1;0;NaN;NaN
TEM2008830_125;MFD_SETNO125;44.243033;-59.671367;321604;25;23-jul-08;03:15:23;32.3833;7.6216;4.73223;4.73223;1;7.6216;1;32.3833;1;0;NaN;NaN
TEM2008830_125;MFD_SETNO125;44.243033;-59.671367;321603;51;23-jul-08;03:15:23;32.6289;3.7424;4.46623;4.46623;1;3.7424;1;32.6289;1;0;NaN;NaN
TEM2008830_125;MFD_SETNO125;44.243033;-59.671367;321602;204;23-jul-08;03:15:23;34.3391;4.4204;3.43619;3.43619;1;4.4204;1;34.3391;1;0;NaN;NaN
TEM2008830_126;MFD_SETNO126;44.30975;-59.53595;321609;6;23-jul-08;05:14:49;31.0655;16.9295;3.68932;3.68932;1;16.9295;1;31.0655;1;0;NaN;NaN
TEM2008830_126;MFD_SETNO126;44.30975;-59.53595;321608;26;23-jul-08;05:14:49;32.4184;5.85;4.66358;4.66358;1;5.85;1;32.4184;1;0;NaN;NaN
TEM2008830_126;MFD_SETNO126;44.30975;-59.53595;321607;50;23-jul-08;05:14:49;32.5988;3.0472;4.55566;4.55566;1;3.0472;1;32.5988;1;0;NaN;NaN
TEM2008830_126;MFD_SETNO126;44.30975;-59.53595;321606;148;23-jul-08;05:14:49;33.8501;4.3466;3.65525;3.65525;1;4.3466;1;33.8501;1;0;NaN;NaN
TEM2008830_127;MFD_SETNO127;44.609783;-59.62115;321612;6;23-jul-08;08:12:48;30.8093;16.7927;3.67811;3.67811;1;16.7927;1;30.8093;1;0;NaN;NaN
TEM2008830_127;MFD_SETNO127;44.609783;-59.62115;321611;25;23-jul-08;08:12:48;31.5846;3.3972;4.82903;4.82903;1;3.3972;1;31.5846;1;0;NaN;NaN
TEM2008830_127;MFD_SETNO127;44.609783;-59.62115;321610;57;23-jul-08;08:12:48;32.4015;2.1321;4.10472;4.10472;1;2.1321;1;32.4015;1;0;NaN;NaN
TEM2008830_128;MFD_SETNO128;44.636483;-59.436583;321616;5;23-jul-08;10:28:51;30.6893;16.8164;3.6729;3.6729;1;16.8164;1;30.6893;1;0;NaN;NaN
TEM2008830_128;MFD_SETNO128;44.636483;-59.436583;321615;25;23-jul-08;10:28:51;31.4707;5.1869;4.77776;4.77776;1;5.1869;1;31.4707;1;0;NaN;NaN
TEM2008830_128;MFD_SETNO128;44.636483;-59.436583;321614;51;23-jul-08;10:28:51;32.2947;1.3482;4.3376;4.3376;1;1.3482;1;32.2947;1;0;NaN;NaN
TEM2008830_128;MFD_SETNO128;44.636483;-59.436583;321613;93;23-jul-08;10:28:51;32.5017;1.1182;3.93213;3.93213;1;1.1182;1;32.5017;1;0;NaN;NaN
TEM2008830_129;MFD_SETNO129;44.50775;-59.01935;321619;5;23-jul-08;13:33:32;30.5724;17.0319;3.66003;3.66003;1;17.0319;1;30.5724;1;0;NaN;NaN
TEM2008830_129;MFD_SETNO129;44.50775;-59.01935;321618;26;23-jul-08;13:33:32;31.9684;3.4436;4.97324;4.97324;1;3.4436;1;31.9684;1;0;NaN;NaN
TEM2008830_129;MFD_SETNO129;44.50775;-59.01935;321617;51;23-jul-08;13:33:32;32.3352;1.9525;4.27406;4.27406;1;1.9525;1;32.3352;1;0;NaN;NaN
TEM2008830_130;MFD_SETNO130;44.4652;-58.704517;321623;5;23-jul-08;15:51:30;31.3795;13.4172;4.1819;4.1819;1;13.4172;1;31.3795;1;0;NaN;NaN
TEM2008830_130;MFD_SETNO130;44.4652;-58.704517;321622;26;23-jul-08;15:51:30;32.1813;3.2774;4.81882;4.81882;1;3.2774;1;32.1813;1;0;NaN;NaN
TEM2008830_130;MFD_SETNO130;44.4652;-58.704517;321621;50;23-jul-08;15:51:30;32.3767;2.7204;4.42822;4.42822;1;2.7204;1;32.3767;1;0;NaN;NaN
TEM2008830_130;MFD_SETNO130;44.4652;-58.704517;321620;63;23-jul-08;15:51:30;32.4092;2.5788;4.34273;4.34273;1;2.5788;1;32.4092;1;0;NaN;NaN
TEM2008830_131;MFD_SETNO131;44.6594;-58.529167;321627;6;23-jul-08;19:13:29;30.6839;16.8458;3.63413;3.63413;1;16.8458;1;30.6839;1;0;NaN;NaN
TEM2008830_131;MFD_SETNO131;44.6594;-58.529167;321626;25;23-jul-08;19:13:29;31.8624;3.8173;5.0104;5.0104;1;3.8173;1;31.8624;1;0;NaN;NaN
TEM2008830_131;MFD_SETNO131;44.6594;-58.529167;321625;47;23-jul-08;19:13:29;32.3575;1.7259;4.25398;4.25398;1;1.7259;1;32.3575;1;0;NaN;NaN
TEM2008830_131;MFD_SETNO131;44.6594;-58.529167;321624;65;23-jul-08;19:13:29;32.6106;1.2036;4.01212;4.01212;1;1.2036;1;32.6106;1;0;NaN;NaN
TEM2008830_132;MFD_SETNO132;45.0284;-58.920967;321631;5;23-jul-08;23:22:11;30.5684;16.1511;3.74959;3.74959;1;16.1511;1;30.5684;1;0;NaN;NaN
TEM2008830_132;MFD_SETNO132;45.0284;-58.920967;321630;25;23-jul-08;23:22:11;31.713;4.8689;4.91146;4.91146;1;4.8689;1;31.713;1;0;NaN;NaN
TEM2008830_132;MFD_SETNO132;45.0284;-58.920967;321629;50;23-jul-08;23:22:11;32.308;1.3144;4.4656;4.4656;1;1.3144;1;32.308;1;0;NaN;NaN
TEM2008830_132;MFD_SETNO132;45.0284;-58.920967;321628;116;23-jul-08;23:22:11;32.6542;1.2834;4.07437;4.07437;1;1.2834;1;32.6542;1;0;NaN;NaN
TEM2008830_133;MFD_SETNO133;45.118433;-59.0709;321635;5;24-jul-08;01:22:12;30.4825;16.4999;3.48481;3.48481;1;16.4999;1;30.4825;1;0;NaN;NaN
TEM2008830_133;MFD_SETNO133;45.118433;-59.0709;321634;25;24-jul-08;01:22:12;31.3824;4.0724;4.77378;4.77378;1;4.0724;1;31.3824;1;0;NaN;NaN
TEM2008830_133;MFD_SETNO133;45.118433;-59.0709;321633;51;24-jul-08;01:22:12;32.2064;1.2403;4.47607;4.47607;1;1.2403;1;32.2064;1;0;NaN;NaN
TEM2008830_133;MFD_SETNO133;45.118433;-59.0709;321632;90;24-jul-08;01:22:12;32.5308;1.189;4.12856;4.12856;1;1.189;1;32.5308;1;0;NaN;NaN
TEM2008830_134;MFD_SETNO134;45.203917;-59.1038;321639;4;24-jul-08;03:55:44;30.4089;16.395;3.72303;3.72303;1;16.395;1;30.4089;1;0;NaN;NaN
TEM2008830_134;MFD_SETNO134;45.203917;-59.1038;321638;26;24-jul-08;03:55:44;31.4427;3.6661;4.83152;4.83152;1;3.6661;1;31.4427;1;0;NaN;NaN
TEM2008830_134;MFD_SETNO134;45.203917;-59.1038;321637;51;24-jul-08;03:55:44;32.0793;1.0078;4.52295;4.52295;1;1.0078;1;32.0793;1;0;NaN;NaN
TEM2008830_134;MFD_SETNO134;45.203917;-59.1038;321636;85;24-jul-08;03:55:44;32.4284;0.9052;4.07761;4.07761;1;0.9052;1;32.4284;1;0;NaN;NaN
TEM2008830_136;MFD_SETNO136;45.369967;-59.467333;321643;5;24-jul-08;08:48:11;29.3422;17.2181;3.65272;3.65272;1;17.2181;1;29.3422;1;0;NaN;NaN
TEM2008830_136;MFD_SETNO136;45.369967;-59.467333;321642;25;24-jul-08;08:48:11;31.5338;3.1966;4.85432;4.85432;1;3.1966;1;31.5338;1;0;NaN;NaN
TEM2008830_136;MFD_SETNO136;45.369967;-59.467333;321641;51;24-jul-08;08:48:11;31.9056;1.3641;4.60691;4.60691;1;1.3641;1;31.9056;1;0;NaN;NaN
TEM2008830_136;MFD_SETNO136;45.369967;-59.467333;321640;134;24-jul-08;08:48:11;33.3153;2.3292;3.22067;3.22067;1;2.3292;1;33.3153;1;0;NaN;NaN
TEM2008830_137;MFD_SETNO137;45.735117;-59.7184;321647;5;24-jul-08;12:51:54;28.5142;17.2187;3.69631;3.69631;1;17.2187;1;28.5142;1;0;NaN;NaN
TEM2008830_137;MFD_SETNO137;45.735117;-59.7184;321646;25;24-jul-08;12:51:54;30.7886;7.0191;4.26397;4.26397;1;7.0191;1;30.7886;1;0;NaN;NaN
TEM2008830_137;MFD_SETNO137;45.735117;-59.7184;321645;50;24-jul-08;12:51:54;32.1507;1.966;4.79979;4.79979;1;1.966;1;32.1507;1;0;NaN;NaN
TEM2008830_137;MFD_SETNO137;45.735117;-59.7184;321644;142;24-jul-08;12:51:54;33.1545;1.997;3.6489;3.6489;1;1.997;1;33.1545;1;0;NaN;NaN
TEM2008830_138;MFD_SETNO138;45.960067;-59.419733;321651;6;24-jul-08;16:36:51;29.5957;16.4156;3.66933;3.66933;1;16.4156;1;29.5957;1;0;NaN;NaN
TEM2008830_138;MFD_SETNO138;45.960067;-59.419733;321650;26;24-jul-08;16:36:51;31.3946;3.9547;4.54783;4.54783;1;3.9547;1;31.3946;1;0;NaN;NaN
TEM2008830_138;MFD_SETNO138;45.960067;-59.419733;321649;51;24-jul-08;16:36:51;31.8248;1.5889;4.57583;4.57583;1;1.5889;1;31.8248;1;0;NaN;NaN
TEM2008830_138;MFD_SETNO138;45.960067;-59.419733;321648;76;24-jul-08;16:36:51;32.3692;1.3323;4.45055;4.45055;1;1.3323;1;32.3692;1;0;NaN;NaN
TEM2008830_139;MFD_SETNO139;46.209783;-59.64745;321655;5;24-jul-08;20:09:14;28.2282;18.9095;3.61302;3.61302;1;18.9095;1;28.2282;1;0;NaN;NaN
TEM2008830_139;MFD_SETNO139;46.209783;-59.64745;321654;25;24-jul-08;20:09:14;29.7947;8.1871;4.04132;4.04132;1;8.1871;1;29.7947;1;0;NaN;NaN
TEM2008830_139;MFD_SETNO139;46.209783;-59.64745;321652;47;24-jul-08;20:09:14;31.7792;4.2272;4.84764;4.84764;1;4.2272;1;31.7792;1;0;NaN;NaN
TEM2008830_139;MFD_SETNO139;46.209783;-59.64745;321653;47;24-jul-08;20:09:14;31.7792;4.2272;4.84764;4.84764;1;4.2272;1;31.7792;1;0;NaN;NaN
TEM2008830_140;MFD_SETNO140;46.3378;-60.055367;321658;5;24-jul-08;23:05:28;28.0123;19.9311;3.50246;3.50246;1;19.9311;1;28.0123;1;0;NaN;NaN
TEM2008830_140;MFD_SETNO140;46.3378;-60.055367;321657;25;24-jul-08;23:05:28;29.8252;8.6009;4.01197;4.01197;1;8.6009;1;29.8252;1;0;NaN;NaN
TEM2008830_140;MFD_SETNO140;46.3378;-60.055367;321656;36;24-jul-08;23:05:28;31.1379;2.405;4.50536;4.50536;1;2.405;1;31.1379;1;0;NaN;NaN
TEM2008830_141;MFD_SETNO141;46.468867;-60.1463;321662;5;25-jul-08;00:48:20;28.7425;15.4677;3.73083;3.73083;1;15.4677;1;28.7425;1;0;NaN;NaN
TEM2008830_141;MFD_SETNO141;46.468867;-60.1463;321661;25;25-jul-08;00:48:20;30.1687;7.8764;4.10921;4.10921;1;7.8764;1;30.1687;1;0;NaN;NaN
TEM2008830_141;MFD_SETNO141;46.468867;-60.1463;321660;50;25-jul-08;00:48:20;31.8174;0.3578;4.54106;4.54106;1;0.3578;1;31.8174;1;0;NaN;NaN
TEM2008830_141;MFD_SETNO141;46.468867;-60.1463;321659;90;25-jul-08;00:48:20;32.6633;0.9203;3.89764;3.89764;1;0.9203;1;32.6633;1;0;NaN;NaN
TEM2008830_142;MFD_SETNO142;46.45595;-59.821283;321666;5;25-jul-08;03:29:44;28.1311;19.3082;3.58203;3.58203;1;19.3082;1;28.1311;1;0;NaN;NaN
TEM2008830_142;MFD_SETNO142;46.45595;-59.821283;321665;25;25-jul-08;03:29:44;29.5902;9.7234;3.9965;3.9965;1;9.7234;1;29.5902;1;0;NaN;NaN
TEM2008830_142;MFD_SETNO142;46.45595;-59.821283;321664;50;25-jul-08;03:29:44;31.6377;0.8603;4.49744;4.49744;1;0.8603;1;31.6377;1;0;NaN;NaN
TEM2008830_142;MFD_SETNO142;46.45595;-59.821283;321663;59;25-jul-08;03:29:44;31.911;0.6016;4.45028;4.45028;1;0.6016;1;31.911;1;0;NaN;NaN
TEM2008830_143;MFD_SETNO143;46.777183;-59.612867;321670;5;25-jul-08;07:22:32;28.7847;18.1418;3.58602;3.58602;1;18.1418;1;28.7847;1;0;NaN;NaN
TEM2008830_143;MFD_SETNO143;46.777183;-59.612867;321669;25;25-jul-08;07:22:32;31.3958;2.498;4.76802;4.76802;1;2.498;1;31.3958;1;0;NaN;NaN
TEM2008830_143;MFD_SETNO143;46.777183;-59.612867;321668;50;25-jul-08;07:22:32;32.1474;0.7864;4.75047;4.75047;1;0.7864;1;32.1474;1;0;NaN;NaN
TEM2008830_143;MFD_SETNO143;46.777183;-59.612867;321667;327;25-jul-08;07:22:32;34.7856;5.2853;2.07886;2.07886;1;5.2853;1;34.7856;1;0;NaN;NaN
TEM2008830_144;MFD_SETNO144;47.052683;-60.140767;321674;6;25-jul-08;11:32:34;28.2768;18.8082;3.60194;3.60194;1;18.8082;1;28.2768;1;0;NaN;NaN
TEM2008830_144;MFD_SETNO144;47.052683;-60.140767;321673;23;25-jul-08;11:32:34;30.7784;2.0017;4.55874;4.55874;1;2.0017;1;30.7784;1;0;NaN;NaN
TEM2008830_144;MFD_SETNO144;47.052683;-60.140767;321672;49;25-jul-08;11:32:34;31.5089;-0.0926;4.47931;4.47931;1;-0.0926;1;31.5089;1;0;NaN;NaN
TEM2008830_144;MFD_SETNO144;47.052683;-60.140767;321671;203;25-jul-08;11:32:34;34.434;5.1566;2.25173;2.25173;1;5.1566;1;34.434;1;0;NaN;NaN
TEM2008830_145;MFD_SETNO145;46.858933;-60.019417;321678;5;25-jul-08;13:51:42;28.4896;16.4787;3.82276;3.82276;1;16.4787;1;28.4896;1;0;NaN;NaN
TEM2008830_145;MFD_SETNO145;46.858933;-60.019417;321677;25;25-jul-08;13:51:42;30.1499;7.842;4.16376;4.16376;1;7.842;1;30.1499;1;0;NaN;NaN
TEM2008830_145;MFD_SETNO145;46.858933;-60.019417;321676;50;25-jul-08;13:51:42;31.6095;0.8587;4.58404;4.58404;1;0.8587;1;31.6095;1;0;NaN;NaN
TEM2008830_145;MFD_SETNO145;46.858933;-60.019417;321675;155;25-jul-08;13:51:42;33.7538;3.3924;2.89538;2.89538;1;3.3924;1;33.7538;1;0;NaN;NaN
TEM2008830_146;MFD_SETNO146;46.72425;-60.240567;321682;5;25-jul-08;17:15:33;28.0417;19.5722;3.54149;3.54149;1;19.5722;1;28.0417;1;0;NaN;NaN
TEM2008830_146;MFD_SETNO146;46.72425;-60.240567;321681;25;25-jul-08;17:15:33;30.4772;6.4863;4.19541;4.19541;1;6.4863;1;30.4772;1;0;NaN;NaN
TEM2008830_146;MFD_SETNO146;46.72425;-60.240567;321680;51;25-jul-08;17:15:33;31.8669;0.4274;4.51554;4.51554;1;0.4274;1;31.8669;1;0;NaN;NaN
TEM2008830_146;MFD_SETNO146;46.72425;-60.240567;321679;153;25-jul-08;17:15:33;33.5684;2.9051;2.995;2.995;1;2.9051;1;33.5684;1;0;NaN;NaN
TEM2008830_147;MFD_SETNO147;46.624717;-59.986217;321686;5;25-jul-08;20:22:10;28.0861;20.0691;3.53666;3.53666;1;20.0691;1;28.0861;1;0;NaN;NaN
TEM2008830_147;MFD_SETNO147;46.624717;-59.986217;321685;25;25-jul-08;20:22:10;30.0566;9.64;3.96931;3.96931;1;9.64;1;30.0566;1;0;NaN;NaN
TEM2008830_147;MFD_SETNO147;46.624717;-59.986217;321684;50;25-jul-08;20:22:10;31.8626;1.0485;4.356;4.356;1;1.0485;1;31.8626;1;0;NaN;NaN
TEM2008830_147;MFD_SETNO147;46.624717;-59.986217;321683;84;25-jul-08;20:22:10;32.527;0.7106;4.11507;4.11507;1;0.7106;1;32.527;1;0;NaN;NaN
TEM2008830_148;MFD_SETNO148;46.328733;-59.443367;321690;5;26-jul-08;00:23:08;28.1221;19.4217;3.54051;3.54051;1;19.4217;1;28.1221;1;0;NaN;NaN
TEM2008830_148;MFD_SETNO148;46.328733;-59.443367;321689;25;26-jul-08;00:23:08;30.8997;2.2184;4.63963;4.63963;1;2.2184;1;30.8997;1;0;NaN;NaN
TEM2008830_148;MFD_SETNO148;46.328733;-59.443367;321688;50;26-jul-08;00:23:08;32.1907;2.1722;4.81817;4.81817;1;2.1722;1;32.1907;1;0;NaN;NaN
TEM2008830_148;MFD_SETNO148;46.328733;-59.443367;321687;106;26-jul-08;00:23:08;32.8859;1.2107;3.97572;3.97572;1;1.2107;1;32.8859;1;0;NaN;NaN
TEM2008830_149;MFD_SETNO149;46.093133;-58.8007;321694;5;26-jul-08;04:45:28;29.4249;18.6587;3.53876;3.53876;1;18.6587;1;29.4249;1;0;NaN;NaN
TEM2008830_149;MFD_SETNO149;46.093133;-58.8007;321693;24;26-jul-08;04:45:28;32.0055;1.9918;5.09866;5.09866;1;1.9918;1;32.0055;1;0;NaN;NaN
TEM2008830_149;MFD_SETNO149;46.093133;-58.8007;321692;50;26-jul-08;04:45:28;32.3156;0.6201;4.70202;4.70202;1;0.6201;1;32.3156;1;0;NaN;NaN
TEM2008830_149;MFD_SETNO149;46.093133;-58.8007;321691;148;26-jul-08;04:45:28;33.5993;3.1573;3.24701;3.24701;1;3.1573;1;33.5993;1;0;NaN;NaN
TEM2008830_150;MFD_SETNO150;46.134933;-58.677383;321698;6;26-jul-08;07:21:25;31.3638;15.3856;3.78271;3.78271;1;15.3856;1;31.3638;1;0;NaN;NaN
TEM2008830_150;MFD_SETNO150;46.134933;-58.677383;321697;26;26-jul-08;07:21:25;32.3376;4.2912;4.91674;4.91674;1;4.2912;1;32.3376;1;0;NaN;NaN
TEM2008830_150;MFD_SETNO150;46.134933;-58.677383;321696;50;26-jul-08;07:21:25;32.3559;0.8834;4.68274;4.68274;1;0.8834;1;32.3559;1;0;NaN;NaN
TEM2008830_150;MFD_SETNO150;46.134933;-58.677383;321695;284;26-jul-08;07:21:25;34.7462;5.4441;2.05331;2.05331;1;5.4441;1;34.7462;1;0;NaN;NaN
TEM2008830_151;MFD_SETNO151;45.8806;-58.3326;321702;4;26-jul-08;11:05:03;30.7439;16.2937;3.64812;3.64812;1;16.2937;1;30.7439;1;0;NaN;NaN
TEM2008830_151;MFD_SETNO151;45.8806;-58.3326;321701;24;26-jul-08;11:05:03;32.2894;2.9035;5.05069;5.05069;1;2.9035;1;32.2894;1;0;NaN;NaN
TEM2008830_151;MFD_SETNO151;45.8806;-58.3326;321700;50;26-jul-08;11:05:03;32.4771;1.2937;4.55133;4.55133;1;1.2937;1;32.4771;1;0;NaN;NaN
TEM2008830_151;MFD_SETNO151;45.8806;-58.3326;321699;144;26-jul-08;11:05:03;34.1742;4.7471;2.63853;2.63853;1;4.7471;1;34.1742;1;0;NaN;NaN
TEM2008830_152;MFD_SETNO152;45.636017;-58.122667;321706;5;26-jul-08;13:54:40;29.8759;17.3743;3.61971;3.61971;1;17.3743;1;29.8759;1;0;NaN;NaN
TEM2008830_152;MFD_SETNO152;45.636017;-58.122667;321705;25;26-jul-08;13:54:40;31.5082;3.7368;4.81607;4.81607;1;3.7368;1;31.5082;1;0;NaN;NaN
TEM2008830_152;MFD_SETNO152;45.636017;-58.122667;321704;50;26-jul-08;13:54:40;32.1618;0.5485;4.6738;4.6738;1;0.5485;1;32.1618;1;0;NaN;NaN
TEM2008830_152;MFD_SETNO152;45.636017;-58.122667;321703;123;26-jul-08;13:54:40;33.3596;2.4508;3.30345;3.30345;1;2.4508;1;33.3596;1;0;NaN;NaN
TEM2008830_153;MFD_SETNO153;45.55885;-57.85675;321710;6;26-jul-08;16:38:13;29.9384;17.2714;3.60809;3.60809;1;17.2714;1;29.9384;1;0;NaN;NaN
TEM2008830_153;MFD_SETNO153;45.55885;-57.85675;321709;26;26-jul-08;16:38:13;31.9062;2.1043;5.00536;5.00536;1;2.1043;1;31.9062;1;0;NaN;NaN
TEM2008830_153;MFD_SETNO153;45.55885;-57.85675;321708;50;26-jul-08;16:38:13;32.4132;2.2257;4.67252;4.67252;1;2.2257;1;32.4132;1;0;NaN;NaN
TEM2008830_153;MFD_SETNO153;45.55885;-57.85675;321707;355;26-jul-08;16:38:13;34.7799;5.3253;2.3037;2.3037;1;5.3253;1;34.7799;1;0;NaN;NaN
TEM2008830_154;MFD_SETNO154;45.229733;-57.6881;321714;5;26-jul-08;21:24:39;29.7338;18.8941;3.60033;3.60033;1;18.8941;1;29.7338;1;0;NaN;NaN
TEM2008830_154;MFD_SETNO154;45.229733;-57.6881;321713;25;26-jul-08;21:24:39;31.8825;3.4384;5.26595;5.26595;1;3.4384;1;31.8825;1;0;NaN;NaN
TEM2008830_154;MFD_SETNO154;45.229733;-57.6881;321712;50;26-jul-08;21:24:39;32.5894;2.9236;4.67026;4.67026;1;2.9236;1;32.5894;1;0;NaN;NaN
TEM2008830_154;MFD_SETNO154;45.229733;-57.6881;321711;214;26-jul-08;21:24:39;34.5294;5.6725;2.38229;2.38229;1;5.6725;1;34.5294;1;0;NaN;NaN
TEM2008830_156;MFD_SETNO156;44.963333;-57.88575;321718;4;27-jul-08;01:32:42;30.0712;18.747;3.5969;3.5969;1;18.747;1;30.0712;1;0;NaN;NaN
TEM2008830_156;MFD_SETNO156;44.963333;-57.88575;321717;25;27-jul-08;01:32:42;31.6715;4.7784;4.88693;4.88693;1;4.7784;1;31.6715;1;0;NaN;NaN
TEM2008830_156;MFD_SETNO156;44.963333;-57.88575;321716;50;27-jul-08;01:32:42;32.3879;1.8118;4.71991;4.71991;1;1.8118;1;32.3879;1;0;NaN;NaN
TEM2008830_156;MFD_SETNO156;44.963333;-57.88575;321715;72;27-jul-08;01:32:42;32.7922;1.6364;4.12908;4.12908;1;1.6364;1;32.7922;1;0;NaN;NaN
TEM2008830_157;MFD_SETNO157;44.597517;-57.442067;321722;6;27-jul-08;05:12:49;31.0768;16.8278;3.66008;3.66008;1;16.8278;1;31.0768;1;0;NaN;NaN
TEM2008830_157;MFD_SETNO157;44.597517;-57.442067;321721;25;27-jul-08;05:12:49;32.6007;6.9904;4.70731;4.70731;1;6.9904;1;32.6007;1;0;NaN;NaN
TEM2008830_157;MFD_SETNO157;44.597517;-57.442067;321720;50;27-jul-08;05:12:49;32.8393;1.8178;4.5071;4.5071;1;1.8178;1;32.8393;1;0;NaN;NaN
TEM2008830_157;MFD_SETNO157;44.597517;-57.442067;321719;58;27-jul-08;05:12:49;32.843;1.8291;4.47109;4.47109;1;1.8291;1;32.843;1;0;NaN;NaN
TEM2008830_158;MFD_SETNO158;44.409683;-57.45875;321726;5;27-jul-08;07:30:36;32.1981;18.6112;3.57625;3.57625;1;18.6112;1;32.1981;1;0;NaN;NaN
TEM2008830_158;MFD_SETNO158;44.409683;-57.45875;321725;24;27-jul-08;07:30:36;32.8838;10.5689;4.42228;4.42228;1;10.5689;1;32.8838;1;0;NaN;NaN
TEM2008830_158;MFD_SETNO158;44.409683;-57.45875;321724;50;27-jul-08;07:30:36;33.2839;4.8696;4.42297;4.42297;1;4.8696;1;33.2839;1;0;NaN;NaN
TEM2008830_158;MFD_SETNO158;44.409683;-57.45875;321723;119;27-jul-08;07:30:36;34.4893;7.1021;3.41835;3.41835;1;7.1021;1;34.4893;1;0;NaN;NaN
TEM2008830_159;MFD_SETNO159;44.351667;-57.487483;321730;6;27-jul-08;10:05:13;32.2151;18.8943;3.56775;3.56775;1;18.8943;1;32.2151;1;0;NaN;NaN
TEM2008830_159;MFD_SETNO159;44.351667;-57.487483;321729;25;27-jul-08;10:05:13;32.9821;9.679;4.58765;4.58765;1;9.679;1;32.9821;1;0;NaN;NaN
TEM2008830_159;MFD_SETNO159;44.351667;-57.487483;321728;50;27-jul-08;10:05:13;33.4574;4.3172;4.32573;4.32573;1;4.3172;1;33.4574;1;0;NaN;NaN
TEM2008830_159;MFD_SETNO159;44.351667;-57.487483;321727;413;27-jul-08;10:05:13;34.9405;5.1017;3.33527;3.33527;1;5.1017;1;34.9405;1;0;NaN;NaN
TEM2008830_160;MFD_SETNO160;44.677133;-58.021933;321734;6;27-jul-08;19:09:02;31.0047;18.0473;3.63222;3.63222;1;18.0473;1;31.0047;1;0;NaN;NaN
TEM2008830_160;MFD_SETNO160;44.677133;-58.021933;321733;25;27-jul-08;19:09:02;31.7891;6.3115;4.73042;4.73042;1;6.3115;1;31.7891;1;0;NaN;NaN
TEM2008830_160;MFD_SETNO160;44.677133;-58.021933;321732;51;27-jul-08;19:09:02;32.2822;2.8311;4.11616;4.11616;1;2.8311;1;32.2822;1;0;NaN;NaN
TEM2008830_160;MFD_SETNO160;44.677133;-58.021933;321731;60;27-jul-08;19:09:02;32.3922;2.4239;3.96349;3.96349;1;2.4239;1;32.3922;1;0;NaN;NaN
TEM2008830_161;MFD_SETNO161;44.297617;-57.899833;321738;5;27-jul-08;23:47:01;31.7856;18.3807;3.59877;3.59877;1;18.3807;1;31.7856;1;0;NaN;NaN
TEM2008830_161;MFD_SETNO161;44.297617;-57.899833;321737;25;27-jul-08;23:47:01;32.927;13.94;4.1576;4.1576;1;13.94;1;32.927;1;0;NaN;NaN
TEM2008830_161;MFD_SETNO161;44.297617;-57.899833;321736;50;27-jul-08;23:47:01;33.7537;6.5809;4.12049;4.12049;1;6.5809;1;33.7537;1;0;NaN;NaN
TEM2008830_161;MFD_SETNO161;44.297617;-57.899833;321735;192;27-jul-08;23:47:01;34.7965;7.094;2.82985;2.82985;1;7.094;1;34.7965;1;0;NaN;NaN
TEM2008830_162;MFD_SETNO162;44.291533;-58.104167;321742;5;28-jul-08;01:44:54;32.7768;15.8163;2.96387;2.96387;1;15.8163;1;32.7768;1;0;NaN;NaN
TEM2008830_162;MFD_SETNO162;44.291533;-58.104167;321741;26;28-jul-08;01:44:54;33.0261;8.5838;4.76176;4.76176;1;8.5838;1;33.0261;1;0;NaN;NaN
TEM2008830_162;MFD_SETNO162;44.291533;-58.104167;321740;50;28-jul-08;01:44:54;33.5344;4.2292;4.15348;4.15348;1;4.2292;1;33.5344;1;0;NaN;NaN
TEM2008830_162;MFD_SETNO162;44.291533;-58.104167;321739;89;28-jul-08;01:44:54;33.7363;5.0078;3.99484;3.99484;1;5.0078;1;33.7363;1;0;NaN;NaN
TEM2008830_163;MFD_SETNO163;44.4237;-58.134233;321746;5;28-jul-08;03:33:50;31.1311;17.7173;3.62497;3.62497;1;17.7173;1;31.1311;1;0;NaN;NaN
TEM2008830_163;MFD_SETNO163;44.4237;-58.134233;321745;26;28-jul-08;03:33:50;32.1769;2.6252;4.71961;4.71961;1;2.6252;1;32.1769;1;0;NaN;NaN
TEM2008830_163;MFD_SETNO163;44.4237;-58.134233;321744;50;28-jul-08;03:33:50;32.9799;3.7329;4.50375;4.50375;1;3.7329;1;32.9799;1;0;NaN;NaN
TEM2008830_163;MFD_SETNO163;44.4237;-58.134233;321743;54;28-jul-08;03:33:50;32.9929;3.781;4.49941;4.49941;1;3.781;1;32.9929;1;0;NaN;NaN
TEM2008830_164;MFD_SETNO164;45.0091;-58.395533;321750;5;28-jul-08;08:48:30;30.764;17.8054;3.22291;3.22291;1;17.8054;1;30.764;1;0;NaN;NaN
TEM2008830_164;MFD_SETNO164;45.0091;-58.395533;321749;24;28-jul-08;08:48:30;31.8653;6.9136;4.69825;4.69825;1;6.9136;1;31.8653;1;0;NaN;NaN
TEM2008830_164;MFD_SETNO164;45.0091;-58.395533;321748;50;28-jul-08;08:48:30;32.3051;1.7687;4.33305;4.33305;1;1.7687;1;32.3051;1;0;NaN;NaN
TEM2008830_164;MFD_SETNO164;45.0091;-58.395533;321747;116;28-jul-08;08:48:30;32.9058;1.738;3.80756;3.80756;1;1.738;1;32.9058;1;0;NaN;NaN
TEM2008830_165;MFD_SETNO165;45.323017;-58.540833;321754;5;28-jul-08;11:52:47;29.4871;18.9169;3.52113;3.52113;1;18.9169;1;29.4871;1;0;NaN;NaN
TEM2008830_165;MFD_SETNO165;45.323017;-58.540833;321753;25;28-jul-08;11:52:47;31.3534;4.2473;4.90131;4.90131;1;4.2473;1;31.3534;1;0;NaN;NaN
TEM2008830_165;MFD_SETNO165;45.323017;-58.540833;321752;50;28-jul-08;11:52:47;32.1976;0.808;4.42329;4.42329;1;0.808;1;32.1976;1;0;NaN;NaN
TEM2008830_165;MFD_SETNO165;45.323017;-58.540833;321751;72;28-jul-08;11:52:47;32.2896;0.8237;4.21427;4.21427;1;0.8237;1;32.2896;1;0;NaN;NaN
TEM2008830_166;MFD_SETNO166;45.296467;-58.681067;321758;5;28-jul-08;13:51:31;30.1337;16.7804;3.76401;3.76401;1;16.7804;1;30.1337;1;0;NaN;NaN
TEM2008830_166;MFD_SETNO166;45.296467;-58.681067;321757;24;28-jul-08;13:51:31;31.4046;3.3978;4.86185;4.86185;1;3.3978;1;31.4046;1;0;NaN;NaN
TEM2008830_166;MFD_SETNO166;45.296467;-58.681067;321756;50;28-jul-08;13:51:31;31.9772;0.8396;4.69557;4.69557;1;0.8396;1;31.9772;1;0;NaN;NaN
TEM2008830_166;MFD_SETNO166;45.296467;-58.681067;321755;77;28-jul-08;13:51:31;32.3534;0.8578;4.24378;4.24378;1;0.8578;1;32.3534;1;0;NaN;NaN
TEM2008830_167;MFD_SETNO167;45.593967;-58.92265;321762;5;28-jul-08;17:23:48;28.7722;19.3196;3.57342;3.57342;1;19.3196;1;28.7722;1;0;NaN;NaN
TEM2008830_167;MFD_SETNO167;45.593967;-58.92265;321761;25;28-jul-08;17:23:48;31.6377;3.9227;4.71432;4.71432;1;3.9227;1;31.6377;1;0;NaN;NaN
TEM2008830_167;MFD_SETNO167;45.593967;-58.92265;321760;51;28-jul-08;17:23:48;32.1314;0.9616;4.76443;4.76443;1;0.9616;1;32.1314;1;0;NaN;NaN
TEM2008830_167;MFD_SETNO167;45.593967;-58.92265;321759;226;28-jul-08;17:23:48;33.7069;3.3799;3.00986;3.00986;1;3.3799;1;33.7069;1;0;NaN;NaN
TEM2008830_168;MFD_SETNO168;45.6973;-58.951633;321766;6;28-jul-08;19:29:57;28.5429;19.6641;3.51311;3.51311;1;19.6641;1;28.5429;1;0;NaN;NaN
TEM2008830_168;MFD_SETNO168;45.6973;-58.951633;321765;24;28-jul-08;19:29:57;31.5742;2.5176;4.7203;4.7203;1;2.5176;1;31.5742;1;0;NaN;NaN
TEM2008830_168;MFD_SETNO168;45.6973;-58.951633;321764;47;28-jul-08;19:29:57;32.0182;1.3115;4.68647;4.68647;1;1.3115;1;32.0182;1;0;NaN;NaN
TEM2008830_168;MFD_SETNO168;45.6973;-58.951633;321763;259;28-jul-08;19:29:57;33.8743;3.9319;2.97914;2.97914;1;3.9319;1;33.8743;1;0;NaN;NaN
TEM2008830_169;MFD_SETNO169;45.644733;-59.0489;321770;5;28-jul-08;22:16:23;28.7592;18.6619;3.64951;3.64951;1;18.6619;1;28.7592;1;0;NaN;NaN
TEM2008830_169;MFD_SETNO169;45.644733;-59.0489;321769;25;28-jul-08;22:16:23;31.4187;3.01;4.60493;4.60493;1;3.01;1;31.4187;1;0;NaN;NaN
TEM2008830_169;MFD_SETNO169;45.644733;-59.0489;321768;50;28-jul-08;22:16:23;32.0691;1.4226;4.81974;4.81974;1;1.4226;1;32.0691;1;0;NaN;NaN
TEM2008830_169;MFD_SETNO169;45.644733;-59.0489;321767;269;28-jul-08;22:16:23;33.7963;3.6714;2.99675;2.99675;1;3.6714;1;33.7963;1;0;NaN;NaN
TEM2008830_170;MFD_SETNO170;45.478833;-60.014283;321774;4;29-jul-08;04:58:30;29.6339;18.9093;3.55459;3.55459;1;18.9093;1;29.6339;1;0;NaN;NaN
TEM2008830_170;MFD_SETNO170;45.478833;-60.014283;321773;26;29-jul-08;04:58:30;31.3061;4.7668;4.78417;4.78417;1;4.7668;1;31.3061;1;0;NaN;NaN
TEM2008830_170;MFD_SETNO170;45.478833;-60.014283;321772;50;29-jul-08;04:58:30;31.952;1.2141;4.57015;4.57015;1;1.2141;1;31.952;1;0;NaN;NaN
TEM2008830_170;MFD_SETNO170;45.478833;-60.014283;321771;147;29-jul-08;04:58:30;33.3782;2.5256;3.42601;3.42601;1;2.5256;1;33.3782;1;0;NaN;NaN
TEM2008830_171;MFD_SETNO171;44.880483;-60.225217;321778;5;30-jul-08;22:56:57;29.3341;18.9317;3.712;3.712;1;18.9317;1;29.3341;1;0;NaN;NaN
TEM2008830_171;MFD_SETNO171;44.880483;-60.225217;321777;25;30-jul-08;22:56:57;31.4542;2.727;4.66667;4.66667;1;2.727;1;31.4542;1;0;NaN;NaN
TEM2008830_171;MFD_SETNO171;44.880483;-60.225217;321776;50;30-jul-08;22:56:57;32.0294;1.1445;4.44883;4.44883;1;1.1445;1;32.0294;1;0;NaN;NaN
TEM2008830_171;MFD_SETNO171;44.880483;-60.225217;321775;295;30-jul-08;22:56:57;32.6939;1.5001;3.79003;3.79003;1;1.5001;1;32.6939;1;0;NaN;NaN
TEM2008830_172;MFD_SETNO172;44.805933;-60.773317;321782;5;31-jul-08;03:49:15;30.2933;19.1219;3.48706;3.48706;1;19.1219;1;30.2933;1;0;NaN;NaN
TEM2008830_172;MFD_SETNO172;44.805933;-60.773317;321781;25;31-jul-08;03:49:15;31.4876;3.0781;4.79783;4.79783;1;3.0781;1;31.4876;1;0;NaN;NaN
TEM2008830_172;MFD_SETNO172;44.805933;-60.773317;321780;50;31-jul-08;03:49:15;32.1387;1.5335;4.38033;4.38033;1;1.5335;1;32.1387;1;0;NaN;NaN
TEM2008830_172;MFD_SETNO172;44.805933;-60.773317;321779;89;31-jul-08;03:49:15;32.4437;1.3743;3.95021;3.95021;1;1.3743;1;32.4437;1;0;NaN;NaN
TEM2008830_173;MFD_SETNO173;44.6692;-60.763167;321785;5;31-jul-08;06:54:07;30.784;18.8314;3.5139;3.5139;1;18.8314;1;30.784;1;0;NaN;NaN
TEM2008830_173;MFD_SETNO173;44.6692;-60.763167;321784;26;31-jul-08;06:54:07;31.6534;5.2016;4.62339;4.62339;1;5.2016;1;31.6534;1;0;NaN;NaN
TEM2008830_173;MFD_SETNO173;44.6692;-60.763167;321783;52;31-jul-08;06:54:07;31.9756;2.742;4.18894;4.18894;1;2.742;1;31.9756;1;0;NaN;NaN
TEM2008830_174;MFD_SETNO174;44.546083;-60.684117;321788;4;31-jul-08;09:13:06;30.6226;18.0077;3.61644;3.61644;1;18.0077;1;30.6226;1;0;NaN;NaN
TEM2008830_174;MFD_SETNO174;44.546083;-60.684117;321787;25;31-jul-08;09:13:06;31.7949;3.4785;4.506;4.506;1;3.4785;1;31.7949;1;0;NaN;NaN
TEM2008830_174;MFD_SETNO174;44.546083;-60.684117;321786;48;31-jul-08;09:13:06;31.9078;2.6341;4.37882;4.37882;1;2.6341;1;31.9078;1;0;NaN;NaN
TEM2008830_175;MFD_SETNO175;44.366917;-60.637967;321792;5;31-jul-08;12:23:17;30.6087;17.6945;3.68254;3.68254;1;17.6945;1;30.6087;1;0;NaN;NaN
TEM2008830_175;MFD_SETNO175;44.366917;-60.637967;321791;25;31-jul-08;12:23:17;31.6917;3.5703;4.6681;4.6681;1;3.5703;1;31.6917;1;0;NaN;NaN
TEM2008830_175;MFD_SETNO175;44.366917;-60.637967;321790;51;31-jul-08;12:23:17;31.9077;2.3974;4.46667;4.46667;1;2.3974;1;31.9077;1;0;NaN;NaN
TEM2008830_175;MFD_SETNO175;44.366917;-60.637967;321789;105;31-jul-08;12:23:17;32.294;1.6821;4.12617;4.12617;1;1.6821;1;32.294;1;0;NaN;NaN
TEM2008830_176;MFD_SETNO176;44.250383;-61.03845;321796;7;31-jul-08;16:01:38;31.0563;19.3876;3.58628;3.58628;1;19.3876;1;31.0563;1;0;NaN;NaN
TEM2008830_176;MFD_SETNO176;44.250383;-61.03845;321795;24;31-jul-08;16:01:38;31.8638;8.8817;4.46405;4.46405;1;8.8817;1;31.8638;1;0;NaN;NaN
TEM2008830_176;MFD_SETNO176;44.250383;-61.03845;321794;50;31-jul-08;16:01:38;32.6516;3.7816;4.08702;4.08702;1;3.7816;1;32.6516;1;0;NaN;NaN
TEM2008830_176;MFD_SETNO176;44.250383;-61.03845;321793;63;31-jul-08;16:01:38;32.8234;2.8692;3.80982;3.80982;1;2.8692;1;32.8234;1;0;NaN;NaN
TEM2008830_177;MFD_SETNO177;44.289967;-61.180033;321800;4;31-jul-08;18:14:45;31.1084;20.2707;3.45739;3.45739;1;20.2707;1;31.1084;1;0;NaN;NaN
TEM2008830_177;MFD_SETNO177;44.289967;-61.180033;321799;25;31-jul-08;18:14:45;31.9707;8.302;4.46425;4.46425;1;8.302;1;31.9707;1;0;NaN;NaN
TEM2008830_177;MFD_SETNO177;44.289967;-61.180033;321798;50;31-jul-08;18:14:45;32.3973;6.1586;4.29505;4.29505;1;6.1586;1;32.3973;1;0;NaN;NaN
TEM2008830_177;MFD_SETNO177;44.289967;-61.180033;321797;81;31-jul-08;18:14:45;32.9547;3.2648;3.64164;3.64164;1;3.2648;1;32.9547;1;0;NaN;NaN
TEM2008830_178;MFD_SETNO178;44.323767;-61.910733;321804;4;31-jul-08;23:00:48;30.7704;19.997;3.20047;3.20047;1;19.997;1;30.7704;1;0;NaN;NaN
TEM2008830_178;MFD_SETNO178;44.323767;-61.910733;321803;25;31-jul-08;23:00:48;32.0205;6.7056;4.79509;4.79509;1;6.7056;1;32.0205;1;0;NaN;NaN
TEM2008830_178;MFD_SETNO178;44.323767;-61.910733;321802;50;31-jul-08;23:00:48;32.2658;3.4324;4.44548;4.44548;1;3.4324;1;32.2658;1;0;NaN;NaN
TEM2008830_178;MFD_SETNO178;44.323767;-61.910733;321801;167;31-jul-08;23:00:48;34.5115;7.9639;2.06473;2.06473;1;7.9639;1;34.5115;1;0;NaN;NaN
TEM2008830_179;MFD_SETNO179;44.268033;-63.314833;321814;2;01-aug-08;05:55:36;30.4661;19.1482;3.59749;3.59749;1;19.1482;1;30.4661;1;0;NaN;NaN
TEM2008830_179;MFD_SETNO179;44.268033;-63.314833;321813;5;01-aug-08;05:55:36;30.4519;18.5743;3.63061;3.63061;1;18.5743;1;30.4519;1;0;NaN;NaN
TEM2008830_179;MFD_SETNO179;44.268033;-63.314833;321812;10;01-aug-08;05:55:36;31.2879;10.3842;4.64381;4.64381;1;10.3842;1;31.2879;1;0;NaN;NaN
TEM2008830_179;MFD_SETNO179;44.268033;-63.314833;321811;21;01-aug-08;05:55:36;31.7488;5.7494;4.97622;4.97622;1;5.7494;1;31.7488;1;0;NaN;NaN
TEM2008830_179;MFD_SETNO179;44.268033;-63.314833;321810;30;01-aug-08;05:55:36;32.0335;5.4559;4.81663;4.81663;1;5.4559;1;32.0335;1;0;NaN;NaN
TEM2008830_179;MFD_SETNO179;44.268033;-63.314833;321809;40;01-aug-08;05:55:36;32.049;3.8503;4.75839;4.75839;1;3.8503;1;32.049;1;0;NaN;NaN
TEM2008830_179;MFD_SETNO179;44.268033;-63.314833;321808;51;01-aug-08;05:55:36;32.1436;2.5506;4.49964;4.49964;1;2.5506;1;32.1436;1;0;NaN;NaN
TEM2008830_179;MFD_SETNO179;44.268033;-63.314833;321807;75;01-aug-08;05:55:36;32.3522;1.8927;4.16682;4.16682;1;1.8927;1;32.3522;1;0;NaN;NaN
TEM2008830_179;MFD_SETNO179;44.268033;-63.314833;321806;99;01-aug-08;05:55:36;32.6677;2.48;3.90788;3.90788;1;2.48;1;32.6677;1;0;NaN;NaN
TEM2008830_179;MFD_SETNO179;44.268033;-63.314833;321805;131;01-aug-08;05:55:36;33.9834;6.5748;2.67748;2.67748;1;6.5748;1;33.9834;1;0;NaN;NaN
