CTD;CTD;CTD;CTD;CTD;CTD;CTD;CTD;CTD;CTD;CTD;labo;labo;terrain;labo;labo;labo;labo;calc;calc
Fichier;Station;Latitude;Longitude;Echantillon;zbouteille;Date;Heure;PSAL;TEMP_XX;DOXY;OXY_XX;Q_OXY;TEMP_RT;Q_TEMP_RT;SSAL_BS;Q_SSAL;QCFF;N_P;N_Si
(nom);(nom/no);(degres);(degres);(no_unique);(dbar);(jj-mmm-yyyy);(GMT);(psu);(celsius);(ml/l);(ml/l);((none));(celsius);((none));(g/kg);((none));((none));((none));((none))
TEL2005633_0;MFD_SETNO0;44.271667;63.322333;274434;1;13-jul-05;18:03:57;28.788;13.9;4.9775;4.9775;1;13.9;1;28.788;1;0;NaN;NaN
TEL2005633_0;MFD_SETNO0;44.271667;63.322333;274433;5;13-jul-05;18:03:57;31.579;12.31;4.5136;4.5136;1;12.31;1;31.579;1;0;NaN;NaN
TEL2005633_0;MFD_SETNO0;44.271667;63.322333;274432;10;13-jul-05;18:03:57;31.946;11.155;4.1521;4.1521;1;11.155;1;31.946;1;0;NaN;NaN
TEL2005633_0;MFD_SETNO0;44.271667;63.322333;274431;20;13-jul-05;18:03:57;31.36;4.841;5.7218;5.7218;1;4.841;1;31.36;1;0;NaN;NaN
TEL2005633_0;MFD_SETNO0;44.271667;63.322333;274430;30;13-jul-05;18:03:57;31.623;3.558;5.5951;5.5951;1;3.558;1;31.623;1;0;NaN;NaN
TEL2005633_0;MFD_SETNO0;44.271667;63.322333;274429;40;13-jul-05;18:03:57;31.658;1.873;5.4603;5.4603;1;1.873;1;31.658;1;0;NaN;NaN
TEL2005633_0;MFD_SETNO0;44.271667;63.322333;274428;50;13-jul-05;18:03:57;31.855;2.422;5.3063;5.3063;1;2.422;1;31.855;1;0;NaN;NaN
TEL2005633_0;MFD_SETNO0;44.271667;63.322333;274427;75;13-jul-05;18:03:57;32.162;1.838;4.9318;4.9318;1;1.838;1;32.162;1;0;NaN;NaN
TEL2005633_0;MFD_SETNO0;44.271667;63.322333;274426;100;13-jul-05;18:03:57;32.463;2.91;4.7337;4.7337;1;2.91;1;32.463;1;0;NaN;NaN
TEL2005633_0;MFD_SETNO0;44.271667;63.322333;274425;162;13-jul-05;18:03:57;33.743;6.191;3.6089;3.6089;1;6.191;1;33.743;1;0;NaN;NaN
TEL2005633_2;MFD_SETNO2;44.518167;62.777833;274438;5;13-jul-05;23:45:36;31.005;13.901;4.354;4.354;1;13.901;1;31.005;1;0;NaN;NaN
TEL2005633_2;MFD_SETNO2;44.518167;62.777833;274437;25;13-jul-05;23:45:36;31.184;3.723;4.6048;4.6048;1;3.723;1;31.184;1;0;NaN;NaN
TEL2005633_2;MFD_SETNO2;44.518167;62.777833;274436;50;13-jul-05;23:45:36;31.693;1.872;5.3719;5.3719;1;1.872;1;31.693;1;0;NaN;NaN
TEL2005633_3;MFD_SETNO3;44.740667;62.0725;274442;5;14-jul-05;03:44:58;30.497;15.031;4.1655;4.1655;1;15.031;1;30.497;1;0;NaN;NaN
TEL2005633_3;MFD_SETNO3;44.740667;62.0725;274441;25;14-jul-05;03:44:58;33.806;4.93;4.4974;4.4974;1;4.93;1;33.806;1;0;NaN;NaN
TEL2005633_3;MFD_SETNO3;44.740667;62.0725;274440;50;14-jul-05;03:44:58;31.839;1.399;5.3993;5.3993;1;1.399;1;31.839;1;0;NaN;NaN
TEL2005633_3;MFD_SETNO3;44.740667;62.0725;274439;118;14-jul-05;03:44:58;32.447;2.186;4.5755;4.5755;1;2.186;1;32.447;1;0;NaN;NaN
TEL2005633_4;MFD_SETNO4;44.6315;61.638;274446;5;14-jul-05;07:20:20;31.385;15.439;4.0398;4.0398;1;15.439;1;31.385;1;0;NaN;NaN
TEL2005633_4;MFD_SETNO4;44.6315;61.638;274445;25;14-jul-05;07:20:20;32.126;7.947;5.2532;5.2532;1;7.947;1;32.126;1;0;NaN;NaN
TEL2005633_4;MFD_SETNO4;44.6315;61.638;274444;50;14-jul-05;07:20:20;32.091;4.403;5.2483;5.2483;1;4.403;1;32.091;1;0;NaN;NaN
TEL2005633_4;MFD_SETNO4;44.6315;61.638;274443;154;14-jul-05;07:20:20;34.417;8.058;2.6072;2.6072;1;8.058;1;34.417;1;0;NaN;NaN
TEL2005633_5;MFD_SETNO5;45.062167;61.068;274450;5;14-jul-05;11:53:12;30.555;13.907;4.1963;4.1963;1;13.907;1;30.555;1;0;NaN;NaN
TEL2005633_5;MFD_SETNO5;45.062167;61.068;274449;25;14-jul-05;11:53:12;31.054;7.25;5.1756;5.1756;1;7.25;1;31.054;1;0;NaN;NaN
TEL2005633_5;MFD_SETNO5;45.062167;61.068;274448;50;14-jul-05;11:53:12;31.667;1.952;5.5334;5.5334;1;1.952;1;31.667;1;0;NaN;NaN
TEL2005633_5;MFD_SETNO5;45.062167;61.068;274447;144;14-jul-05;11:53:12;32.455;1.525;4.5641;4.5641;1;1.525;1;32.455;1;0;NaN;NaN
TEL2005633_6;MFD_SETNO6;45.305333;60.360167;274454;5;14-jul-05;16:53:18;30.175;14.175;4.2811;4.2811;1;14.175;1;30.175;1;0;NaN;NaN
TEL2005633_6;MFD_SETNO6;45.305333;60.360167;274453;25;14-jul-05;16:53:18;31.107;6.37;5.6121;5.6121;1;6.37;1;31.107;1;0;NaN;NaN
TEL2005633_6;MFD_SETNO6;45.305333;60.360167;274452;50;14-jul-05;16:53:18;31.654;2.217;5.5515;5.5515;1;2.217;1;31.654;1;0;NaN;NaN
TEL2005633_6;MFD_SETNO6;45.305333;60.360167;274451;173;14-jul-05;16:53:18;32.998;2.167;4.0955;4.0955;1;2.167;1;32.998;1;0;NaN;NaN
TEL2005633_8;MFD_SETNO8;45.3095;59.77;274458;5;14-jul-05;21:39:11;30.701;14.632;4.08;4.08;1;14.632;1;30.701;1;0;NaN;NaN
TEL2005633_8;MFD_SETNO8;45.3095;59.77;274457;25;14-jul-05;21:39:11;31.358;5.15;5.2623;5.2623;1;5.15;1;31.358;1;0;NaN;NaN
TEL2005633_8;MFD_SETNO8;45.3095;59.77;274455;127;14-jul-05;21:39:11;32.884;1.986;4.0789;4.0789;1;1.986;1;32.884;1;0;NaN;NaN
TEL2005633_9;MFD_SETNO9;45.47;59.9985;274462;5;15-jul-05;00:23:29;30.191;13.774;4.2807;4.2807;1;13.774;1;30.191;1;0;NaN;NaN
TEL2005633_9;MFD_SETNO9;45.47;59.9985;274461;25;15-jul-05;00:23:29;33.669;4.474;4.289;4.289;1;4.474;1;33.669;1;0;NaN;NaN
TEL2005633_9;MFD_SETNO9;45.47;59.9985;274460;50;15-jul-05;00:23:29;31.66;2.574;5.3321;5.3321;1;2.574;1;31.66;1;0;NaN;NaN
TEL2005633_9;MFD_SETNO9;45.47;59.9985;274459;193;15-jul-05;00:23:29;33.281;2.961;4.0301;4.0301;1;2.961;1;33.281;1;0;NaN;NaN
TEL2005633_10;MFD_SETNO10;45.601;60.089833;274466;5;15-jul-05;02:48:08;30.245;13.316;3.9746;3.9746;1;13.316;1;30.245;1;0;NaN;NaN
TEL2005633_10;MFD_SETNO10;45.601;60.089833;274465;25;15-jul-05;02:48:08;30.659;7.122;5.1102;5.1102;1;7.122;1;30.659;1;0;NaN;NaN
TEL2005633_10;MFD_SETNO10;45.601;60.089833;274464;50;15-jul-05;02:48:08;31.588;2.729;5.409;5.409;1;2.729;1;31.588;1;0;NaN;NaN
TEL2005633_10;MFD_SETNO10;45.601;60.089833;274463;150;15-jul-05;02:48:08;33.023;2.425;4.28;4.28;1;2.425;1;33.023;1;0;NaN;NaN
TEL2005633_11;MFD_SETNO11;45.654333;59.924;274470;5;15-jul-05;04:34:24;30.258;12.35;3.9238;3.9238;1;12.35;1;30.258;1;0;NaN;NaN
TEL2005633_11;MFD_SETNO11;45.654333;59.924;274469;25;15-jul-05;04:34:24;31.225;4.089;5.2603;5.2603;1;4.089;1;31.225;1;0;NaN;NaN
TEL2005633_11;MFD_SETNO11;45.654333;59.924;274468;50;15-jul-05;04:34:24;31.548;3.058;5.3839;5.3839;1;3.058;1;31.548;1;0;NaN;NaN
TEL2005633_11;MFD_SETNO11;45.654333;59.924;274467;156;15-jul-05;04:34:24;33.166;2.724;4.1813;4.1813;1;2.724;1;33.166;1;0;NaN;NaN
TEL2005633_12;MFD_SETNO12;45.773167;59.766333;274474;5;15-jul-05;06:35:52;30.061;13.179;4.1806;4.1806;1;13.179;1;30.061;1;0;NaN;NaN
TEL2005633_12;MFD_SETNO12;45.773167;59.766333;274473;25;15-jul-05;06:35:52;31.317;4.793;5.17;5.17;1;4.793;1;31.317;1;0;NaN;NaN
TEL2005633_12;MFD_SETNO12;45.773167;59.766333;274472;50;15-jul-05;06:35:52;31.904;3.178;5.5868;5.5868;1;3.178;1;31.904;1;0;NaN;NaN
TEL2005633_12;MFD_SETNO12;45.773167;59.766333;274471;96;15-jul-05;06:35:52;32.534;1.804;5.026;5.026;1;1.804;1;32.534;1;0;NaN;NaN
TEL2005633_13;MFD_SETNO13;45.657333;59.455167;274478;5;15-jul-05;09:49:08;30.488;13.513;4.106;4.106;1;13.513;1;30.488;1;0;NaN;NaN
TEL2005633_13;MFD_SETNO13;45.657333;59.455167;274477;25;15-jul-05;09:49:08;32.249;6.247;5.0435;5.0435;1;6.247;1;32.249;1;0;NaN;NaN
TEL2005633_13;MFD_SETNO13;45.657333;59.455167;274476;50;15-jul-05;09:49:08;32.156;2.532;5.5054;5.5054;1;2.532;1;32.156;1;0;NaN;NaN
TEL2005633_13;MFD_SETNO13;45.657333;59.455167;274475;207;15-jul-05;09:49:08;33.585;3.74;3.6638;3.6638;1;3.74;1;33.585;1;0;NaN;NaN
TEL2005633_14;MFD_SETNO14;45.8015;59.452833;274482;5;15-jul-05;12:03:37;30.479;13.409;4.0584;4.0584;1;13.409;1;30.479;1;0;NaN;NaN
TEL2005633_14;MFD_SETNO14;45.8015;59.452833;274481;25;15-jul-05;12:03:37;32.111;3.756;5.2751;5.2751;1;3.756;1;32.111;1;0;NaN;NaN
TEL2005633_14;MFD_SETNO14;45.8015;59.452833;274480;50;15-jul-05;12:03:37;31.819;1.984;5.3926;5.3926;1;1.984;1;31.819;1;0;NaN;NaN
TEL2005633_14;MFD_SETNO14;45.8015;59.452833;274479;107;15-jul-05;12:03:37;32.83;2.058;4.7643;4.7643;1;2.058;1;32.83;1;0;NaN;NaN
TEL2005633_15;MFD_SETNO15;45.889;59.425;274486;5;15-jul-05;13:18:27;30.172;13.835;3.935;3.935;1;13.835;1;30.172;1;0;NaN;NaN
TEL2005633_15;MFD_SETNO15;45.889;59.425;274485;25;15-jul-05;13:18:27;33.521;5.065;4.2566;4.2566;1;5.065;1;33.521;1;0;NaN;NaN
TEL2005633_15;MFD_SETNO15;45.889;59.425;274484;50;15-jul-05;13:18:27;31.633;2.826;5.3564;5.3564;1;2.826;1;31.633;1;0;NaN;NaN
TEL2005633_15;MFD_SETNO15;45.889;59.425;274483;58;15-jul-05;13:18:27;31.851;2.603;5.172;5.172;1;2.603;1;31.851;1;0;NaN;NaN
TEL2005633_16;MFD_SETNO16;46.227333;59.404333;274490;5;15-jul-05;16:50:27;30.811;13.563;3.7514;3.7514;1;13.563;1;30.811;1;0;NaN;NaN
TEL2005633_16;MFD_SETNO16;46.227333;59.404333;274489;25;15-jul-05;16:50:27;32.249;2.727;5.5821;5.5821;1;2.727;1;32.249;1;0;NaN;NaN
TEL2005633_16;MFD_SETNO16;46.227333;59.404333;274488;50;15-jul-05;16:50:27;32.186;1.81;5.4866;5.4866;1;1.81;1;32.186;1;0;NaN;NaN
TEL2005633_16;MFD_SETNO16;46.227333;59.404333;274487;71;15-jul-05;16:50:27;32.5;1.896;5.1036;5.1036;1;1.896;1;32.5;1;0;NaN;NaN
TEL2005633_17;MFD_SETNO17;46.344;59.497;274494;5;15-jul-05;18:47:51;30.847;13.963;4.0705;4.0705;1;13.963;1;30.847;1;0;NaN;NaN
TEL2005633_17;MFD_SETNO17;46.344;59.497;274493;25;15-jul-05;18:47:51;32.69;3.501;5.3473;5.3473;1;3.501;1;32.69;1;0;NaN;NaN
TEL2005633_17;MFD_SETNO17;46.344;59.497;274492;50;15-jul-05;18:47:51;32.318;2.094;5.3311;5.3311;1;2.094;1;32.318;1;0;NaN;NaN
TEL2005633_17;MFD_SETNO17;46.344;59.497;274491;108;15-jul-05;18:47:51;32.764;1.986;4.6343;4.6343;1;1.986;1;32.764;1;0;NaN;NaN
TEL2005633_18;MFD_SETNO18;46.3215;59.727333;274498;5;15-jul-05;20:55:23;29.892;14.902;3.3471;3.3471;1;14.902;1;29.892;1;0;NaN;NaN
TEL2005633_18;MFD_SETNO18;46.3215;59.727333;274497;25;15-jul-05;20:55:23;32.063;3.498;5.3994;5.3994;1;3.498;1;32.063;1;0;NaN;NaN
TEL2005633_18;MFD_SETNO18;46.3215;59.727333;274496;50;15-jul-05;20:55:23;32.083;2.316;5.3652;5.3652;1;2.316;1;32.083;1;0;NaN;NaN
TEL2005633_18;MFD_SETNO18;46.3215;59.727333;274495;71;15-jul-05;20:55:23;32.399;1.925;5.1551;5.1551;1;1.925;1;32.399;1;0;NaN;NaN
TEL2005633_19;MFD_SETNO19;46.519667;59.780333;274502;5;15-jul-05;23:01:47;29.269;15.683;4.0599;4.0599;1;15.683;1;29.269;1;0;NaN;NaN
TEL2005633_19;MFD_SETNO19;46.519667;59.780333;274501;25;15-jul-05;23:01:47;30.856;5.827;5.2269;5.2269;1;5.827;1;30.856;1;0;NaN;NaN
TEL2005633_19;MFD_SETNO19;46.519667;59.780333;274500;50;15-jul-05;23:01:47;31.651;1.825;5.4576;5.4576;1;1.825;1;31.651;1;0;NaN;NaN
TEL2005633_19;MFD_SETNO19;46.519667;59.780333;274499;58;15-jul-05;23:01:47;31.673;1.867;5.3735;5.3735;1;1.867;1;31.673;1;0;NaN;NaN
TEL2005633_20;MFD_SETNO20;46.5655;59.6465;274506;5;16-jul-05;01:05:39;29.483;15.083;4.1356;4.1356;1;15.083;1;29.483;1;0;NaN;NaN
TEL2005633_20;MFD_SETNO20;46.5655;59.6465;274505;25;16-jul-05;01:05:39;31.392;7.398;5.4138;5.4138;1;7.398;1;31.392;1;0;NaN;NaN
TEL2005633_20;MFD_SETNO20;46.5655;59.6465;274504;50;16-jul-05;01:05:39;32.06;3.328;5.725;5.725;1;3.328;1;32.06;1;0;NaN;NaN
TEL2005633_20;MFD_SETNO20;46.5655;59.6465;274503;83;16-jul-05;01:05:39;32.398;1.867;5.1475;5.1475;1;1.867;1;32.398;1;0;NaN;NaN
TEL2005633_21;MFD_SETNO21;46.761167;59.936167;274510;5;16-jul-05;04:13:30;29.814;14.062;3.8559;3.8559;1;14.062;1;29.814;1;0;NaN;NaN
TEL2005633_21;MFD_SETNO21;46.761167;59.936167;274509;25;16-jul-05;04:13:30;30.657;8.752;4.7995;4.7995;1;8.752;1;30.657;1;0;NaN;NaN
TEL2005633_21;MFD_SETNO21;46.761167;59.936167;274508;50;16-jul-05;04:13:30;31.35;1.861;5.6104;5.6104;1;1.861;1;31.35;1;0;NaN;NaN
TEL2005633_21;MFD_SETNO21;46.761167;59.936167;274507;125;16-jul-05;04:13:30;33.308;2.881;3.6034;3.6034;1;2.881;1;33.308;1;0;NaN;NaN
TEL2005633_22;MFD_SETNO22;46.744667;60.000333;274514;5;16-jul-05;05:21:08;29.751;13.931;3.7407;3.7407;1;13.931;1;29.751;1;0;NaN;NaN
TEL2005633_22;MFD_SETNO22;46.744667;60.000333;274513;25;16-jul-05;05:21:08;31.851;10.307;3.7064;3.7064;1;10.307;1;31.851;1;0;NaN;NaN
TEL2005633_22;MFD_SETNO22;46.744667;60.000333;274512;50;16-jul-05;05:21:08;31.269;1.477;5.5661;5.5661;1;1.477;1;31.269;1;0;NaN;NaN
TEL2005633_22;MFD_SETNO22;46.744667;60.000333;274511;127;16-jul-05;05:21:08;33.258;2.77;3.6517;3.6517;1;2.77;1;33.258;1;0;NaN;NaN
TEL2005633_23;MFD_SETNO23;46.544167;60.192167;274518;5;16-jul-05;08:34:33;29.679;15.554;3.8498;3.8498;1;15.554;1;29.679;1;0;NaN;NaN
TEL2005633_23;MFD_SETNO23;46.544167;60.192167;274517;25;16-jul-05;08:34:33;30.289;10.134;4.641;4.641;1;10.134;1;30.289;1;0;NaN;NaN
TEL2005633_23;MFD_SETNO23;46.544167;60.192167;274516;50;16-jul-05;08:34:33;31.249;3.507;5.4859;5.4859;1;3.507;1;31.249;1;0;NaN;NaN
TEL2005633_23;MFD_SETNO23;46.544167;60.192167;274515;104;16-jul-05;08:34:33;32.856;2.088;4.1031;4.1031;1;2.088;1;32.856;1;0;NaN;NaN
TEL2005633_24;MFD_SETNO24;46.465833;60.315667;274522;5;16-jul-05;10:30:32;29.664;15.517;3.7436;3.7436;1;15.517;1;29.664;1;0;NaN;NaN
TEL2005633_24;MFD_SETNO24;46.465833;60.315667;274521;25;16-jul-05;10:30:32;32.145;8.625;3.713;3.713;1;8.625;1;32.145;1;0;NaN;NaN
TEL2005633_24;MFD_SETNO24;46.465833;60.315667;274520;50;16-jul-05;10:30:32;31.188;1.9;5.5853;5.5853;1;1.9;1;31.188;1;0;NaN;NaN
TEL2005633_24;MFD_SETNO24;46.465833;60.315667;274519;80;16-jul-05;10:30:32;32.03;1.857;5.1552;5.1552;1;1.857;1;32.03;1;0;NaN;NaN
TEL2005633_25;MFD_SETNO25;46.565167;60.329667;274526;5;16-jul-05;12:06:39;29.929;14.919;3.8927;3.8927;1;14.919;1;29.929;1;0;NaN;NaN
TEL2005633_25;MFD_SETNO25;46.565167;60.329667;274525;25;16-jul-05;12:06:39;31.944;9.684;3.6548;3.6548;1;9.684;1;31.944;1;0;NaN;NaN
TEL2005633_25;MFD_SETNO25;46.565167;60.329667;274524;50;16-jul-05;12:06:39;31.091;2.281;5.5132;5.5132;1;2.281;1;31.091;1;0;NaN;NaN
TEL2005633_25;MFD_SETNO25;46.565167;60.329667;274523;107;16-jul-05;12:06:39;32.756;2.102;4.4775;4.4775;1;2.102;1;32.756;1;0;NaN;NaN
TEL2005633_26;MFD_SETNO26;46.924;60.134167;274530;5;16-jul-05;15:54:12;29.37;15.404;3.6573;3.6573;1;15.404;1;29.37;1;0;NaN;NaN
TEL2005633_26;MFD_SETNO26;46.924;60.134167;274529;25;16-jul-05;15:54:12;30.927;11.765;4.8107;4.8107;1;11.765;1;30.927;1;0;NaN;NaN
TEL2005633_26;MFD_SETNO26;46.924;60.134167;274528;50;16-jul-05;15:54:12;31.835;1.185;5.3186;5.3186;1;1.185;1;31.835;1;0;NaN;NaN
TEL2005633_26;MFD_SETNO26;46.924;60.134167;274527;137;16-jul-05;15:54:12;33.493;3.258;3.6443;3.6443;1;3.258;1;33.493;1;0;NaN;NaN
TEL2005633_27;MFD_SETNO27;47.008167;60.167;274534;5;16-jul-05;17:46:09;29.271;16.24;3.5932;3.5932;1;16.24;1;29.271;1;0;NaN;NaN
TEL2005633_27;MFD_SETNO27;47.008167;60.167;274533;25;16-jul-05;17:46:09;33.813;10.195;3.3486;3.3486;1;10.195;1;33.813;1;0;NaN;NaN
TEL2005633_27;MFD_SETNO27;47.008167;60.167;274532;50;16-jul-05;17:46:09;31.96;2.467;5.6174;5.6174;1;2.467;1;31.96;1;0;NaN;NaN
TEL2005633_27;MFD_SETNO27;47.008167;60.167;274531;139;16-jul-05;17:46:09;33.415;3.076;3.796;3.796;1;3.076;1;33.415;1;0;NaN;NaN
TEL2005633_28;MFD_SETNO28;47.196833;60.064;274538;5;16-jul-05;20:06:41;31.251;13.849;4.0343;4.0343;1;13.849;1;31.251;1;0;NaN;NaN
TEL2005633_28;MFD_SETNO28;47.196833;60.064;274537;25;16-jul-05;20:06:41;35.099;2.612;4.1065;4.1065;1;2.612;1;35.099;7;512;NaN;NaN
TEL2005633_28;MFD_SETNO28;47.196833;60.064;274536;50;16-jul-05;20:06:41;32.346;2.031;5.3657;5.3657;1;2.031;1;32.346;7;512;NaN;NaN
TEL2005633_28;MFD_SETNO28;47.196833;60.064;274535;273;16-jul-05;20:06:41;34.596;5.519;2.7562;2.7562;1;5.519;1;34.596;1;0;NaN;NaN
TEL2005633_29;MFD_SETNO29;47.015;60.0405;274542;5;16-jul-05;22:17:44;30.352;15.096;3.6347;3.6347;1;15.096;1;30.352;1;0;NaN;NaN
TEL2005633_29;MFD_SETNO29;47.015;60.0405;274541;25;16-jul-05;22:17:44;31.837;6.796;5.4435;5.4435;1;6.796;1;31.837;1;0;NaN;NaN
TEL2005633_29;MFD_SETNO29;47.015;60.0405;274540;50;16-jul-05;22:17:44;32.192;2.624;5.6063;5.6063;1;2.624;1;32.192;1;0;NaN;NaN
TEL2005633_29;MFD_SETNO29;47.015;60.0405;274539;203;16-jul-05;22:17:44;34.179;4.792;2.9944;2.9944;1;4.792;1;34.179;1;0;NaN;NaN
TEL2005633_30;MFD_SETNO30;46.5805;59.289167;274546;5;17-jul-05;03:00:00;30.206;13.954;4.193;4.193;1;13.954;1;30.206;1;0;NaN;NaN
TEL2005633_30;MFD_SETNO30;46.5805;59.289167;274545;25;17-jul-05;03:00:00;35.441;2.1;4.6186;4.6186;1;2.1;1;35.441;7;512;NaN;NaN
TEL2005633_30;MFD_SETNO30;46.5805;59.289167;274544;50;17-jul-05;03:00:00;32.056;1.671;5.3775;5.3775;1;1.671;1;32.056;7;512;NaN;NaN
TEL2005633_30;MFD_SETNO30;46.5805;59.289167;274543;320;17-jul-05;03:00:00;34.789;5.448;2.6583;2.6583;1;5.448;1;34.789;1;0;NaN;NaN
TEL2005633_31;MFD_SETNO31;46.136167;58.994;274550;5;17-jul-05;07:22:26;30.947;13.618;3.9576;3.9576;1;13.618;1;30.947;1;0;NaN;NaN
TEL2005633_31;MFD_SETNO31;46.136167;58.994;274549;25;17-jul-05;07:22:26;34.644;3.397;4.2909;4.2909;1;3.397;1;34.644;7;512;NaN;NaN
TEL2005633_31;MFD_SETNO31;46.136167;58.994;274548;50;17-jul-05;07:22:26;32.106;1.651;5.1463;5.1463;1;1.651;1;32.106;7;512;NaN;NaN
TEL2005633_31;MFD_SETNO31;46.136167;58.994;274547;108;17-jul-05;07:22:26;32.993;2.374;4.2593;4.2593;1;2.374;1;32.993;1;0;NaN;NaN
TEL2005633_32;MFD_SETNO32;46.038833;58.518833;274554;5;17-jul-05;10:27:45;30.42;13.425;4.0254;4.0254;1;13.425;1;30.42;1;0;NaN;NaN
TEL2005633_32;MFD_SETNO32;46.038833;58.518833;274553;25;17-jul-05;10:27:45;35.655;5.416;3.9967;3.9967;1;5.416;1;35.655;7;512;NaN;NaN
TEL2005633_32;MFD_SETNO32;46.038833;58.518833;274552;50;17-jul-05;10:27:45;32.206;2.302;5.4552;5.4552;1;2.302;1;32.206;7;512;NaN;NaN
TEL2005633_32;MFD_SETNO32;46.038833;58.518833;274551;282;17-jul-05;10:27:45;34.723;5.709;2.5811;2.5811;1;5.709;1;34.723;1;0;NaN;NaN
TEL2005633_33;MFD_SETNO33;45.942833;58.232333;274558;5;17-jul-05;13:04:42;30.342;13.091;3.8931;3.8931;1;13.091;1;30.342;1;0;NaN;NaN
TEL2005633_33;MFD_SETNO33;45.942833;58.232333;274557;25;17-jul-05;13:04:42;33.655;1.971;4.373;4.373;1;1.971;1;33.655;1;0;NaN;NaN
TEL2005633_33;MFD_SETNO33;45.942833;58.232333;274556;50;17-jul-05;13:04:42;32.197;2.323;5.4036;5.4036;1;2.323;1;32.197;1;0;NaN;NaN
TEL2005633_33;MFD_SETNO33;45.942833;58.232333;274555;332;17-jul-05;13:04:42;34.757;5.624;2.9304;2.9304;1;5.624;1;34.757;1;0;NaN;NaN
TEL2005633_34;MFD_SETNO34;45.804167;58.589667;274562;5;17-jul-05;15:50:41;30.666;14.426;3.7533;3.7533;1;14.426;1;30.666;1;0;NaN;NaN
TEL2005633_34;MFD_SETNO34;45.804167;58.589667;274561;25;17-jul-05;15:50:41;31.833;4.685;5.4542;5.4542;1;4.685;1;31.833;1;0;NaN;NaN
TEL2005633_34;MFD_SETNO34;45.804167;58.589667;274560;50;17-jul-05;15:50:41;32.265;2.652;5.5105;5.5105;1;2.652;1;32.265;1;0;NaN;NaN
TEL2005633_34;MFD_SETNO34;45.804167;58.589667;274559;284;17-jul-05;15:50:41;34.027;4.95;3.1755;3.1755;1;4.95;1;34.027;1;0;NaN;NaN
TEL2005633_35;MFD_SETNO35;45.743;58.701833;274566;5;17-jul-05;17:46:09;31.054;14.091;3.7656;3.7656;1;14.091;1;31.054;1;0;NaN;NaN
TEL2005633_35;MFD_SETNO35;45.743;58.701833;274565;25;17-jul-05;17:46:09;31.709;8.699;5.0512;5.0512;1;8.699;1;31.709;1;0;NaN;NaN
TEL2005633_35;MFD_SETNO35;45.743;58.701833;274564;50;17-jul-05;17:46:09;32.197;2.051;5.3782;5.3782;1;2.051;1;32.197;1;0;NaN;NaN
TEL2005633_35;MFD_SETNO35;45.743;58.701833;274563;258;17-jul-05;17:46:09;33.983;4.819;3.2131;3.2131;1;4.819;1;33.983;1;0;NaN;NaN
TEL2005633_36;MFD_SETNO36;45.454833;58.260833;274570;5;17-jul-05;21:42:00;31.375;12.748;3.948;3.948;1;12.748;1;31.375;1;0;NaN;NaN
TEL2005633_36;MFD_SETNO36;45.454833;58.260833;274569;25;17-jul-05;21:42:00;31.939;2.533;5.5565;5.5565;1;2.533;1;31.939;1;0;NaN;NaN
TEL2005633_36;MFD_SETNO36;45.454833;58.260833;274568;50;17-jul-05;21:42:00;32.22;1.679;5.2706;5.2706;1;1.679;1;32.22;1;0;NaN;NaN
TEL2005633_36;MFD_SETNO36;45.454833;58.260833;274567;251;17-jul-05;21:42:00;33.055;2.475;4.1473;4.1473;1;2.475;1;33.055;1;0;NaN;NaN
TEL2005633_37;MFD_SETNO37;45.450833;58.155167;274574;5;17-jul-05;23:24:33;31.156;14.551;3.8814;3.8814;1;14.551;1;31.156;1;0;NaN;NaN
TEL2005633_37;MFD_SETNO37;45.450833;58.155167;274573;25;17-jul-05;23:24:33;32.342;5.727;5.1681;5.1681;1;5.727;1;32.342;1;0;NaN;NaN
TEL2005633_37;MFD_SETNO37;45.450833;58.155167;274572;50;17-jul-05;23:24:33;32.293;2.483;5.5368;5.5368;1;2.483;1;32.293;1;0;NaN;NaN
TEL2005633_37;MFD_SETNO37;45.450833;58.155167;274571;77;17-jul-05;23:24:33;32.744;2.078;4.4902;4.4902;1;2.078;1;32.744;1;0;NaN;NaN
TEL2005633_38;MFD_SETNO38;45.493667;57.805;274578;5;18-jul-05;02:06:09;31.076;14.58;3.7156;3.7156;1;14.58;1;31.076;1;0;NaN;NaN
TEL2005633_38;MFD_SETNO38;45.493667;57.805;274577;25;18-jul-05;02:06:09;32.309;6.283;5.3978;5.3978;1;6.283;1;32.309;1;0;NaN;NaN
TEL2005633_38;MFD_SETNO38;45.493667;57.805;274576;50;18-jul-05;02:06:09;32.498;2.427;5.3914;5.3914;1;2.427;1;32.498;1;0;NaN;NaN
TEL2005633_38;MFD_SETNO38;45.493667;57.805;274575;338;18-jul-05;02:06:09;34.81;5.302;2.9327;2.9327;1;5.302;1;34.81;1;0;NaN;NaN
TEL2005633_39;MFD_SETNO39;45.1885;58.2905;274582;5;18-jul-05;07:01:33;30.552;14.74;3.7167;3.7167;1;14.74;1;30.552;1;0;NaN;NaN
TEL2005633_39;MFD_SETNO39;45.1885;58.2905;274581;25;18-jul-05;07:01:33;33.39;6.444;4.1249;4.1249;1;6.444;1;33.39;1;0;NaN;NaN
TEL2005633_39;MFD_SETNO39;45.1885;58.2905;274580;50;18-jul-05;07:01:33;32.12;2.859;5.4988;5.4988;1;2.859;1;32.12;1;0;NaN;NaN
TEL2005633_39;MFD_SETNO39;45.1885;58.2905;274579;166;18-jul-05;07:01:33;33.477;3.415;3.6147;3.6147;1;3.415;1;33.477;1;0;NaN;NaN
TEL2005633_40;MFD_SETNO40;45.114667;58.079333;274586;5;18-jul-05;09:19:49;30.492;14.948;3.6505;3.6505;1;14.948;1;30.492;1;0;NaN;NaN
TEL2005633_40;MFD_SETNO40;45.114667;58.079333;274585;25;18-jul-05;09:19:49;34.069;5.648;4.2237;4.2237;1;5.648;1;34.069;1;0;NaN;NaN
TEL2005633_40;MFD_SETNO40;45.114667;58.079333;274584;50;18-jul-05;09:19:49;32.165;1.909;4.9652;4.9652;1;1.909;1;32.165;1;0;NaN;NaN
TEL2005633_40;MFD_SETNO40;45.114667;58.079333;274583;63;18-jul-05;09:19:49;32.282;1.866;4.823;4.823;1;1.866;1;32.282;1;0;NaN;NaN
TEL2005633_42;MFD_SETNO42;45.0235;58.166167;274590;5;18-jul-05;12:02:50;30.649;15.477;3.8954;3.8954;1;15.477;1;30.649;1;0;NaN;NaN
TEL2005633_42;MFD_SETNO42;45.0235;58.166167;274589;25;18-jul-05;12:02:50;35.014;5.109;3.9356;3.9356;1;5.109;1;35.014;7;512;NaN;NaN
TEL2005633_42;MFD_SETNO42;45.0235;58.166167;274588;50;18-jul-05;12:02:50;32.097;1.7;5.2087;5.2087;1;1.7;1;32.097;7;512;NaN;NaN
TEL2005633_42;MFD_SETNO42;45.0235;58.166167;274587;133;18-jul-05;12:02:50;33.106;2.811;4.147;4.147;1;2.811;1;33.106;1;0;NaN;NaN
TEL2005633_43;MFD_SETNO43;44.954833;58.243833;274594;5;18-jul-05;14:03:26;30.771;15.674;3.7281;3.7281;1;15.674;1;30.771;1;0;NaN;NaN
TEL2005633_43;MFD_SETNO43;44.954833;58.243833;274593;25;18-jul-05;14:03:26;35.169;5.251;4.0364;4.0364;1;5.251;1;35.169;7;512;NaN;NaN
TEL2005633_43;MFD_SETNO43;44.954833;58.243833;274592;50;18-jul-05;14:03:26;32.093;1.8;5.1948;5.1948;1;1.8;1;32.093;7;512;NaN;NaN
TEL2005633_43;MFD_SETNO43;44.954833;58.243833;274591;116;18-jul-05;14:03:26;32.683;2.028;4.3502;4.3502;1;2.028;1;32.683;1;0;NaN;NaN
TEL2005633_44;MFD_SETNO44;44.972667;57.6935;274597;5;18-jul-05;17:16:57;30.925;15.618;3.8641;3.8641;1;15.618;1;30.925;1;0;NaN;NaN
TEL2005633_44;MFD_SETNO44;44.972667;57.6935;274596;25;18-jul-05;17:16:57;33.64;6.422;4.2641;4.2641;1;6.422;1;33.64;1;0;NaN;NaN
TEL2005633_44;MFD_SETNO44;44.972667;57.6935;274595;49;18-jul-05;17:16:57;32.088;2.89;4.746;4.746;1;2.89;1;32.088;1;0;NaN;NaN
TEL2005633_45;MFD_SETNO45;44.834667;57.636;274600;5;18-jul-05;19:08:22;31.25;14.525;3.7601;3.7601;1;14.525;1;31.25;1;0;NaN;NaN
TEL2005633_45;MFD_SETNO45;44.834667;57.636;274599;25;18-jul-05;19:08:22;31.714;5.845;5.3065;5.3065;1;5.845;1;31.714;1;0;NaN;NaN
TEL2005633_45;MFD_SETNO45;44.834667;57.636;274598;38;18-jul-05;19:08:22;31.77;4.648;5.0987;5.0987;1;4.648;1;31.77;1;0;NaN;NaN
TEL2005633_46;MFD_SETNO46;44.6325;57.814167;274603;5;18-jul-05;21:38:11;32.532;13.148;4.1521;4.1521;1;13.148;1;32.532;1;0;NaN;NaN
TEL2005633_46;MFD_SETNO46;44.6325;57.814167;274602;25;18-jul-05;21:38:11;31.813;6.07;5.2057;5.2057;1;6.07;1;31.813;1;0;NaN;NaN
TEL2005633_46;MFD_SETNO46;44.6325;57.814167;274601;36;18-jul-05;21:38:11;31.639;6.019;5.3434;5.3434;1;6.019;1;31.639;1;0;NaN;NaN
TEL2005633_47;MFD_SETNO47;44.596833;57.605833;274607;5;18-jul-05;23:26:01;31.096;15.246;4.0256;4.0256;1;15.246;1;31.096;1;0;NaN;NaN
TEL2005633_47;MFD_SETNO47;44.596833;57.605833;274606;25;18-jul-05;23:26:01;32.737;3.09;5.3279;5.3279;1;3.09;1;32.737;1;0;NaN;NaN
TEL2005633_47;MFD_SETNO47;44.596833;57.605833;274605;50;18-jul-05;23:26:01;32.192;2.658;5.392;5.392;1;2.658;1;32.192;1;0;NaN;NaN
TEL2005633_47;MFD_SETNO47;44.596833;57.605833;274604;60;18-jul-05;23:26:01;32.192;2.647;5.408;5.408;1;2.647;1;32.192;1;0;NaN;NaN
TEL2005633_48;MFD_SETNO48;44.713333;57.262333;274614;1;19-jul-05;02:23:35;28.833;15.276;4.3349;4.3349;1;15.276;1;28.833;1;0;NaN;NaN
TEL2005633_48;MFD_SETNO48;44.713333;57.262333;274613;5;19-jul-05;02:23:35;31.054;15.258;4.0392;4.0392;1;15.258;1;31.054;1;0;NaN;NaN
TEL2005633_48;MFD_SETNO48;44.713333;57.262333;274612;25;19-jul-05;02:23:35;32.22;3.984;5.6282;5.6282;1;3.984;1;32.22;1;0;NaN;NaN
TEL2005633_48;MFD_SETNO48;44.713333;57.262333;274611;50;19-jul-05;02:23:35;32.355;1.957;5.2743;5.2743;1;1.957;1;32.355;1;0;NaN;NaN
TEL2005633_48;MFD_SETNO48;44.713333;57.262333;274610;100;19-jul-05;02:23:35;32.68;0.085;5.2448;5.2448;1;0.085;1;32.68;1;0;NaN;NaN
TEL2005633_48;MFD_SETNO48;44.713333;57.262333;274609;200;19-jul-05;02:23:35;34.803;8.388;3.2405;3.2405;1;8.388;1;34.803;1;0;NaN;NaN
TEL2005633_48;MFD_SETNO48;44.713333;57.262333;274608;306;19-jul-05;02:23:35;34.777;5.706;2.8718;2.8718;1;5.706;1;34.777;1;0;NaN;NaN
TEL2005633_49;MFD_SETNO49;44.367333;57.579167;274618;5;19-jul-05;05:53:17;31.354;14.895;3.9875;3.9875;1;14.895;1;31.354;1;0;NaN;NaN
TEL2005633_49;MFD_SETNO49;44.367333;57.579167;274617;25;19-jul-05;05:53:17;35.34;3.878;4.3299;4.3299;1;3.878;1;35.34;7;512;NaN;NaN
TEL2005633_49;MFD_SETNO49;44.367333;57.579167;274616;50;19-jul-05;05:53:17;32.329;1.875;5.2428;5.2428;1;1.875;1;32.329;7;512;NaN;NaN
TEL2005633_49;MFD_SETNO49;44.367333;57.579167;274615;136;19-jul-05;05:53:17;34.289;6.661;3.7668;3.7668;1;6.661;1;34.289;1;0;NaN;NaN
TEL2005633_50;MFD_SETNO50;44.274333;57.764833;274626;1;19-jul-05;08:07:49;29.083;16.503;4.5754;4.5754;1;16.503;1;29.083;1;0;NaN;NaN
TEL2005633_50;MFD_SETNO50;44.274333;57.764833;274625;5;19-jul-05;08:07:49;31.763;16.62;3.5802;3.5802;1;16.62;1;31.763;1;0;NaN;NaN
TEL2005633_50;MFD_SETNO50;44.274333;57.764833;274624;25;19-jul-05;08:07:49;35.617;17.112;2.97;2.97;1;17.112;1;35.617;1;0;NaN;NaN
TEL2005633_50;MFD_SETNO50;44.274333;57.764833;274623;50;19-jul-05;08:07:49;34.425;12.28;4.3839;4.3839;1;12.28;1;34.425;1;0;NaN;NaN
TEL2005633_50;MFD_SETNO50;44.274333;57.764833;274622;100;19-jul-05;08:07:49;35.12;12.307;3.6606;3.6606;1;12.307;1;35.12;1;0;NaN;NaN
TEL2005633_50;MFD_SETNO50;44.274333;57.764833;274621;200;19-jul-05;08:07:49;35.382;11.175;2.634;2.634;1;11.175;1;35.382;1;0;NaN;NaN
TEL2005633_50;MFD_SETNO50;44.274333;57.764833;274620;400;19-jul-05;08:07:49;34.915;5.096;3.8705;3.8705;1;5.096;1;34.915;1;0;NaN;NaN
TEL2005633_50;MFD_SETNO50;44.274333;57.764833;274619;488;19-jul-05;08:07:49;34.899;4.519;4.2502;4.2502;1;4.519;1;34.899;1;0;NaN;NaN
TEL2005633_51;MFD_SETNO51;44.379;57.861667;274630;5;19-jul-05;10:19:34;31.331;15.209;4.0239;4.0239;1;15.209;1;31.331;1;0;NaN;NaN
TEL2005633_51;MFD_SETNO51;44.379;57.861667;274629;25;19-jul-05;10:19:34;33.637;6.97;4.1835;4.1835;1;6.97;1;33.637;1;0;NaN;NaN
TEL2005633_51;MFD_SETNO51;44.379;57.861667;274628;50;19-jul-05;10:19:34;32.461;1.792;5.4292;5.4292;1;1.792;1;32.461;1;0;NaN;NaN
TEL2005633_51;MFD_SETNO51;44.379;57.861667;274627;99;19-jul-05;10:19:34;32.783;1.306;4.9831;4.9831;1;1.306;1;32.783;1;0;NaN;NaN
TEL2005633_52;MFD_SETNO52;44.412667;57.916167;274634;5;19-jul-05;11:46:51;31.164;15.321;4.2204;4.2204;1;15.321;1;31.164;1;0;NaN;NaN
TEL2005633_52;MFD_SETNO52;44.412667;57.916167;274633;25;19-jul-05;11:46:51;35.237;5.089;4.4626;4.4626;1;5.089;1;35.237;7;512;NaN;NaN
TEL2005633_52;MFD_SETNO52;44.412667;57.916167;274632;50;19-jul-05;11:46:51;32.444;2.638;5.3256;5.3256;1;2.638;1;32.444;7;512;NaN;NaN
TEL2005633_52;MFD_SETNO52;44.412667;57.916167;274631;80;19-jul-05;11:46:51;32.563;2.113;5.1368;5.1368;1;2.113;1;32.563;1;0;NaN;NaN
TEL2005633_53;MFD_SETNO53;44.077;58.411;274642;1;19-jul-05;16:22:18;32.113;18.461;4.2617;4.2617;1;18.461;1;32.113;1;0;NaN;NaN
TEL2005633_53;MFD_SETNO53;44.077;58.411;274641;5;19-jul-05;16:22:18;32.709;18.445;3.6236;3.6236;1;18.445;1;32.709;1;0;NaN;NaN
TEL2005633_53;MFD_SETNO53;44.077;58.411;274640;25;19-jul-05;16:22:18;36.467;10.492;3.2159;3.2159;1;10.492;1;36.467;7;512;NaN;NaN
TEL2005633_53;MFD_SETNO53;44.077;58.411;274639;50;19-jul-05;16:22:18;33.714;8.587;4.5717;4.5717;1;8.587;1;33.714;7;512;NaN;NaN
TEL2005633_53;MFD_SETNO53;44.077;58.411;274638;100;19-jul-05;16:22:18;34.586;8.945;3.9839;3.9839;1;8.945;1;34.586;1;0;NaN;NaN
TEL2005633_53;MFD_SETNO53;44.077;58.411;274637;200;19-jul-05;16:22:18;35.067;9.312;2.8489;2.8489;1;9.312;1;35.067;1;0;NaN;NaN
TEL2005633_53;MFD_SETNO53;44.077;58.411;274636;400;19-jul-05;16:22:18;34.998;6.16;3.4225;3.4225;1;6.16;1;34.998;1;0;NaN;NaN
TEL2005633_53;MFD_SETNO53;44.077;58.411;274635;481;19-jul-05;16:22:18;34.902;4.963;3.9393;3.9393;1;4.963;1;34.902;1;0;NaN;NaN
TEL2005633_54;MFD_SETNO54;44.181667;58.454833;274646;5;19-jul-05;19:27:54;31.633;17.129;3.7524;3.7524;1;17.129;1;31.633;1;0;NaN;NaN
TEL2005633_54;MFD_SETNO54;44.181667;58.454833;274645;25;19-jul-05;19:27:54;37.645;12.445;3.5296;3.5296;1;12.445;1;37.645;4;4;NaN;NaN
TEL2005633_54;MFD_SETNO54;44.181667;58.454833;274644;50;19-jul-05;19:27:54;34.381;10.748;4.2502;4.2502;1;10.748;1;34.381;1;0;NaN;NaN
TEL2005633_54;MFD_SETNO54;44.181667;58.454833;274643;136;19-jul-05;19:27:54;35.011;9.636;3.4298;3.4298;1;9.636;1;35.011;1;0;NaN;NaN
TEL2005633_55;MFD_SETNO55;44.212667;58.387833;274650;5;19-jul-05;21:21:37;31.413;15.958;3.8828;3.8828;1;15.958;1;31.413;1;0;NaN;NaN
TEL2005633_55;MFD_SETNO55;44.212667;58.387833;274649;25;19-jul-05;21:21:37;36.414;14.501;3.4208;3.4208;1;14.501;1;36.414;1;0;NaN;NaN
TEL2005633_55;MFD_SETNO55;44.212667;58.387833;274648;50;19-jul-05;21:21:37;34.281;10.407;4.2343;4.2343;1;10.407;1;34.281;1;0;NaN;NaN
TEL2005633_55;MFD_SETNO55;44.212667;58.387833;274647;201;19-jul-05;21:21:37;35.035;8.749;3.0052;3.0052;1;8.749;1;35.035;1;0;NaN;NaN
TEL2005633_56;MFD_SETNO56;44.302333;58.489167;274654;5;19-jul-05;23:48:16;31.3;15.867;4.001;4.001;1;15.867;1;31.3;1;0;NaN;NaN
TEL2005633_56;MFD_SETNO56;44.302333;58.489167;274653;25;19-jul-05;23:48:16;36.849;2.961;4.3827;4.3827;1;2.961;1;36.849;7;512;NaN;NaN
TEL2005633_56;MFD_SETNO56;44.302333;58.489167;274652;50;19-jul-05;23:48:16;32.714;2.109;5.0759;5.0759;1;2.109;1;32.714;7;512;NaN;NaN
TEL2005633_56;MFD_SETNO56;44.302333;58.489167;274651;55;19-jul-05;23:48:16;32.71;2.118;5.0868;5.0868;1;2.118;1;32.71;1;0;NaN;NaN
TEL2005633_57;MFD_SETNO57;44.354333;58.292167;274658;5;20-jul-05;02:01:55;31.298;15.738;3.7545;3.7545;1;15.738;1;31.298;1;0;NaN;NaN
TEL2005633_57;MFD_SETNO57;44.354333;58.292167;274657;25;20-jul-05;02:01:55;36.135;2.875;4.682;4.682;1;2.875;1;36.135;7;512;NaN;NaN
TEL2005633_57;MFD_SETNO57;44.354333;58.292167;274656;50;20-jul-05;02:01:55;32.516;2.319;5.2231;5.2231;1;2.319;1;32.516;7;512;NaN;NaN
TEL2005633_57;MFD_SETNO57;44.354333;58.292167;274655;61;20-jul-05;02:01:55;32.687;1.566;5.0366;5.0366;1;1.566;1;32.687;1;0;NaN;NaN
TEL2005633_58;MFD_SETNO58;44.419667;58.283667;274662;5;20-jul-05;03:40:59;31.365;15.244;4.1357;4.1357;1;15.244;1;31.365;1;0;NaN;NaN
TEL2005633_58;MFD_SETNO58;44.419667;58.283667;274661;25;20-jul-05;03:40:59;34.911;5.742;4.3379;4.3379;1;5.742;1;34.911;1;0;NaN;NaN
TEL2005633_58;MFD_SETNO58;44.419667;58.283667;274660;50;20-jul-05;03:40:59;32.441;2.569;5.2508;5.2508;1;2.569;1;32.441;1;0;NaN;NaN
TEL2005633_58;MFD_SETNO58;44.419667;58.283667;274659;62;20-jul-05;03:40:59;32.478;2.496;5.2369;5.2369;1;2.496;1;32.478;1;0;NaN;NaN
TEL2005633_59;MFD_SETNO59;44.538833;58.356667;274666;5;20-jul-05;05:20:59;31.175;16.35;3.8958;3.8958;1;16.35;1;31.175;1;0;NaN;NaN
TEL2005633_59;MFD_SETNO59;44.538833;58.356667;274665;25;20-jul-05;05:20:59;34.513;6.957;4.0216;4.0216;1;6.957;1;34.513;1;0;NaN;NaN
TEL2005633_59;MFD_SETNO59;44.538833;58.356667;274664;50;20-jul-05;05:20:59;32.346;2.72;5.3099;5.3099;1;2.72;1;32.346;1;0;NaN;NaN
TEL2005633_59;MFD_SETNO59;44.538833;58.356667;274663;62;20-jul-05;05:20:59;32.361;2.694;5.2939;5.2939;1;2.694;1;32.361;1;0;NaN;NaN
TEL2005633_60;MFD_SETNO60;44.622833;58.469333;274670;5;20-jul-05;07:19:22;30.804;16.299;3.9143;3.9143;1;16.299;1;30.804;1;0;NaN;NaN
TEL2005633_60;MFD_SETNO60;44.622833;58.469333;274669;25;20-jul-05;07:19:22;36.788;5.47;4.0858;4.0858;1;5.47;1;36.788;7;512;NaN;NaN
TEL2005633_60;MFD_SETNO60;44.622833;58.469333;274668;50;20-jul-05;07:19:22;32.067;2.836;5.0673;5.0673;1;2.836;1;32.067;7;512;NaN;NaN
TEL2005633_60;MFD_SETNO60;44.622833;58.469333;274667;59;20-jul-05;07:19:22;32.055;2.841;5.0733;5.0733;1;2.841;1;32.055;1;0;NaN;NaN
TEL2005633_61;MFD_SETNO61;44.778333;58.468167;274674;5;20-jul-05;09:13:51;30.687;15.736;3.978;3.978;1;15.736;1;30.687;1;0;NaN;NaN
TEL2005633_61;MFD_SETNO61;44.778333;58.468167;274673;25;20-jul-05;09:13:51;35.951;4.665;4.123;4.123;1;4.665;1;35.951;7;512;NaN;NaN
TEL2005633_61;MFD_SETNO61;44.778333;58.468167;274672;50;20-jul-05;09:13:51;32.037;2.069;5.314;5.314;1;2.069;1;32.037;7;512;NaN;NaN
TEL2005633_61;MFD_SETNO61;44.778333;58.468167;274671;84;20-jul-05;09:13:51;32.439;1.753;4.57;4.57;1;1.753;1;32.439;1;0;NaN;NaN
TEL2005633_62;MFD_SETNO62;44.770167;58.733667;274678;5;20-jul-05;11:23:50;30.391;15.86;3.8542;3.8542;1;15.86;1;30.391;1;0;NaN;NaN
TEL2005633_62;MFD_SETNO62;44.770167;58.733667;274677;25;20-jul-05;11:23:50;34.697;6.04;4.0302;4.0302;1;6.04;1;34.697;7;512;NaN;NaN
TEL2005633_62;MFD_SETNO62;44.770167;58.733667;274676;50;20-jul-05;11:23:50;31.981;1.757;5.3435;5.3435;1;1.757;1;31.981;7;512;NaN;NaN
TEL2005633_62;MFD_SETNO62;44.770167;58.733667;274675;205;20-jul-05;11:23:50;32.899;2.354;4.2115;4.2115;1;2.354;1;32.899;1;0;NaN;NaN
TEL2005633_63;MFD_SETNO63;44.707333;58.810667;274682;5;20-jul-05;13:39:17;30.563;15.847;3.9292;3.9292;1;15.847;1;30.563;1;0;NaN;NaN
TEL2005633_63;MFD_SETNO63;44.707333;58.810667;274681;25;20-jul-05;13:39:17;32.483;5.599;5.1021;5.1021;1;5.599;1;32.483;1;0;NaN;NaN
TEL2005633_63;MFD_SETNO63;44.707333;58.810667;274680;50;20-jul-05;13:39:17;31.968;1.879;5.4493;5.4493;1;1.879;1;31.968;1;0;NaN;NaN
TEL2005633_63;MFD_SETNO63;44.707333;58.810667;274679;85;20-jul-05;13:39:17;32.435;1.768;4.6219;4.6219;1;1.768;1;32.435;1;0;NaN;NaN
TEL2005633_65;MFD_SETNO65;45.191833;59.082333;274686;5;20-jul-05;19:11:12;30.375;14.834;3.9701;3.9701;1;14.834;1;30.375;1;0;NaN;NaN
TEL2005633_65;MFD_SETNO65;45.191833;59.082333;274685;25;20-jul-05;19:11:12;35.131;6.935;4.2037;4.2037;1;6.935;1;35.131;7;512;NaN;NaN
TEL2005633_65;MFD_SETNO65;45.191833;59.082333;274684;50;20-jul-05;19:11:12;31.883;3.316;5.5919;5.5919;1;3.316;1;31.883;7;512;NaN;NaN
TEL2005633_65;MFD_SETNO65;45.191833;59.082333;274683;132;20-jul-05;19:11:12;32.746;1.988;4.154;4.154;1;1.988;1;32.746;1;0;NaN;NaN
TEL2005633_66;MFD_SETNO66;44.984;59.175667;274690;5;20-jul-05;22:36:12;30.33;15.885;3.7447;3.7447;1;15.885;1;30.33;1;0;NaN;NaN
TEL2005633_66;MFD_SETNO66;44.984;59.175667;274689;25;20-jul-05;22:36:12;31.897;3.402;5.5813;5.5813;1;3.402;1;31.897;1;0;NaN;NaN
TEL2005633_66;MFD_SETNO66;44.984;59.175667;274688;50;20-jul-05;22:36:12;32.019;1.429;5.2406;5.2406;1;1.429;1;32.019;1;0;NaN;NaN
TEL2005633_66;MFD_SETNO66;44.984;59.175667;274687;79;20-jul-05;22:36:12;32.154;1.462;4.8821;4.8821;1;1.462;1;32.154;1;0;NaN;NaN
TEL2005633_67;MFD_SETNO67;44.835333;59.365833;274694;5;21-jul-05;01:34:03;30.555;15.78;3.8153;3.8153;1;15.78;1;30.555;1;0;NaN;NaN
TEL2005633_67;MFD_SETNO67;44.835333;59.365833;274693;25;21-jul-05;01:34:03;31.658;4.748;5.5639;5.5639;1;4.748;1;31.658;1;0;NaN;NaN
TEL2005633_67;MFD_SETNO67;44.835333;59.365833;274692;50;21-jul-05;01:34:03;32.133;1.499;4.9509;4.9509;1;1.499;1;32.133;1;0;NaN;NaN
TEL2005633_67;MFD_SETNO67;44.835333;59.365833;274691;213;21-jul-05;01:34:03;32.52;1.886;4.4885;4.4885;1;1.886;1;32.52;1;0;NaN;NaN
TEL2005633_74;MFD_SETNO74;44.558167;60.317333;274722;5;21-jul-05;07:06:10;30.519;15.898;3.8135;3.8135;1;15.898;1;30.519;1;0;NaN;NaN
TEL2005633_74;MFD_SETNO74;44.558167;60.317333;274721;25;21-jul-05;07:06:10;33.648;8.081;4.1081;4.1081;1;8.081;1;33.648;1;0;NaN;NaN
TEL2005633_74;MFD_SETNO74;44.558167;60.317333;274720;50;21-jul-05;07:06:10;31.816;2.688;5.4632;5.4632;1;2.688;1;31.816;1;0;NaN;NaN
TEL2005633_74;MFD_SETNO74;44.558167;60.317333;274719;65;21-jul-05;07:06:10;31.864;2.611;5.1923;5.1923;1;2.611;1;31.864;1;0;NaN;NaN
TEL2005633_73;MFD_SETNO73;44.390167;60.583167;274718;5;21-jul-05;08:56:10;30.747;15.836;3.78;3.78;1;15.836;1;30.747;1;0;NaN;NaN
TEL2005633_73;MFD_SETNO73;44.390167;60.583167;274717;25;21-jul-05;08:56:10;32.857;3.985;5.2984;5.2984;1;3.985;1;32.857;1;0;NaN;NaN
TEL2005633_73;MFD_SETNO73;44.390167;60.583167;274716;50;21-jul-05;08:56:10;32.219;2.713;5.0324;5.0324;1;2.713;1;32.219;1;0;NaN;NaN
TEL2005633_73;MFD_SETNO73;44.390167;60.583167;274715;52;21-jul-05;08:56:10;32.267;2.763;4.9198;4.9198;1;2.763;1;32.267;1;0;NaN;NaN
TEL2005633_72;MFD_SETNO72;44.312667;60.880333;274714;5;21-jul-05;10:30:27;31.745;14.731;3.9407;3.9407;1;14.731;1;31.745;1;0;NaN;NaN
TEL2005633_72;MFD_SETNO72;44.312667;60.880333;274713;25;21-jul-05;10:30:27;33.317;8.04;4.0291;4.0291;1;8.04;1;33.317;1;0;NaN;NaN
TEL2005633_72;MFD_SETNO72;44.312667;60.880333;274712;50;21-jul-05;10:30:27;32.423;5.728;4.9953;4.9953;1;5.728;1;32.423;1;0;NaN;NaN
TEL2005633_72;MFD_SETNO72;44.312667;60.880333;274711;128;21-jul-05;10:30:27;33.244;3.808;4.0947;4.0947;1;3.808;1;33.244;1;0;NaN;NaN
TEL2005633_71;MFD_SETNO71;44.475333;60.6875;274710;5;21-jul-05;12:13:43;30.93;15.529;4.0843;4.0843;1;15.529;1;30.93;1;0;NaN;NaN
TEL2005633_71;MFD_SETNO71;44.475333;60.6875;274709;25;21-jul-05;12:13:43;36.599;3.783;4.3772;4.3772;1;3.783;1;36.599;7;512;NaN;NaN
TEL2005633_71;MFD_SETNO71;44.475333;60.6875;274708;50;21-jul-05;12:13:43;32.057;2.951;5.0812;5.0812;1;2.951;1;32.057;7;512;NaN;NaN
TEL2005633_71;MFD_SETNO71;44.475333;60.6875;274707;55;21-jul-05;12:13:43;32.073;2.934;5.0679;5.0679;1;2.934;1;32.073;1;0;NaN;NaN
TEL2005633_70;MFD_SETNO70;44.556;60.749167;274706;5;21-jul-05;13:09:28;30.92;15.506;4.039;4.039;1;15.506;1;30.92;1;0;NaN;NaN
TEL2005633_70;MFD_SETNO70;44.556;60.749167;274705;25;21-jul-05;13:09:28;31.861;4.922;5.3424;5.3424;1;4.922;1;31.861;1;0;NaN;NaN
TEL2005633_70;MFD_SETNO70;44.556;60.749167;274704;50;21-jul-05;13:09:28;32.002;2.991;5.0091;5.0091;1;2.991;1;32.002;1;0;NaN;NaN
TEL2005633_70;MFD_SETNO70;44.556;60.749167;274703;59;21-jul-05;13:09:28;32.041;2.916;4.9693;4.9693;1;2.916;1;32.041;1;0;NaN;NaN
TEL2005633_69;MFD_SETNO69;44.713;60.7775;274702;5;21-jul-05;14:47:11;30.978;15.352;3.875;3.875;1;15.352;1;30.978;1;0;NaN;NaN
TEL2005633_69;MFD_SETNO69;44.713;60.7775;274701;25;21-jul-05;14:47:11;31.512;5.631;5.3235;5.3235;1;5.631;1;31.512;1;0;NaN;NaN
TEL2005633_69;MFD_SETNO69;44.713;60.7775;274700;50;21-jul-05;14:47:11;32.032;2.804;4.9734;4.9734;1;2.804;1;32.032;1;0;NaN;NaN
TEL2005633_69;MFD_SETNO69;44.713;60.7775;274699;99;21-jul-05;14:47:11;32.386;1.721;4.4849;4.4849;1;1.721;1;32.386;1;0;NaN;NaN
TEL2005633_68;MFD_SETNO68;44.902167;60.2595;274698;5;21-jul-05;20:07:45;30.768;15.876;3.962;3.962;1;15.876;1;30.768;1;0;NaN;NaN
TEL2005633_68;MFD_SETNO68;44.902167;60.2595;274697;25;21-jul-05;20:07:45;34.51;8.002;4.0181;4.0181;1;8.002;1;34.51;1;0;NaN;NaN
TEL2005633_68;MFD_SETNO68;44.902167;60.2595;274696;50;21-jul-05;20:07:45;32.268;2.141;4.9233;4.9233;1;2.141;1;32.268;1;0;NaN;NaN
TEL2005633_68;MFD_SETNO68;44.902167;60.2595;274695;186;21-jul-05;20:07:45;32.719;2.274;4.3544;4.3544;1;2.274;1;32.719;1;0;NaN;NaN
TEL2005633_75;MFD_SETNO75;44.429;60.384667;274725;5;22-jul-05;10:44:06;30.979;16.4;3.8191;3.8191;1;16.4;1;30.979;1;0;NaN;NaN
TEL2005633_75;MFD_SETNO75;44.429;60.384667;274724;25;22-jul-05;10:44:06;31.909;5.11;5.2167;5.2167;1;5.11;1;31.909;1;0;NaN;NaN
TEL2005633_75;MFD_SETNO75;44.429;60.384667;274723;46;22-jul-05;10:44:06;31.484;5.127;5.4751;5.4751;1;5.127;1;31.484;1;0;NaN;NaN
TEL2005633_76;MFD_SETNO76;44.345167;60.3285;274729;5;22-jul-05;12:07:17;30.541;16.768;3.7573;3.7573;1;16.768;1;30.541;1;0;NaN;NaN
TEL2005633_76;MFD_SETNO76;44.345167;60.3285;274728;25;22-jul-05;12:07:17;36.548;4.6;4.2355;4.2355;1;4.6;1;36.548;7;512;NaN;NaN
TEL2005633_76;MFD_SETNO76;44.345167;60.3285;274727;50;22-jul-05;12:07:17;32.217;2.278;4.8867;4.8867;1;2.278;1;32.217;7;512;NaN;NaN
TEL2005633_76;MFD_SETNO76;44.345167;60.3285;274726;55;22-jul-05;12:07:17;32.295;2.092;4.7329;4.7329;1;2.092;1;32.295;1;0;NaN;NaN
TEL2005633_77;MFD_SETNO77;44.266833;60.388833;274733;5;22-jul-05;13:52:25;31.413;13.912;4.1226;4.1226;1;13.912;1;31.413;1;0;NaN;NaN
TEL2005633_77;MFD_SETNO77;44.266833;60.388833;274732;25;22-jul-05;13:52:25;32.993;7.126;4.1788;4.1788;1;7.126;1;32.993;1;0;NaN;NaN
TEL2005633_77;MFD_SETNO77;44.266833;60.388833;274731;50;22-jul-05;13:52:25;32.483;4.141;5.3021;5.3021;1;4.141;1;32.483;1;0;NaN;NaN
TEL2005633_77;MFD_SETNO77;44.266833;60.388833;274730;157;22-jul-05;13:52:25;33.961;5.658;3.9209;3.9209;1;5.658;1;33.961;1;0;NaN;NaN
TEL2005633_78;MFD_SETNO78;44.125667;60.5255;274737;5;22-jul-05;16:06:15;30.99;16.717;3.776;3.776;1;16.717;1;30.99;1;0;NaN;NaN
TEL2005633_78;MFD_SETNO78;44.125667;60.5255;274736;25;22-jul-05;16:06:15;35.16;5.891;4.2014;4.2014;1;5.891;1;35.16;1;0;NaN;NaN
TEL2005633_78;MFD_SETNO78;44.125667;60.5255;274735;50;22-jul-05;16:06:15;32.953;4.095;4.5967;4.5967;1;4.095;1;32.953;1;0;NaN;NaN
TEL2005633_78;MFD_SETNO78;44.125667;60.5255;274734;62;22-jul-05;16:06:15;32.942;4.042;4.5404;4.5404;1;4.042;1;32.942;1;0;NaN;NaN
TEL2005633_79;MFD_SETNO79;44.068;60.439333;274740;5;22-jul-05;17:32:46;31.346;15.916;3.8201;3.8201;1;15.916;1;31.346;1;0;NaN;NaN
TEL2005633_79;MFD_SETNO79;44.068;60.439333;274739;25;22-jul-05;17:32:46;33.971;5.921;4.3027;4.3027;1;5.921;1;33.971;1;0;NaN;NaN
TEL2005633_79;MFD_SETNO79;44.068;60.439333;274738;42;22-jul-05;17:32:46;32.574;4.562;4.8144;4.8144;1;4.562;1;32.574;1;0;NaN;NaN
TEL2005633_80;MFD_SETNO80;44.094667;59.893;274744;5;22-jul-05;20:35:40;31.416;18.28;3.4885;3.4885;1;18.28;1;31.416;1;0;NaN;NaN
TEL2005633_80;MFD_SETNO80;44.094667;59.893;274743;25;22-jul-05;20:35:40;33.593;8.742;4.1417;4.1417;1;8.742;1;33.593;1;0;NaN;NaN
TEL2005633_80;MFD_SETNO80;44.094667;59.893;274742;50;22-jul-05;20:35:40;32.689;3.496;4.6941;4.6941;1;3.496;1;32.689;1;0;NaN;NaN
TEL2005633_80;MFD_SETNO80;44.094667;59.893;274741;66;22-jul-05;20:35:40;32.902;3.607;4.384;4.384;1;3.607;1;32.902;1;0;NaN;NaN
TEL2005633_81;MFD_SETNO81;44.193167;59.714167;274748;5;22-jul-05;23:19:27;31.354;18.005;3.5;3.5;1;18.005;1;31.354;1;0;NaN;NaN
TEL2005633_81;MFD_SETNO81;44.193167;59.714167;274747;25;22-jul-05;23:19:27;34.661;8.859;3.7762;3.7762;1;8.859;1;34.661;1;0;NaN;NaN
TEL2005633_81;MFD_SETNO81;44.193167;59.714167;274746;50;22-jul-05;23:19:27;33.076;5.683;4.8952;4.8952;1;5.683;1;33.076;1;0;NaN;NaN
TEL2005633_81;MFD_SETNO81;44.193167;59.714167;274745;141;22-jul-05;23:19:27;34.308;6.257;3.7775;3.7775;1;6.257;1;34.308;1;0;NaN;NaN
TEL2005633_82;MFD_SETNO82;44.162833;59.268667;274752;5;23-jul-05;02:18:57;31.441;17.594;3.5015;3.5015;1;17.594;1;31.441;1;0;NaN;NaN
TEL2005633_82;MFD_SETNO82;44.162833;59.268667;274751;25;23-jul-05;02:18:57;35.338;6.934;4.3404;4.3404;1;6.934;1;35.338;7;512;NaN;NaN
TEL2005633_82;MFD_SETNO82;44.162833;59.268667;274750;50;23-jul-05;02:18:57;32.551;4.116;4.9153;4.9153;1;4.116;1;32.551;7;512;NaN;NaN
TEL2005633_82;MFD_SETNO82;44.162833;59.268667;274749;263;23-jul-05;02:18:57;34.63;6.48;3.941;3.941;1;6.48;1;34.63;1;0;NaN;NaN
TEL2005633_83;MFD_SETNO83;44.3095;59.030167;274756;5;23-jul-05;05:11:41;33.052;16.124;3.9515;3.9515;1;16.124;1;33.052;1;0;NaN;NaN
TEL2005633_83;MFD_SETNO83;44.3095;59.030167;274755;25;23-jul-05;05:11:41;34.43;8.764;3.8376;3.8376;1;8.764;1;34.43;1;0;NaN;NaN
TEL2005633_83;MFD_SETNO83;44.3095;59.030167;274754;50;23-jul-05;05:11:41;33.028;4.493;5.0279;5.0279;1;4.493;1;33.028;1;0;NaN;NaN
TEL2005633_83;MFD_SETNO83;44.3095;59.030167;274753;168;23-jul-05;05:11:41;34.633;7.077;3.7708;3.7708;1;7.077;1;34.633;1;0;NaN;NaN
TEL2005633_84;MFD_SETNO84;44.348333;59.158667;274760;5;23-jul-05;07:19:06;32.442;16.037;3.8632;3.8632;1;16.037;1;32.442;1;0;NaN;NaN
TEL2005633_84;MFD_SETNO84;44.348333;59.158667;274759;25;23-jul-05;07:19:06;36.167;5.621;4.0521;4.0521;1;5.621;1;36.167;7;512;NaN;NaN
TEL2005633_84;MFD_SETNO84;44.348333;59.158667;274758;50;23-jul-05;07:19:06;33.04;5.13;4.9892;4.9892;1;5.13;1;33.04;7;512;NaN;NaN
TEL2005633_84;MFD_SETNO84;44.348333;59.158667;274757;179;23-jul-05;07:19:06;34.594;7.016;3.7441;3.7441;1;7.016;1;34.594;1;0;NaN;NaN
TEL2005633_85;MFD_SETNO85;44.388833;59.272167;274764;5;23-jul-05;09:14:38;31.465;16.107;3.9933;3.9933;1;16.107;1;31.465;1;0;NaN;NaN
TEL2005633_85;MFD_SETNO85;44.388833;59.272167;274763;25;23-jul-05;09:14:38;35.414;7.746;3.9227;3.9227;1;7.746;1;35.414;1;0;NaN;NaN
TEL2005633_85;MFD_SETNO85;44.388833;59.272167;274762;50;23-jul-05;09:14:38;32.943;4.427;5.0961;5.0961;1;4.427;1;32.943;1;0;NaN;NaN
TEL2005633_85;MFD_SETNO85;44.388833;59.272167;274761;179;23-jul-05;09:14:38;34.612;7.157;3.8423;3.8423;1;7.157;1;34.612;1;0;NaN;NaN
TEL2005633_86;MFD_SETNO86;44.447833;59.264167;274768;5;23-jul-05;10:56:56;31.214;17.103;3.5792;3.5792;1;17.103;1;31.214;1;0;NaN;NaN
TEL2005633_86;MFD_SETNO86;44.447833;59.264167;274767;25;23-jul-05;10:56:56;35.233;4.561;4.2526;4.2526;1;4.561;1;35.233;1;0;NaN;NaN
TEL2005633_86;MFD_SETNO86;44.447833;59.264167;274766;50;23-jul-05;10:56:56;33.078;4.24;4.8863;4.8863;1;4.24;1;33.078;1;0;NaN;NaN
TEL2005633_86;MFD_SETNO86;44.447833;59.264167;274765;72;23-jul-05;10:56:56;33.425;5.015;4.5632;4.5632;1;5.015;1;33.425;1;0;NaN;NaN
TEL2005633_87;MFD_SETNO87;44.519833;58.995333;274772;5;23-jul-05;13:02:11;31.126;16.978;3.6551;3.6551;1;16.978;1;31.126;1;0;NaN;NaN
TEL2005633_87;MFD_SETNO87;44.519833;58.995333;274771;25;23-jul-05;13:02:11;35.074;3.69;4.2358;4.2358;1;3.69;1;35.074;7;512;NaN;NaN
TEL2005633_87;MFD_SETNO87;44.519833;58.995333;274770;50;23-jul-05;13:02:11;32.268;3.473;5.053;5.053;1;3.473;1;32.268;7;512;NaN;NaN
TEL2005633_87;MFD_SETNO87;44.519833;58.995333;274769;53;23-jul-05;13:02:11;32.271;3.476;5.0365;5.0365;1;3.476;1;32.271;1;0;NaN;NaN
TEL2005633_88;MFD_SETNO88;44.353833;58.812;274776;5;23-jul-05;15:01:50;31.198;17.724;3.652;3.652;1;17.724;1;31.198;1;0;NaN;NaN
TEL2005633_88;MFD_SETNO88;44.353833;58.812;274775;25;23-jul-05;15:01:50;36.52;5.938;4.0753;4.0753;1;5.938;1;36.52;7;512;NaN;NaN
TEL2005633_88;MFD_SETNO88;44.353833;58.812;274774;50;23-jul-05;15:01:50;32.369;3.141;5.0766;5.0766;1;3.141;1;32.369;7;512;NaN;NaN
TEL2005633_88;MFD_SETNO88;44.353833;58.812;274773;70;23-jul-05;15:01:50;32.946;4.647;4.9515;4.9515;1;4.647;1;32.946;1;0;NaN;NaN
TEL2005633_89;MFD_SETNO89;44.1895;58.774;274780;5;23-jul-05;17:03:13;31.252;16.797;3.7092;3.7092;1;16.797;1;31.252;1;0;NaN;NaN
TEL2005633_89;MFD_SETNO89;44.1895;58.774;274779;25;23-jul-05;17:03:13;35.454;10.457;3.8423;3.8423;1;10.457;1;35.454;7;512;NaN;NaN
TEL2005633_89;MFD_SETNO89;44.1895;58.774;274778;50;23-jul-05;17:03:13;32.68;2.697;5.1748;5.1748;1;2.697;1;32.68;7;512;NaN;NaN
TEL2005633_89;MFD_SETNO89;44.1895;58.774;274777;65;23-jul-05;17:03:13;33.007;4.024;5.018;5.018;1;4.024;1;33.007;1;0;NaN;NaN
TEL2005633_90;MFD_SETNO90;44.1195;58.421333;274784;5;23-jul-05;18:58:42;32.123;19.282;3.3719;3.3719;1;19.282;1;32.123;1;0;NaN;NaN
TEL2005633_90;MFD_SETNO90;44.1195;58.421333;274783;25;23-jul-05;18:58:42;36.556;11.325;3.2661;3.2661;1;11.325;1;36.556;7;512;NaN;NaN
TEL2005633_90;MFD_SETNO90;44.1195;58.421333;274782;50;23-jul-05;18:58:42;33.877;9.368;4.4055;4.4055;1;9.368;1;33.877;7;512;NaN;NaN
TEL2005633_90;MFD_SETNO90;44.1195;58.421333;274781;425;23-jul-05;18:58:42;34.921;5.176;3.8324;3.8324;1;5.176;1;34.921;1;0;NaN;NaN
TEL2005633_91;MFD_SETNO91;44.0425;58.472667;274788;5;23-jul-05;20:52:57;32.57;19.541;3.8531;3.8531;1;19.541;1;32.57;1;0;NaN;NaN
TEL2005633_91;MFD_SETNO91;44.0425;58.472667;274787;25;23-jul-05;20:52:57;35.442;11.819;3.6577;3.6577;1;11.819;1;35.442;1;0;NaN;NaN
TEL2005633_91;MFD_SETNO91;44.0425;58.472667;274786;50;23-jul-05;20:52:57;33.906;8.679;4.3604;4.3604;1;8.679;1;33.906;1;0;NaN;NaN
TEL2005633_91;MFD_SETNO91;44.0425;58.472667;274785;307;23-jul-05;20:52:57;34.97;7.214;2.9597;2.9597;1;7.214;1;34.97;1;0;NaN;NaN
TEL2005633_92;MFD_SETNO92;43.960167;58.7065;274792;5;23-jul-05;23:28:47;32.583;19.688;3.4047;3.4047;1;19.688;1;32.583;1;0;NaN;NaN
TEL2005633_92;MFD_SETNO92;43.960167;58.7065;274791;25;23-jul-05;23:28:47;36.679;8.776;3.6547;3.6547;1;8.776;1;36.679;7;512;NaN;NaN
TEL2005633_92;MFD_SETNO92;43.960167;58.7065;274790;50;23-jul-05;23:28:47;34.044;8.441;4.2565;4.2565;1;8.441;1;34.044;7;512;NaN;NaN
TEL2005633_92;MFD_SETNO92;43.960167;58.7065;274789;188;23-jul-05;23:28:47;35.01;8.546;2.815;2.815;1;8.546;1;35.01;1;0;NaN;NaN
TEL2005633_95;MFD_SETNO95;43.894;59.2805;274796;5;24-jul-05;03:02:20;32.918;13.695;4.0593;4.0593;1;13.695;1;32.918;1;0;NaN;NaN
TEL2005633_95;MFD_SETNO95;43.894;59.2805;274795;25;24-jul-05;03:02:20;33.683;5.549;4.148;4.148;1;5.549;1;33.683;1;0;NaN;NaN
TEL2005633_95;MFD_SETNO95;43.894;59.2805;274794;50;24-jul-05;03:02:20;32.982;4.405;4.5369;4.5369;1;4.405;1;32.982;1;0;NaN;NaN
TEL2005633_95;MFD_SETNO95;43.894;59.2805;274793;60;24-jul-05;03:02:20;33.034;4.435;4.4569;4.4569;1;4.435;1;33.034;1;0;NaN;NaN
TEL2005633_96;MFD_SETNO96;43.938833;59.315333;274799;5;24-jul-05;03:47:59;32.294;12.233;4.3988;4.3988;1;12.233;1;32.294;1;0;NaN;NaN
TEL2005633_96;MFD_SETNO96;43.938833;59.315333;274798;25;24-jul-05;03:47:59;33.172;6.429;4.3859;4.3859;1;6.429;1;33.172;1;0;NaN;NaN
TEL2005633_96;MFD_SETNO96;43.938833;59.315333;274797;48;24-jul-05;03:47:59;32.393;5.959;4.9342;4.9342;1;5.959;1;32.393;1;0;NaN;NaN
TEL2005633_97;MFD_SETNO97;43.731833;59.284167;274803;5;24-jul-05;10:50:35;32.101;18.336;3.5625;3.5625;1;18.336;1;32.101;1;0;NaN;NaN
TEL2005633_97;MFD_SETNO97;43.731833;59.284167;274802;25;24-jul-05;10:50:35;34.996;14.109;3.459;3.459;1;14.109;1;34.996;1;0;NaN;NaN
TEL2005633_97;MFD_SETNO97;43.731833;59.284167;274801;50;24-jul-05;10:50:35;33.811;7.751;4.4605;4.4605;1;7.751;1;33.811;1;0;NaN;NaN
TEL2005633_97;MFD_SETNO97;43.731833;59.284167;274800;118;24-jul-05;10:50:35;34.692;9.279;3.7905;3.7905;1;9.279;1;34.692;1;0;NaN;NaN
TEL2005633_98;MFD_SETNO98;43.7805;59.571833;274807;5;24-jul-05;12:56:59;31.819;15.334;4.0747;4.0747;1;15.334;1;31.819;1;0;NaN;NaN
TEL2005633_98;MFD_SETNO98;43.7805;59.571833;274806;25;24-jul-05;12:56:59;34.455;6.511;4.3188;4.3188;1;6.511;1;34.455;1;0;NaN;NaN
TEL2005633_98;MFD_SETNO98;43.7805;59.571833;274805;50;24-jul-05;12:56:59;32.592;4.489;4.8574;4.8574;1;4.489;1;32.592;1;0;NaN;NaN
TEL2005633_98;MFD_SETNO98;43.7805;59.571833;274804;65;24-jul-05;12:56:59;32.848;4.341;4.6644;4.6644;1;4.341;1;32.848;1;0;NaN;NaN
TEL2005633_99;MFD_SETNO99;43.798833;59.883167;274810;5;24-jul-05;14:59:51;31.755;13.645;4.1133;4.1133;1;13.645;1;31.755;1;0;NaN;NaN
TEL2005633_99;MFD_SETNO99;43.798833;59.883167;274809;25;24-jul-05;14:59:51;33.291;8.394;4.3146;4.3146;1;8.394;1;33.291;1;0;NaN;NaN
TEL2005633_99;MFD_SETNO99;43.798833;59.883167;274808;53;24-jul-05;14:59:51;32.538;4.658;4.8263;4.8263;1;4.658;1;32.538;1;0;NaN;NaN
TEL2005633_100;MFD_SETNO100;43.451167;60.173833;274814;5;24-jul-05;18:05:33;31.999;17.9;3.6035;3.6035;1;17.9;1;31.999;1;0;NaN;NaN
TEL2005633_100;MFD_SETNO100;43.451167;60.173833;274813;25;24-jul-05;18:05:33;36.479;10.92;3.6379;3.6379;1;10.92;1;36.479;1;0;NaN;NaN
TEL2005633_100;MFD_SETNO100;43.451167;60.173833;274812;50;24-jul-05;18:05:33;34.007;8.814;4.404;4.404;1;8.814;1;34.007;1;0;NaN;NaN
TEL2005633_100;MFD_SETNO100;43.451167;60.173833;274811;231;24-jul-05;18:05:33;35.006;8.424;2.8499;2.8499;1;8.424;1;35.006;1;0;NaN;NaN
TEL2005633_101;MFD_SETNO101;43.627333;60.481333;274818;5;24-jul-05;21:06:34;31.51;16.505;3.9798;3.9798;1;16.505;1;31.51;1;0;NaN;NaN
TEL2005633_101;MFD_SETNO101;43.627333;60.481333;274817;25;24-jul-05;21:06:34;33.518;7.473;4.8699;4.8699;1;7.473;1;33.518;1;0;NaN;NaN
TEL2005633_101;MFD_SETNO101;43.627333;60.481333;274816;50;24-jul-05;21:06:34;32.801;5.102;4.8627;4.8627;1;5.102;1;32.801;1;0;NaN;NaN
TEL2005633_101;MFD_SETNO101;43.627333;60.481333;274815;63;24-jul-05;21:06:34;33.093;5.513;4.6197;4.6197;1;5.513;1;33.093;1;0;NaN;NaN
TEL2005633_102;MFD_SETNO102;43.753667;60.6435;274822;5;24-jul-05;22:49:29;31.801;16.936;3.826;3.826;1;16.936;1;31.801;1;0;NaN;NaN
TEL2005633_102;MFD_SETNO102;43.753667;60.6435;274821;25;24-jul-05;22:49:29;33.99;8.775;4.0163;4.0163;1;8.775;1;33.99;1;0;NaN;NaN
TEL2005633_102;MFD_SETNO102;43.753667;60.6435;274820;50;24-jul-05;22:49:29;32.493;6.114;4.9936;4.9936;1;6.114;1;32.493;1;0;NaN;NaN
TEL2005633_102;MFD_SETNO102;43.753667;60.6435;274819;52;24-jul-05;22:49:29;32.5;6.133;4.9956;4.9956;1;6.133;1;32.5;1;0;NaN;NaN
TEL2005633_103;MFD_SETNO103;43.609;60.817667;274826;5;25-jul-05;00:52:44;32.349;15.121;3.9264;3.9264;1;15.121;1;32.349;1;0;NaN;NaN
TEL2005633_103;MFD_SETNO103;43.609;60.817667;274825;25;25-jul-05;00:52:44;34.4;6.401;4.4853;4.4853;1;6.401;1;34.4;1;0;NaN;NaN
TEL2005633_103;MFD_SETNO103;43.609;60.817667;274824;50;25-jul-05;00:52:44;33.026;5.248;4.7263;4.7263;1;5.248;1;33.026;1;0;NaN;NaN
TEL2005633_103;MFD_SETNO103;43.609;60.817667;274823;64;25-jul-05;00:52:44;33.036;5.312;4.6817;4.6817;1;5.312;1;33.036;1;0;NaN;NaN
TEL2005633_104;MFD_SETNO104;43.558833;61.399667;274830;5;25-jul-05;04:11:39;32.093;16.907;3.7831;3.7831;1;16.907;1;32.093;1;0;NaN;NaN
TEL2005633_104;MFD_SETNO104;43.558833;61.399667;274829;25;25-jul-05;04:11:39;36.609;7.33;4.04;4.04;1;7.33;1;36.609;7;512;NaN;NaN
TEL2005633_104;MFD_SETNO104;43.558833;61.399667;274828;50;25-jul-05;04:11:39;33.154;6.479;4.6898;4.6898;1;6.479;1;33.154;7;512;NaN;NaN
TEL2005633_104;MFD_SETNO104;43.558833;61.399667;274827;58;25-jul-05;04:11:39;33.157;6.498;4.7211;4.7211;1;6.498;1;33.157;1;0;NaN;NaN
TEL2005633_105;MFD_SETNO105;43.3075;61.198667;274834;5;25-jul-05;07:17:18;32.737;17.827;3.7575;3.7575;1;17.827;1;32.737;1;0;NaN;NaN
TEL2005633_105;MFD_SETNO105;43.3075;61.198667;274833;25;25-jul-05;07:17:18;35.959;11.858;3.6532;3.6532;1;11.858;1;35.959;1;0;NaN;NaN
TEL2005633_105;MFD_SETNO105;43.3075;61.198667;274832;50;25-jul-05;07:17:18;34.246;8.653;4.1975;4.1975;1;8.653;1;34.246;1;0;NaN;NaN
TEL2005633_105;MFD_SETNO105;43.3075;61.198667;274831;120;25-jul-05;07:17:18;34.729;9.564;3.8072;3.8072;1;9.564;1;34.729;1;0;NaN;NaN
TEL2005633_106;MFD_SETNO106;43.262167;61.112333;274841;1;25-jul-05;09:25:59;30.26;18.574;4.1971;4.1971;1;18.574;1;30.26;1;0;NaN;NaN
TEL2005633_106;MFD_SETNO106;43.262167;61.112333;274840;5;25-jul-05;09:25:59;32.661;18.594;3.7233;3.7233;1;18.594;1;32.661;1;0;NaN;NaN
TEL2005633_106;MFD_SETNO106;43.262167;61.112333;274839;25;25-jul-05;09:25:59;37.5;9.672;3.7374;3.7374;1;9.672;1;37.5;4;4;NaN;NaN
TEL2005633_106;MFD_SETNO106;43.262167;61.112333;274838;50;25-jul-05;09:25:59;34.242;8.672;4.1826;4.1826;1;8.672;1;34.242;1;0;NaN;NaN
TEL2005633_106;MFD_SETNO106;43.262167;61.112333;274837;100;25-jul-05;09:25:59;35.293;11.518;3.6613;3.6613;1;11.518;1;35.293;1;0;NaN;NaN
TEL2005633_106;MFD_SETNO106;43.262167;61.112333;274836;200;25-jul-05;09:25:59;35.011;8.583;2.9176;2.9176;1;8.583;1;35.011;1;0;NaN;NaN
TEL2005633_106;MFD_SETNO106;43.262167;61.112333;274835;297;25-jul-05;09:25:59;34.915;6.497;3.2152;3.2152;1;6.497;1;34.915;1;0;NaN;NaN
TEL2005633_107;MFD_SETNO107;43.187333;61.370833;274848;1;25-jul-05;11:57:42;32.025;18.868;4.5893;4.5893;1;18.868;1;32.025;1;0;NaN;NaN
TEL2005633_107;MFD_SETNO107;43.187333;61.370833;274847;5;25-jul-05;11:57:42;32.731;18.696;3.4523;3.4523;1;18.696;1;32.731;1;0;NaN;NaN
TEL2005633_107;MFD_SETNO107;43.187333;61.370833;274846;25;25-jul-05;11:57:42;35.876;10.439;3.6998;3.6998;1;10.439;1;35.876;1;0;NaN;NaN
TEL2005633_107;MFD_SETNO107;43.187333;61.370833;274845;50;25-jul-05;11:57:42;34.281;8.51;4.1859;4.1859;1;8.51;1;34.281;1;0;NaN;NaN
TEL2005633_107;MFD_SETNO107;43.187333;61.370833;274844;100;25-jul-05;11:57:42;35.069;10.323;3.5369;3.5369;1;10.323;1;35.069;1;0;NaN;NaN
TEL2005633_107;MFD_SETNO107;43.187333;61.370833;274843;200;25-jul-05;11:57:42;35.039;8.67;2.8939;2.8939;1;8.67;1;35.039;1;0;NaN;NaN
TEL2005633_107;MFD_SETNO107;43.187333;61.370833;274842;250;25-jul-05;11:57:42;35.008;7.929;2.8732;2.8732;1;7.929;1;35.008;1;0;NaN;NaN
TEL2005633_108;MFD_SETNO108;43.356;61.7665;274852;5;25-jul-05;14:53:59;32.277;17.47;3.8745;3.8745;1;17.47;1;32.277;1;0;NaN;NaN
TEL2005633_108;MFD_SETNO108;43.356;61.7665;274851;25;25-jul-05;14:53:59;33.249;12.916;4.3705;4.3705;1;12.916;1;33.249;1;0;NaN;NaN
TEL2005633_108;MFD_SETNO108;43.356;61.7665;274850;50;25-jul-05;14:53:59;33.645;8.829;4.8631;4.8631;1;8.829;1;33.645;1;0;NaN;NaN
TEL2005633_108;MFD_SETNO108;43.356;61.7665;274849;86;25-jul-05;14:53:59;34.392;9.202;3.969;3.969;1;9.202;1;34.392;1;0;NaN;NaN
TEL2005633_109;MFD_SETNO109;43.434667;61.948333;274856;5;25-jul-05;16:48:02;33.009;16.928;3.6814;3.6814;1;16.928;1;33.009;1;0;NaN;NaN
TEL2005633_109;MFD_SETNO109;43.434667;61.948333;274855;25;25-jul-05;16:48:02;36.547;4.903;4.3557;4.3557;1;4.903;1;36.547;7;512;NaN;NaN
TEL2005633_109;MFD_SETNO109;43.434667;61.948333;274854;50;25-jul-05;16:48:02;33.039;5.788;4.6671;4.6671;1;5.788;1;33.039;7;512;NaN;NaN
TEL2005633_109;MFD_SETNO109;43.434667;61.948333;274853;90;25-jul-05;16:48:02;33.841;7.444;4.0662;4.0662;1;7.444;1;33.841;1;0;NaN;NaN
TEL2005633_110;MFD_SETNO110;43.3015;61.925;274860;5;25-jul-05;18:22:43;32.245;17.591;3.6851;3.6851;1;17.591;1;32.245;1;0;NaN;NaN
TEL2005633_110;MFD_SETNO110;43.3015;61.925;274859;25;25-jul-05;18:22:43;34.116;13.768;3.4984;3.4984;1;13.768;1;34.116;1;0;NaN;NaN
TEL2005633_110;MFD_SETNO110;43.3015;61.925;274858;50;25-jul-05;18:22:43;33.325;7.653;5.2199;5.2199;1;7.653;1;33.325;1;0;NaN;NaN
TEL2005633_110;MFD_SETNO110;43.3015;61.925;274857;93;25-jul-05;18:22:43;34.198;7.986;3.8759;3.8759;1;7.986;1;34.198;1;0;NaN;NaN
TEL2005633_111;MFD_SETNO111;42.961167;61.670667;274864;5;25-jul-05;21:57:56;32.521;18.345;3.7868;3.7868;1;18.345;1;32.521;1;0;NaN;NaN
TEL2005633_111;MFD_SETNO111;42.961167;61.670667;274863;25;25-jul-05;21:57:56;35.016;10.202;3.7837;3.7837;1;10.202;1;35.016;1;0;NaN;NaN
TEL2005633_111;MFD_SETNO111;42.961167;61.670667;274862;50;25-jul-05;21:57:56;34.104;9.014;4.3797;4.3797;1;9.014;1;34.104;1;0;NaN;NaN
TEL2005633_111;MFD_SETNO111;42.961167;61.670667;274861;520;25-jul-05;21:57:56;34.909;4.744;4.0901;4.0901;1;4.744;1;34.909;1;0;NaN;NaN
TEL2005633_112;MFD_SETNO112;42.99;61.858833;274868;5;26-jul-05;00:05:49;32.409;17.803;3.7392;3.7392;1;17.803;1;32.409;1;0;NaN;NaN
TEL2005633_112;MFD_SETNO112;42.99;61.858833;274867;25;26-jul-05;00:05:49;35.564;8.184;5.6053;5.6053;1;8.184;1;35.564;1;0;NaN;NaN
TEL2005633_112;MFD_SETNO112;42.99;61.858833;274866;50;26-jul-05;00:05:49;34.601;9.525;3.9783;3.9783;1;9.525;1;34.601;1;0;NaN;NaN
TEL2005633_112;MFD_SETNO112;42.99;61.858833;274865;194;26-jul-05;00:05:49;35.072;9.437;3.0716;3.0716;1;9.437;1;35.072;1;0;NaN;NaN
TEL2005633_113;MFD_SETNO113;42.948667;61.9585;274876;1;26-jul-05;02:57:50;29.908;16.615;4.5297;4.5297;1;16.615;1;29.908;1;0;NaN;NaN
TEL2005633_113;MFD_SETNO113;42.948667;61.9585;274875;5;26-jul-05;02:57:50;32.443;16.68;4.0196;4.0196;1;16.68;1;32.443;1;0;NaN;NaN
TEL2005633_113;MFD_SETNO113;42.948667;61.9585;274874;25;26-jul-05;02:57:50;33.109;12.5;4.9171;4.9171;1;12.5;1;33.109;1;0;NaN;NaN
TEL2005633_113;MFD_SETNO113;42.948667;61.9585;274873;50;26-jul-05;02:57:50;33.88;8.788;4.6048;4.6048;1;8.788;1;33.88;1;0;NaN;NaN
TEL2005633_113;MFD_SETNO113;42.948667;61.9585;274872;100;26-jul-05;02:57:50;34.634;9.505;3.9002;3.9002;1;9.505;1;34.634;1;0;NaN;NaN
TEL2005633_113;MFD_SETNO113;42.948667;61.9585;274871;200;26-jul-05;02:57:50;35.062;9.064;2.9118;2.9118;1;9.064;1;35.062;1;0;NaN;NaN
TEL2005633_113;MFD_SETNO113;42.948667;61.9585;274870;250;26-jul-05;02:57:50;35.048;8.94;2.8833;2.8833;1;8.94;1;35.048;1;0;NaN;NaN
TEL2005633_113;MFD_SETNO113;42.948667;61.9585;274869;300;26-jul-05;02:57:50;35.047;8.962;2.8945;2.8945;1;8.962;1;35.047;1;0;NaN;NaN
TEL2005633_114;MFD_SETNO114;43.1555;62.2875;274880;5;26-jul-05;07:01:44;32.266;16.92;3.8523;3.8523;1;16.92;1;32.266;1;0;NaN;NaN
TEL2005633_114;MFD_SETNO114;43.1555;62.2875;274879;25;26-jul-05;07:01:44;36.094;11.338;4.229;4.229;1;11.338;1;36.094;7;512;NaN;NaN
TEL2005633_114;MFD_SETNO114;43.1555;62.2875;274878;50;26-jul-05;07:01:44;33.52;7.289;4.5618;4.5618;1;7.289;1;33.52;7;512;NaN;NaN
TEL2005633_114;MFD_SETNO114;43.1555;62.2875;274877;98;26-jul-05;07:01:44;34.358;8.226;3.8533;3.8533;1;8.226;1;34.358;1;0;NaN;NaN
TEL2005633_115;MFD_SETNO115;43.335167;62.3665;274884;5;26-jul-05;09:18:14;31.993;16.81;3.7353;3.7353;1;16.81;1;31.993;1;0;NaN;NaN
TEL2005633_115;MFD_SETNO115;43.335167;62.3665;274883;25;26-jul-05;09:18:14;33.115;11.592;3.7809;3.7809;1;11.592;1;33.115;1;0;NaN;NaN
TEL2005633_115;MFD_SETNO115;43.335167;62.3665;274882;50;26-jul-05;09:18:14;33.295;6.641;4.6184;4.6184;1;6.641;1;33.295;1;0;NaN;NaN
TEL2005633_115;MFD_SETNO115;43.335167;62.3665;274881;93;26-jul-05;09:18:14;33.856;6.705;3.9732;3.9732;1;6.705;1;33.856;1;0;NaN;NaN
TEL2005633_116;MFD_SETNO116;43.427167;62.431167;274888;5;26-jul-05;10:59:58;31.741;16.808;4.1296;4.1296;1;16.808;1;31.741;1;0;NaN;NaN
TEL2005633_116;MFD_SETNO116;43.427167;62.431167;274887;25;26-jul-05;10:59:58;36.518;7.189;4.1509;4.1509;1;7.189;1;36.518;7;512;NaN;NaN
TEL2005633_116;MFD_SETNO116;43.427167;62.431167;274886;50;26-jul-05;10:59:58;32.778;4.817;4.8747;4.8747;1;4.817;1;32.778;7;512;NaN;NaN
TEL2005633_116;MFD_SETNO116;43.427167;62.431167;274885;83;26-jul-05;10:59:58;33.381;5.633;4.2523;4.2523;1;5.633;1;33.381;1;0;NaN;NaN
TEL2005633_117;MFD_SETNO117;43.4355;62.529833;274892;5;26-jul-05;13:12:01;31.669;17.313;4.1315;4.1315;1;17.313;1;31.669;1;0;NaN;NaN
TEL2005633_117;MFD_SETNO117;43.4355;62.529833;274891;25;26-jul-05;13:12:01;35.355;6.88;4.2272;4.2272;1;6.88;1;35.355;1;0;NaN;NaN
TEL2005633_117;MFD_SETNO117;43.4355;62.529833;274890;50;26-jul-05;13:12:01;33.039;6.232;4.7675;4.7675;1;6.232;1;33.039;1;0;NaN;NaN
TEL2005633_117;MFD_SETNO117;43.4355;62.529833;274889;91;26-jul-05;13:12:01;33.564;6.076;4.1141;4.1141;1;6.076;1;33.564;1;0;NaN;NaN
TEL2005633_118;MFD_SETNO118;43.733333;62.82;274896;5;26-jul-05;16:11:19;31.565;16.876;4.0174;4.0174;1;16.876;1;31.565;1;0;NaN;NaN
TEL2005633_118;MFD_SETNO118;43.733333;62.82;274895;25;26-jul-05;16:11:19;36.394;7.007;4.1299;4.1299;1;7.007;1;36.394;7;512;NaN;NaN
TEL2005633_118;MFD_SETNO118;43.733333;62.82;274894;50;26-jul-05;16:11:19;32.67;4.445;4.9237;4.9237;1;4.445;1;32.67;7;512;NaN;NaN
TEL2005633_118;MFD_SETNO118;43.733333;62.82;274893;222;26-jul-05;16:11:19;35.059;10.142;2.9429;2.9429;1;10.142;1;35.059;1;0;NaN;NaN
TEL2005633_119;MFD_SETNO119;43.901833;62.779;274900;5;26-jul-05;18:16:12;31.697;17.393;3.7286;3.7286;1;17.393;1;31.697;1;0;NaN;NaN
TEL2005633_119;MFD_SETNO119;43.901833;62.779;274899;25;26-jul-05;18:16:12;37.138;7.552;4.062;4.062;1;7.552;1;37.138;4;4;NaN;NaN
TEL2005633_119;MFD_SETNO119;43.901833;62.779;274898;50;26-jul-05;18:16:12;32.703;4.779;5.0037;5.0037;1;4.779;1;32.703;1;0;NaN;NaN
TEL2005633_119;MFD_SETNO119;43.901833;62.779;274897;237;26-jul-05;18:16:12;34.997;9.672;2.7669;2.7669;1;9.672;1;34.997;1;0;NaN;NaN
TEL2005633_120;MFD_SETNO120;43.880833;62.567667;274904;5;26-jul-05;21:11:20;31.686;17.455;3.7202;3.7202;1;17.455;1;31.686;1;0;NaN;NaN
TEL2005633_120;MFD_SETNO120;43.880833;62.567667;274903;25;26-jul-05;21:11:20;37.497;7.482;3.9525;3.9525;1;7.482;1;37.497;4;4;NaN;NaN
TEL2005633_120;MFD_SETNO120;43.880833;62.567667;274902;50;26-jul-05;21:11:20;32.706;3.683;4.7552;4.7552;1;3.683;1;32.706;1;0;NaN;NaN
TEL2005633_120;MFD_SETNO120;43.880833;62.567667;274901;166;26-jul-05;21:11:20;34.821;9.344;3.0318;3.0318;1;9.344;1;34.821;1;0;NaN;NaN
TEL2005633_122;MFD_SETNO122;44.272667;63.3255;274914;1;27-jul-05;05:29:49;28.211;11.466;5.469;5.469;1;11.466;1;28.211;1;0;NaN;NaN
TEL2005633_122;MFD_SETNO122;44.272667;63.3255;274913;5;27-jul-05;05:29:49;31.186;11.426;4.6772;4.6772;1;11.426;1;31.186;1;0;NaN;NaN
TEL2005633_122;MFD_SETNO122;44.272667;63.3255;274912;10;27-jul-05;05:29:49;31.153;11.422;4.3923;4.3923;1;11.422;1;31.153;1;0;NaN;NaN
TEL2005633_122;MFD_SETNO122;44.272667;63.3255;274911;20;27-jul-05;05:29:49;32.791;8.233;4.4549;4.4549;1;8.233;1;32.791;1;0;NaN;NaN
TEL2005633_122;MFD_SETNO122;44.272667;63.3255;274910;30;27-jul-05;05:29:49;33.57;6.671;4.3218;4.3218;1;6.671;1;33.57;7;512;NaN;NaN
TEL2005633_122;MFD_SETNO122;44.272667;63.3255;274909;40;27-jul-05;05:29:49;32.09;2.608;5.5707;5.5707;1;2.608;1;32.09;7;512;NaN;NaN
TEL2005633_122;MFD_SETNO122;44.272667;63.3255;274908;50;27-jul-05;05:29:49;32.243;2.372;4.9986;4.9986;1;2.372;1;32.243;1;0;NaN;NaN
TEL2005633_122;MFD_SETNO122;44.272667;63.3255;274907;75;27-jul-05;05:29:49;32.683;3.045;4.5025;4.5025;1;3.045;1;32.683;1;0;NaN;NaN
TEL2005633_122;MFD_SETNO122;44.272667;63.3255;274906;100;27-jul-05;05:29:49;33.178;4.547;4.1173;4.1173;1;4.547;1;33.178;1;0;NaN;NaN
TEL2005633_122;MFD_SETNO122;44.272667;63.3255;274905;182;27-jul-05;05:29:49;34.272;7.696;3.0819;3.0819;1;7.696;1;34.272;1;0;NaN;NaN
