CTD;CTD;CTD;CTD;CTD;CTD;CTD;CTD;CTD;CTD;CTD;labo;labo;terrain;labo;labo;labo;labo;calc;calc
Fichier;Station;Latitude;Longitude;Echantillon;zbouteille;Date;Heure;PSAL;TEMP_XX;DOXY;OXY_XX;Q_OXY;TEMP_RT;Q_TEMP_RT;SSAL_BS;Q_SSAL;QCFF;N_P;N_Si
(nom);(nom/no);(degres);(degres);(no_unique);(dbar);(jj-mmm-yyyy);(GMT);(psu);(celsius);(ml/l);(ml/l);((none));(celsius);((none));(g/kg);((none));((none));((none));((none))
TEM2008775_2;MFD_SETNO2;42.111933;-66.105517;321012;5;05-mar-08;02:26:00;32.736;4.4761;6.739;6.739;1;4.4761;1;32.736;1;0;NaN;NaN
TEM2008775_2;MFD_SETNO2;42.111933;-66.105517;321011;132;05-mar-08;02:26:00;33.3943;5.636;5.943;5.943;1;5.636;1;33.3943;1;0;NaN;NaN
TEM2008775_3;MFD_SETNO3;42.014667;-66.036133;321014;6;05-mar-08;04:27:14;32.5326;4.1593;6.84961;6.84961;1;4.1593;1;32.5326;1;0;NaN;NaN
TEM2008775_3;MFD_SETNO3;42.014667;-66.036133;321013;94;05-mar-08;04:27:14;33.2457;5.4096;6.12979;6.12979;1;5.4096;1;33.2457;1;0;NaN;NaN
TEM2008775_6;MFD_SETNO6;41.9892;-66.3128;321016;6;05-mar-08;13:52:54;33.0541;5.0587;6.4741;6.4741;1;5.0587;1;33.0541;1;0;NaN;NaN
TEM2008775_6;MFD_SETNO6;41.9892;-66.3128;321015;80;05-mar-08;13:52:54;33.0562;5.0387;6.47782;6.47782;1;5.0387;1;33.0562;1;0;NaN;NaN
TEM2008775_9;MFD_SETNO9;42.069567;-66.77055;321018;5;05-mar-08;19:35:28;33.0472;4.9198;6.63778;6.63778;1;4.9198;1;33.0472;1;0;NaN;NaN
TEM2008775_9;MFD_SETNO9;42.069567;-66.77055;321017;76;05-mar-08;19:35:28;33.0558;4.8802;6.60064;6.60064;1;4.8802;1;33.0558;1;0;NaN;NaN
TEM2008775_11;MFD_SETNO11;42.1342;-66.8113;321020;6;06-mar-08;13:07:28;33.0656;4.9281;6.60238;6.60238;1;4.9281;1;33.0656;1;0;NaN;NaN
TEM2008775_11;MFD_SETNO11;42.1342;-66.8113;321019;77;06-mar-08;13:07:28;33.0699;4.934;6.60539;6.60539;1;4.934;1;33.0699;1;0;NaN;NaN
TEM2008775_14;MFD_SETNO14;42.075267;-67.72805;321022;5;06-mar-08;22:49:24;33.1018;5.1935;6.55476;6.55476;1;5.1935;1;33.1018;1;0;NaN;NaN
TEM2008775_14;MFD_SETNO14;42.075267;-67.72805;321021;179;06-mar-08;22:49:24;34.3453;7.6991;4.23276;4.23276;1;7.6991;1;34.3453;1;0;NaN;NaN
TEM2008775_18;MFD_SETNO18;41.383067;-68.658883;321024;6;07-mar-08;10:09:32;33.054;5.3987;6.50623;6.50623;1;5.3987;1;33.054;1;0;NaN;NaN
TEM2008775_18;MFD_SETNO18;41.383067;-68.658883;321023;94;07-mar-08;10:09:32;33.0543;5.3745;6.48052;6.48052;1;5.3745;1;33.0543;1;0;NaN;NaN
TEM2008775_20;MFD_SETNO20;40.493067;-68.65645;321026;5;07-mar-08;18:19:39;32.6925;5.5592;6.87473;6.87473;1;5.5592;1;32.6925;1;0;NaN;NaN
TEM2008775_20;MFD_SETNO20;40.493067;-68.65645;321025;75;07-mar-08;18:19:39;33.1766;6.6765;6.24973;6.24973;1;6.6765;1;33.1766;1;0;NaN;NaN
TEM2008775_21;MFD_SETNO21;40.5261;-69.473283;321028;6;07-mar-08;22:54:36;32.8263;4.7917;7.15862;7.15862;1;4.7917;1;32.8263;7;32;NaN;NaN
TEM2008775_21;MFD_SETNO21;40.5261;-69.473283;321027;57;07-mar-08;22:54:36;32.8263;4.7887;7.14357;7.14357;1;4.7887;1;32.8263;7;32;NaN;NaN
TEM2008775_23;MFD_SETNO23;41.234367;-69.3878;321030;6;08-mar-08;05:24:20;32.6724;4.1644;6.83597;6.83597;1;4.1644;1;32.6724;1;0;NaN;NaN
TEM2008775_23;MFD_SETNO23;41.234367;-69.3878;321029;47;08-mar-08;05:24:20;32.6741;4.1473;6.8508;6.8508;1;4.1473;1;32.6741;1;0;NaN;NaN
TEM2008775_25;MFD_SETNO25;41.785067;-69.575983;321032;6;08-mar-08;12:11:59;32.5686;3.9319;6.94697;6.94697;1;3.9319;1;32.5686;1;0;NaN;NaN
TEM2008775_25;MFD_SETNO25;41.785067;-69.575983;321031;120;08-mar-08;12:11:59;33.1465;4.9247;6.27497;6.27497;1;4.9247;1;33.1465;1;0;NaN;NaN
TEM2008775_27;MFD_SETNO27;42.029483;-68.93645;321034;6;08-mar-08;20:35:24;33.0375;5.1143;6.6178;6.6178;1;5.1143;1;33.0375;1;0;NaN;NaN
TEM2008775_27;MFD_SETNO27;42.029483;-68.93645;321033;124;08-mar-08;20:35:24;33.1402;5.0602;6.37647;6.37647;1;5.0602;1;33.1402;1;0;NaN;NaN
TEM2008775_28;MFD_SETNO28;44.886;-66.774283;321036;6;10-mar-08;02:57:21;31.4835;1.9005;7.21825;7.21825;1;1.9005;1;31.4835;1;0;NaN;NaN
TEM2008775_28;MFD_SETNO28;44.886;-66.774283;321035;136;10-mar-08;02:57:21;32.2203;3.0529;6.91925;6.91925;1;3.0529;1;32.2203;1;0;NaN;NaN
TEM2008775_29;MFD_SETNO29;44.949433;-66.852367;321038;6;10-mar-08;05:37:22;31.3012;2.1836;7.11765;7.11765;1;2.1836;1;31.3012;1;0;NaN;NaN
TEM2008775_29;MFD_SETNO29;44.949433;-66.852367;321037;90;10-mar-08;05:37:22;31.7814;2.6031;7.03443;7.03443;1;2.6031;1;31.7814;1;0;NaN;NaN
TEM2008775_30;MFD_SETNO30;44.905767;-66.618633;321040;6;10-mar-08;08:33:06;31.2421;1.5489;7.28007;7.28007;1;1.5489;1;31.2421;1;0;NaN;NaN
TEM2008775_30;MFD_SETNO30;44.905767;-66.618633;321039;94;10-mar-08;08:33:06;32.2825;3.1677;6.90728;6.90728;1;3.1677;1;32.2825;1;0;NaN;NaN
TEM2008775_32;MFD_SETNO32;44.065967;-66.923533;321042;5;10-mar-08;16:51:09;32.4823;3.9122;6.82541;6.82541;1;3.9122;1;32.4823;1;0;NaN;NaN
TEM2008775_32;MFD_SETNO32;44.065967;-66.923533;321041;173;10-mar-08;16:51:09;33.6735;6.6645;5.03743;5.03743;1;6.6645;1;33.6735;1;0;NaN;NaN
TEM2008775_33;MFD_SETNO33;43.252517;-65.257983;321044;6;12-mar-08;01:08:05;31.6243;2.3681;7.18277;7.18277;1;2.3681;1;31.6243;1;0;NaN;NaN
TEM2008775_33;MFD_SETNO33;43.252517;-65.257983;321043;141;12-mar-08;01:08:05;33.0336;4.561;5.07306;5.07306;1;4.561;1;33.0336;1;0;NaN;NaN
TEM2008775_34;MFD_SETNO34;42.796633;-65.489317;321046;22;12-mar-08;05:28:03;31.9238;3.0279;6.76105;6.76105;1;3.0279;1;31.9238;1;0;NaN;NaN
TEM2008775_34;MFD_SETNO34;42.796633;-65.489317;321045;121;12-mar-08;05:28:03;32.2612;3.6723;6.57236;6.57236;1;3.6723;1;32.2612;1;0;NaN;NaN
TEM2008775_35;MFD_SETNO35;42.807667;-65.566467;321048;6;12-mar-08;07:34:15;31.8165;2.7234;7.14474;7.14474;1;2.7234;1;31.8165;1;0;NaN;NaN
TEM2008775_35;MFD_SETNO35;42.807667;-65.566467;321047;124;12-mar-08;07:34:15;32.5005;4.1431;6.51977;6.51977;1;4.1431;1;32.5005;1;0;NaN;NaN
TEM2008775_36;MFD_SETNO36;42.480683;-65.729667;321050;5;12-mar-08;10:49:00;31.8493;2.7195;7.061;7.061;1;2.7195;1;31.8493;1;0;NaN;NaN
TEM2008775_36;MFD_SETNO36;42.480683;-65.729667;321049;85;12-mar-08;10:49:00;33.2036;5.0187;5.6413;5.6413;1;5.0187;1;33.2036;1;0;NaN;NaN
TEM2008775_37;MFD_SETNO37;42.5016;-65.93575;321052;21;12-mar-08;13:24:00;31.7016;2.2842;6.94758;6.94758;1;2.2842;1;31.7016;1;0;NaN;NaN
TEM2008775_37;MFD_SETNO37;42.5016;-65.93575;321051;131;12-mar-08;13:24:00;33.7793;5.9692;5.097;5.097;1;5.9692;1;33.7793;1;0;NaN;NaN
TEM2008775_38;MFD_SETNO38;42.379;-66.183883;321054;18;12-mar-08;16:07:00;31.691;2.0824;7.7046;7.7046;1;2.0824;1;31.691;1;0;NaN;NaN
TEM2008775_38;MFD_SETNO38;42.379;-66.183883;321053;241;12-mar-08;16:07:00;34.8404;6.2521;5.74771;5.74771;1;6.2521;1;34.8404;1;0;NaN;NaN
TEM2008775_39;MFD_SETNO39;42.2699;-66.00765;321056;13;12-mar-08;18:59:59;32.0019;2.9294;6.73424;6.73424;1;2.9294;1;32.0019;1;0;NaN;NaN
TEM2008775_39;MFD_SETNO39;42.2699;-66.00765;321055;229;12-mar-08;18:59:59;34.8542;5.96;5.77221;5.77221;1;5.96;1;34.8542;1;0;NaN;NaN
TEM2008775_40;MFD_SETNO40;41.84765;-66.266433;321058;5;12-mar-08;23:54:54;33.0806;5.0416;6.69289;6.69289;1;5.0416;1;33.0806;1;0;NaN;NaN
TEM2008775_40;MFD_SETNO40;41.84765;-66.266433;321057;81;12-mar-08;23:54:54;33.0805;5.0501;6.69671;6.69671;1;5.0501;1;33.0805;1;0;NaN;NaN
TEM2008775_43;MFD_SETNO43;41.716917;-66.224983;321060;11;13-mar-08;08:00:00;32.9965;4.9769;6.77642;6.77642;1;4.9769;1;32.9965;1;0;NaN;NaN
TEM2008775_43;MFD_SETNO43;41.716917;-66.224983;321059;81;13-mar-08;08:00:00;33.0006;4.9966;6.63155;6.63155;1;4.9966;1;33.0006;1;0;NaN;NaN
TEM2008775_46;MFD_SETNO46;41.641017;-66.09695;321062;3;13-mar-08;21:13:38;32.7451;4.8186;7.06004;7.06004;1;4.8186;1;32.7451;1;0;NaN;NaN
TEM2008775_46;MFD_SETNO46;41.641017;-66.09695;321061;99;13-mar-08;21:13:38;33.1709;5.355;6.31007;6.31007;1;5.355;1;33.1709;1;0;NaN;NaN
TEM2008775_48;MFD_SETNO48;41.61315;-65.9398;321064;5;13-mar-08;23:55:08;32.1522;3.8742;6.89385;6.89385;1;3.8742;1;32.1522;1;0;NaN;NaN
TEM2008775_48;MFD_SETNO48;41.61315;-65.9398;321063;155;13-mar-08;23:55:08;33.5473;6.3007;5.78957;5.78957;1;6.3007;1;33.5473;1;0;NaN;NaN
TEM2008775_49;MFD_SETNO49;41.417917;-66.043083;321066;6;14-mar-08;04:52:20;32.4558;4.6317;7.04987;7.04987;1;4.6317;1;32.4558;1;0;NaN;NaN
TEM2008775_49;MFD_SETNO49;41.417917;-66.043083;321065;157;14-mar-08;04:52:20;34.7426;8.6553;4.16975;4.16975;1;8.6553;1;34.7426;1;0;NaN;NaN
TEM2008775_50;MFD_SETNO50;41.5416;-66.344917;321068;5;14-mar-08;07:15:24;33.0166;5.0044;6.55837;6.55837;1;5.0044;1;33.0166;1;0;NaN;NaN
TEM2008775_50;MFD_SETNO50;41.5416;-66.344917;321067;88;14-mar-08;07:15:24;33.015;5.0087;6.55572;6.55572;1;5.0087;1;33.015;1;0;NaN;NaN
TEM2008775_51;MFD_SETNO51;41.38925;-66.378467;321070;6;14-mar-08;09:20:45;32.9053;5.1912;6.59806;6.59806;1;5.1912;1;32.9053;1;0;NaN;NaN
TEM2008775_51;MFD_SETNO51;41.38925;-66.378467;321069;93;14-mar-08;09:20:45;33.084;5.1357;6.57633;6.57633;1;5.1357;1;33.084;1;0;NaN;NaN
TEM2008775_54;MFD_SETNO54;40.928833;-66.832667;321072;6;14-mar-08;16:01:00;32.9263;5.0976;6.86645;6.86645;1;5.0976;1;32.9263;1;0;NaN;NaN
TEM2008775_54;MFD_SETNO54;40.928833;-66.832667;321071;86;14-mar-08;16:01:00;32.943;5.0916;6.81824;6.81824;1;5.0916;1;32.943;1;0;NaN;NaN
TEM2008775_56;MFD_SETNO56;40.59345;-67.1771;321074;6;14-mar-08;20:08:38;33.161;5.9364;6.6758;6.6758;1;5.9364;1;33.161;1;0;NaN;NaN
TEM2008775_56;MFD_SETNO56;40.59345;-67.1771;321073;133;14-mar-08;20:08:38;35.1138;11.8556;4.49299;4.49299;1;11.8556;1;35.1138;1;0;NaN;NaN
TEM2008775_59;MFD_SETNO59;40.977117;-68.001733;321076;5;15-mar-08;02:52:07;32.7129;5.1411;7.03972;7.03972;1;5.1411;1;32.7129;1;0;NaN;NaN
TEM2008775_59;MFD_SETNO59;40.977117;-68.001733;321075;50;15-mar-08;02:52:07;32.7133;5.1425;7.0635;7.0635;1;5.1425;1;32.7133;1;0;NaN;NaN
TEM2008775_60;MFD_SETNO60;41.09005;-68.166067;321078;5;15-mar-08;04:44:45;32.8485;5.3942;7.21523;7.21523;1;5.3942;1;32.8485;1;0;NaN;NaN
TEM2008775_60;MFD_SETNO60;41.09005;-68.166067;321077;45;15-mar-08;04:44:45;32.8484;5.3954;7.22275;7.22275;1;5.3954;1;32.8484;1;0;NaN;NaN
TEM2008775_62;MFD_SETNO62;41.3526;-67.508817;321080;6;15-mar-08;09:58:40;32.8915;5.2084;7.46081;7.46081;1;5.2084;1;32.8915;1;0;NaN;NaN
TEM2008775_62;MFD_SETNO62;41.3526;-67.508817;321079;41;15-mar-08;09:58:40;32.8937;5.2131;7.49027;7.49027;1;5.2131;1;32.8937;1;0;NaN;NaN
TEM2008775_65;MFD_SETNO65;41.326417;-66.750967;321082;5;15-mar-08;17:37:44;33.0258;5.0531;6.88963;6.88963;1;5.0531;1;33.0258;1;0;NaN;NaN
TEM2008775_65;MFD_SETNO65;41.326417;-66.750967;321081;73;15-mar-08;17:37:44;33.0252;5.0542;6.88503;6.88503;1;5.0542;1;33.0252;1;0;NaN;NaN
TEM2008775_69;MFD_SETNO69;43.598733;-66.761817;321084;5;16-mar-08;15:00:57;32.6062;4.069;6.77067;6.77067;1;4.069;1;32.6062;1;0;NaN;NaN
TEM2008775_69;MFD_SETNO69;43.598733;-66.761817;321083;107;16-mar-08;15:00:57;33.3354;5.6197;5.61185;5.61185;1;5.6197;1;33.3354;1;0;NaN;NaN
TEM2008775_70;MFD_SETNO70;43.596233;-67.442933;321086;5;16-mar-08;18:38:25;32.715;4.1494;6.8319;6.8319;1;4.1494;1;32.715;1;0;NaN;NaN
TEM2008775_70;MFD_SETNO70;43.596233;-67.442933;321085;219;16-mar-08;18:38:25;34.1084;7.2964;4.74614;4.74614;1;7.2964;1;34.1084;1;0;NaN;NaN
TEM2008775_71;MFD_SETNO71;43.704283;-67.417917;321088;6;16-mar-08;20:43:31;32.5673;3.9451;6.87555;6.87555;1;3.9451;1;32.5673;1;0;NaN;NaN
TEM2008775_71;MFD_SETNO71;43.704283;-67.417917;321087;202;16-mar-08;20:43:31;34.1346;7.3651;5.55923;5.55923;1;7.3651;1;34.1346;1;0;NaN;NaN
TEM2008775_72;MFD_SETNO72;43.761817;-67.06015;321090;6;17-mar-08;00:00:00;32.5582;4.0297;6.76304;6.76304;1;4.0297;1;32.5582;1;0;NaN;NaN
TEM2008775_72;MFD_SETNO72;43.761817;-67.06015;321089;149;17-mar-08;00:00:00;33.7418;6.5717;6.08463;6.08463;1;6.5717;1;33.7418;1;0;NaN;NaN
TEM2008775_73;MFD_SETNO73;43.82835;-66.949733;321092;5;17-mar-08;02:28:16;32.4815;3.9259;6.74292;6.74292;1;3.9259;1;32.4815;1;0;NaN;NaN
TEM2008775_73;MFD_SETNO73;43.82835;-66.949733;321091;188;17-mar-08;02:28:16;33.6735;6.4402;6.39198;6.39198;1;6.4402;1;33.6735;1;0;NaN;NaN
TEM2008775_74;MFD_SETNO74;43.885517;-67.022767;321094;6;17-mar-08;04:50:59;32.4777;3.9016;6.77301;6.77301;1;3.9016;1;32.4777;1;0;NaN;NaN
TEM2008775_74;MFD_SETNO74;43.885517;-67.022767;321093;160;17-mar-08;04:50:59;33.853;6.8735;5.25508;5.25508;1;6.8735;1;33.853;1;0;NaN;NaN
TEM2008775_75;MFD_SETNO75;44.1173;-67.251317;321096;5;17-mar-08;07:27:00;32.5071;3.8888;6.60451;6.60451;1;3.8888;1;32.5071;1;0;NaN;NaN
TEM2008775_75;MFD_SETNO75;44.1173;-67.251317;321095;153;17-mar-08;07:27:00;33.2507;5.5994;5.49955;5.49955;1;5.5994;1;33.2507;1;0;NaN;NaN
TEM2008775_76;MFD_SETNO76;44.328017;-67.104833;321098;6;17-mar-08;10:46:25;32.2689;3.3168;6.774;6.774;1;3.3168;1;32.2689;1;0;NaN;NaN
TEM2008775_76;MFD_SETNO76;44.328017;-67.104833;321097;132;17-mar-08;10:46:25;33.3336;5.7595;5.40703;5.40703;1;5.7595;1;33.3336;1;0;NaN;NaN
TEM2008775_78;MFD_SETNO78;45.062267;-66.326967;321100;6;17-mar-08;19:54:12;30.3158;1.4871;7.39984;7.39984;1;1.4871;1;30.3158;1;0;NaN;NaN
TEM2008775_78;MFD_SETNO78;45.062267;-66.326967;321099;50;17-mar-08;19:54:12;31.9767;2.4008;7.11728;7.11728;1;2.4008;1;31.9767;1;0;NaN;NaN
TEM2008775_79;MFD_SETNO79;44.943883;-66.050117;321102;6;17-mar-08;22:04:44;32.2338;3.1488;6.99573;6.99573;1;3.1488;1;32.2338;1;0;NaN;NaN
TEM2008775_79;MFD_SETNO79;44.943883;-66.050117;321101;108;17-mar-08;22:04:44;32.238;3.1762;6.95321;6.95321;1;3.1762;1;32.238;1;0;NaN;NaN
TEM2008775_80;MFD_SETNO80;45.192483;-65.54065;321104;5;18-mar-08;02:47:40;31.848;1.82;7.26215;7.26215;1;1.82;1;31.848;1;0;NaN;NaN
TEM2008775_80;MFD_SETNO80;45.192483;-65.54065;321103;67;18-mar-08;02:47:40;32.0071;2.231;7.18224;7.18224;1;2.231;1;32.0071;1;0;NaN;NaN
TEM2008775_81;MFD_SETNO81;45.3084;-65.357867;321106;6;18-mar-08;05:19:27;31.1845;0.7573;7.46673;7.46673;1;0.7573;1;31.1845;1;0;NaN;NaN
TEM2008775_81;MFD_SETNO81;45.3084;-65.357867;321105;51;18-mar-08;05:19:27;31.1868;0.7583;7.46756;7.46756;1;0.7583;1;31.1868;1;0;NaN;NaN
TEM2008775_82;MFD_SETNO82;45.205283;-65.07435;321108;5;18-mar-08;07:53:00;31.5474;1.7999;7.31356;7.31356;1;1.7999;1;31.5474;1;0;NaN;NaN
TEM2008775_82;MFD_SETNO82;45.205283;-65.07435;321107;58;18-mar-08;07:53:00;31.5677;1.8562;7.28504;7.28504;1;1.8562;1;31.5677;1;0;NaN;NaN
TEM2008775_83;MFD_SETNO83;44.90835;-65.981883;321110;5;18-mar-08;13:18:00;32.2503;3.1324;6.97915;6.97915;1;3.1324;1;32.2503;1;0;NaN;NaN
TEM2008775_83;MFD_SETNO83;44.90835;-65.981883;321109;99;18-mar-08;13:18:00;32.2555;3.1578;6.97642;6.97642;1;3.1578;1;32.2555;1;0;NaN;NaN
TEM2008775_84;MFD_SETNO84;41.855033;-66.44335;321112;4;19-mar-08;07:07:58;32.2987;3.3419;7.04575;7.04575;1;3.3419;1;32.2987;1;0;NaN;NaN
TEM2008775_84;MFD_SETNO84;41.855033;-66.44335;321111;73;19-mar-08;07:07:58;32.8745;4.5047;6.6575;6.6575;1;4.5047;1;32.8745;1;0;NaN;NaN
TEM2008775_86;MFD_SETNO86;41.818917;-66.493717;321114;6;19-mar-08;11:57:00;32.2473;3.2816;7.04816;7.04816;1;3.2816;1;32.2473;1;0;NaN;NaN
TEM2008775_86;MFD_SETNO86;41.818917;-66.493717;321113;76;19-mar-08;11:57:00;32.8264;4.424;6.66255;6.66255;1;4.424;1;32.8264;1;0;NaN;NaN
TEM2008775_90;MFD_SETNO90;41.664133;-66.564283;321116;6;19-mar-08;17:41:00;32.2336;3.2778;7.04863;7.04863;1;3.2778;1;32.2336;1;0;NaN;NaN
TEM2008775_90;MFD_SETNO90;41.664133;-66.564283;321115;69;19-mar-08;17:41:00;32.7915;4.3329;6.80986;6.80986;1;4.3329;1;32.7915;1;0;NaN;NaN
TEM2008775_91;MFD_SETNO91;41.586717;-66.790133;321118;5;19-mar-08;20:26:59;33.0599;4.7744;6.8072;6.8072;1;4.7744;1;33.0599;1;0;NaN;NaN
TEM2008775_91;MFD_SETNO91;41.586717;-66.790133;321117;71;19-mar-08;20:26:59;33.0651;4.7962;6.79205;6.79205;1;4.7962;1;33.0651;1;0;NaN;NaN
TEM2008775_92;MFD_SETNO92;41.698883;-66.98565;321120;5;19-mar-08;22:20:00;33.0652;4.7877;6.86187;6.86187;1;4.7877;1;33.0652;1;0;NaN;NaN
TEM2008775_92;MFD_SETNO92;41.698883;-66.98565;321119;61;19-mar-08;22:20:00;33.0659;4.7978;6.85496;6.85496;1;4.7978;1;33.0659;1;0;NaN;NaN
TEM2008775_94;MFD_SETNO94;41.701883;-66.658983;321122;5;20-mar-08;01:48:13;32.2253;3.2403;7.02844;7.02844;1;3.2403;1;32.2253;1;0;NaN;NaN
TEM2008775_94;MFD_SETNO94;41.701883;-66.658983;321121;66;20-mar-08;01:48:13;32.7567;4.2551;6.81003;6.81003;1;4.2551;1;32.7567;1;0;NaN;NaN
TEM2008775_97;MFD_SETNO97;41.97015;-66.267217;321124;5;20-mar-08;07:01:00;32.3397;3.4448;7.05757;7.05757;1;3.4448;1;32.3397;1;0;NaN;NaN
TEM2008775_97;MFD_SETNO97;41.97015;-66.267217;321123;75;20-mar-08;07:01:00;32.9279;4.6638;6.61106;6.61106;1;4.6638;1;32.9279;1;0;NaN;NaN
TEM2008775_98;MFD_SETNO98;42.152433;-66.254333;321126;6;20-mar-08;09:51:42;32.9173;4.5186;6.78681;6.78681;1;4.5186;1;32.9173;1;0;NaN;NaN
TEM2008775_98;MFD_SETNO98;42.152433;-66.254333;321125;184;20-mar-08;09:51:42;33.6831;6.2652;6.7334;6.7334;1;6.2652;1;33.6831;1;0;NaN;NaN
TEM2008775_99;MFD_SETNO99;42.47275;-65.6039;321128;6;20-mar-08;14:48:16;31.6446;1.5713;7.40476;7.40476;1;1.5713;1;31.6446;1;0;NaN;NaN
TEM2008775_99;MFD_SETNO99;42.47275;-65.6039;321127;90;20-mar-08;14:48:16;32.1858;3.1941;6.5487;6.5487;1;3.1941;1;32.1858;1;0;NaN;NaN
TEM2008775_100;MFD_SETNO100;42.666267;-65.360383;321130;5;20-mar-08;17:05:00;31.4968;1.4843;7.35018;7.35018;1;1.4843;1;31.4968;1;0;NaN;NaN
TEM2008775_100;MFD_SETNO100;42.666267;-65.360383;321129;94;20-mar-08;17:05:00;32.7952;4.2769;5.5187;5.5187;1;4.2769;1;32.7952;1;0;NaN;NaN
TEM2008775_101;MFD_SETNO101;44.27075;-63.31605;321140;2;21-mar-08;05:48:00;32.1003;-0.2097;10.76426;10.76426;4;-0.2097;1;32.1003;7;516;NaN;NaN
TEM2008775_101;MFD_SETNO101;44.27075;-63.31605;321139;6;21-mar-08;05:48:00;31.5024;-0.211;6.62324;6.62324;1;-0.211;1;31.5024;7;512;NaN;NaN
TEM2008775_101;MFD_SETNO101;44.27075;-63.31605;321138;11;21-mar-08;05:48:00;31.4046;-0.2128;6.63546;6.63546;1;-0.2128;1;31.4046;1;0;NaN;NaN
TEM2008775_101;MFD_SETNO101;44.27075;-63.31605;321137;21;21-mar-08;05:48:00;31.3661;-0.2019;7.68736;7.68736;1;-0.2019;1;31.3661;1;0;NaN;NaN
TEM2008775_101;MFD_SETNO101;44.27075;-63.31605;321136;30;21-mar-08;05:48:00;31.3674;-0.1967;7.68497;7.68497;1;-0.1967;1;31.3674;1;0;NaN;NaN
TEM2008775_101;MFD_SETNO101;44.27075;-63.31605;321135;42;21-mar-08;05:48:00;31.4005;-0.1021;7.69558;7.69558;1;-0.1021;1;31.4005;1;0;NaN;NaN
TEM2008775_101;MFD_SETNO101;44.27075;-63.31605;321134;51;21-mar-08;05:48:00;31.4115;-0.0648;7.68798;7.68798;1;-0.0648;1;31.4115;1;0;NaN;NaN
TEM2008775_101;MFD_SETNO101;44.27075;-63.31605;321133;77;21-mar-08;05:48:00;31.6689;0.4941;7.60196;7.60196;1;0.4941;1;31.6689;1;0;NaN;NaN
TEM2008775_101;MFD_SETNO101;44.27075;-63.31605;321132;101;21-mar-08;05:48:00;31.889;1.0809;7.37084;7.37084;1;1.0809;1;31.889;1;0;NaN;NaN
TEM2008775_101;MFD_SETNO101;44.27075;-63.31605;321131;138;21-mar-08;05:48:00;33.0086;3.8173;5.59068;5.59068;1;3.8173;1;33.0086;1;0;NaN;NaN
