CTD;CTD;CTD;CTD;CTD;CTD;CTD;CTD;CTD;CTD;CTD;labo;labo;terrain;labo;labo;labo;labo;calc;calc
Fichier;Station;Latitude;Longitude;Echantillon;zbouteille;Date;Heure;PSAL;TEMP_XX;DOXY;OXY_XX;Q_OXY;TEMP_RT;Q_TEMP_RT;SSAL_BS;Q_SSAL;QCFF;N_P;N_Si
(nom);(nom/no);(degres);(degres);(no_unique);(dbar);(jj-mmm-yyyy);(GMT);(psu);(celsius);(ml/l);(ml/l);((none));(celsius);((none));(g/kg);((none));((none));((none));((none))
TEL2005605_0;MFD_SETNO0;44.2705;63.3185;273910;1;01-jul-05;01:14:17;31.02;12.029;5.0289;5.0289;1;12.029;1;31.02;1;0;NaN;NaN
TEL2005605_0;MFD_SETNO0;44.2705;63.3185;273909;5;01-jul-05;01:14:17;30.838;12.041;4.9722;4.9722;1;12.041;1;30.838;1;0;NaN;NaN
TEL2005605_0;MFD_SETNO0;44.2705;63.3185;273908;10;01-jul-05;01:14:17;30.96;11.559;5.0223;5.0223;1;11.559;1;30.96;1;0;NaN;NaN
TEL2005605_0;MFD_SETNO0;44.2705;63.3185;273907;20;01-jul-05;01:14:17;31.899;7.559;5.6124;5.6124;1;7.559;1;31.899;1;0;NaN;NaN
TEL2005605_0;MFD_SETNO0;44.2705;63.3185;273906;30;01-jul-05;01:14:17;31.982;4.914;5.8031;5.8031;1;4.914;1;31.982;1;0;NaN;NaN
TEL2005605_0;MFD_SETNO0;44.2705;63.3185;273905;40;01-jul-05;01:14:17;32.208;4.575;5.6371;5.6371;1;4.575;1;32.208;1;0;NaN;NaN
TEL2005605_0;MFD_SETNO0;44.2705;63.3185;273904;50;01-jul-05;01:14:17;32.103;2.802;5.3805;5.3805;1;2.802;1;32.103;1;0;NaN;NaN
TEL2005605_0;MFD_SETNO0;44.2705;63.3185;273903;75;01-jul-05;01:14:17;32.468;2.434;4.8812;4.8812;1;2.434;1;32.468;1;0;NaN;NaN
TEL2005605_0;MFD_SETNO0;44.2705;63.3185;273902;102;01-jul-05;01:14:17;32.805;3.417;4.6585;4.6585;1;3.417;1;32.805;1;0;NaN;NaN
TEL2005605_0;MFD_SETNO0;44.2705;63.3185;273901;140;01-jul-05;01:14:17;33.673;5.913;3.7321;3.7321;1;5.913;1;33.673;1;0;NaN;NaN
TEL2005605_1;MFD_SETNO1;43.723833;62.944167;273914;5;01-jul-05;06:37:48;31.39;11.993;4.4372;4.4372;1;11.993;1;31.39;1;0;NaN;NaN
TEL2005605_1;MFD_SETNO1;43.723833;62.944167;273913;25;01-jul-05;06:37:48;32.353;5.624;5.6919;5.6919;1;5.624;1;32.353;1;0;NaN;NaN
TEL2005605_1;MFD_SETNO1;43.723833;62.944167;273912;50;01-jul-05;06:37:48;32.814;4.338;5.0103;5.0103;1;4.338;1;32.814;1;0;NaN;NaN
TEL2005605_1;MFD_SETNO1;43.723833;62.944167;273911;251;01-jul-05;06:37:48;34.974;9.533;2.8795;2.8795;1;9.533;1;34.974;1;0;NaN;NaN
TEL2005605_2;MFD_SETNO2;43.618167;63.4095;273918;5;01-jul-05;10:47:56;30.956;11.968;4.9469;4.9469;1;11.968;1;30.956;1;0;NaN;NaN
TEL2005605_2;MFD_SETNO2;43.618167;63.4095;273917;25;01-jul-05;10:47:56;32.294;7.126;5.5635;5.5635;1;7.126;1;32.294;1;0;NaN;NaN
TEL2005605_2;MFD_SETNO2;43.618167;63.4095;273916;50;01-jul-05;10:47:56;32.545;4.38;5.2439;5.2439;1;4.38;1;32.545;1;0;NaN;NaN
TEL2005605_2;MFD_SETNO2;43.618167;63.4095;273915;118;01-jul-05;10:47:56;34.022;7.011;3.5559;3.5559;1;7.011;1;34.022;1;0;NaN;NaN
TEL2005605_3;MFD_SETNO3;43.184167;63.600833;273922;5;01-jul-05;14:47:33;30.824;12.088;4.6665;4.6665;1;12.088;1;30.824;1;0;NaN;NaN
TEL2005605_3;MFD_SETNO3;43.184167;63.600833;273921;25;01-jul-05;14:47:33;32.3;6.784;5.5665;5.5665;1;6.784;1;32.3;1;0;NaN;NaN
TEL2005605_3;MFD_SETNO3;43.184167;63.600833;273920;50;01-jul-05;14:47:33;32.516;4.951;5.2692;5.2692;1;4.951;1;32.516;1;0;NaN;NaN
TEL2005605_3;MFD_SETNO3;43.184167;63.600833;273919;149;01-jul-05;14:47:33;34.486;8.143;2.525;2.525;1;8.143;1;34.486;1;0;NaN;NaN
TEL2005605_4;MFD_SETNO4;43.149;63.4155;273926;5;01-jul-05;16:44:29;31.005;11.922;4.5969;4.5969;1;11.922;1;31.005;1;0;NaN;NaN
TEL2005605_4;MFD_SETNO4;43.149;63.4155;273925;25;01-jul-05;16:44:29;32.033;5.833;5.6124;5.6124;1;5.833;1;32.033;1;0;NaN;NaN
TEL2005605_4;MFD_SETNO4;43.149;63.4155;273924;50;01-jul-05;16:44:29;32.719;3.069;4.908;4.908;1;3.069;1;32.719;1;0;NaN;NaN
TEL2005605_4;MFD_SETNO4;43.149;63.4155;273923;150;01-jul-05;16:44:29;35.22;10.551;3.1921;3.1921;1;10.551;1;35.22;1;0;NaN;NaN
TEL2005605_5;MFD_SETNO5;42.889333;63.571167;273930;5;01-jul-05;19:28:21;31.585;13.007;4.766;4.766;1;13.007;1;31.585;1;0;NaN;NaN
TEL2005605_5;MFD_SETNO5;42.889333;63.571167;273929;25;01-jul-05;19:28:21;32.314;6.181;5.7998;5.7998;1;6.181;1;32.314;1;0;NaN;NaN
TEL2005605_5;MFD_SETNO5;42.889333;63.571167;273928;50;01-jul-05;19:28:21;32.788;5.763;5.048;5.048;1;5.763;1;32.788;1;0;NaN;NaN
TEL2005605_5;MFD_SETNO5;42.889333;63.571167;273927;167;01-jul-05;19:28:21;35.241;10.25;2.9534;2.9534;1;10.25;1;35.241;1;0;NaN;NaN
TEL2005605_6;MFD_SETNO6;42.7865;63.591333;273934;5;01-jul-05;21:43:13;32.152;11.771;4.7934;4.7934;1;11.771;1;32.152;1;0;NaN;NaN
TEL2005605_6;MFD_SETNO6;42.7865;63.591333;273933;25;01-jul-05;21:43:13;32.489;10.662;5.2716;5.2716;1;10.662;1;32.489;1;0;NaN;NaN
TEL2005605_6;MFD_SETNO6;42.7865;63.591333;273932;50;01-jul-05;21:43:13;33.025;5.136;4.8353;4.8353;1;5.136;1;33.025;1;0;NaN;NaN
TEL2005605_6;MFD_SETNO6;42.7865;63.591333;273931;360;01-jul-05;21:43:13;35.016;7.117;3.0224;3.0224;1;7.117;1;35.016;1;0;NaN;NaN
TEL2005605_7;MFD_SETNO7;42.828333;63.755667;273938;5;01-jul-05;23:46:29;31.686;12.974;4.8279;4.8279;1;12.974;1;31.686;1;0;NaN;NaN
TEL2005605_7;MFD_SETNO7;42.828333;63.755667;273937;25;01-jul-05;23:46:29;32.413;6.11;5.7388;5.7388;1;6.11;1;32.413;1;0;NaN;NaN
TEL2005605_7;MFD_SETNO7;42.828333;63.755667;273936;50;01-jul-05;23:46:29;32.709;5.509;5.0796;5.0796;1;5.509;1;32.709;1;0;NaN;NaN
TEL2005605_7;MFD_SETNO7;42.828333;63.755667;273935;184;01-jul-05;23:46:29;35.229;10.126;2.8504;2.8504;1;10.126;1;35.229;1;0;NaN;NaN
TEL2005605_8;MFD_SETNO8;42.753667;63.936833;273942;5;02-jul-05;02:03:59;31.719;13.193;4.8267;4.8267;1;13.193;1;31.719;1;0;NaN;NaN
TEL2005605_8;MFD_SETNO8;42.753667;63.936833;273941;25;02-jul-05;02:03:59;33.592;11.486;5.0368;5.0368;1;11.486;1;33.592;1;0;NaN;NaN
TEL2005605_8;MFD_SETNO8;42.753667;63.936833;273940;50;02-jul-05;02:03:59;33.816;8.061;4.5045;4.5045;1;8.061;1;33.816;1;0;NaN;NaN
TEL2005605_8;MFD_SETNO8;42.753667;63.936833;273939;372;02-jul-05;02:03:59;34.972;6.037;3.4456;3.4456;1;6.037;1;34.972;1;0;NaN;NaN
TEL2005605_9;MFD_SETNO9;42.955167;64.082;273946;5;02-jul-05;04:34:49;31.09;11.489;4.901;4.901;1;11.489;1;31.09;1;0;NaN;NaN
TEL2005605_9;MFD_SETNO9;42.955167;64.082;273945;25;02-jul-05;04:34:49;31.622;5.587;5.6565;5.6565;1;5.587;1;31.622;1;0;NaN;NaN
TEL2005605_9;MFD_SETNO9;42.955167;64.082;273944;50;02-jul-05;04:34:49;32.041;3.569;5.339;5.339;1;3.569;1;32.041;1;0;NaN;NaN
TEL2005605_9;MFD_SETNO9;42.955167;64.082;273943;98;02-jul-05;04:34:49;32.992;4.258;4.461;4.461;1;4.258;1;32.992;1;0;NaN;NaN
TEL2005605_10;MFD_SETNO10;43.221667;64.129333;273950;5;02-jul-05;07:00:10;30.999;11.128;4.6387;4.6387;1;11.128;1;30.999;1;0;NaN;NaN
TEL2005605_10;MFD_SETNO10;43.221667;64.129333;273949;25;02-jul-05;07:00:10;31.792;4.485;5.5834;5.5834;1;4.485;1;31.792;1;0;NaN;NaN
TEL2005605_10;MFD_SETNO10;43.221667;64.129333;273948;50;02-jul-05;07:00:10;32.03;3.476;5.3445;5.3445;1;3.476;1;32.03;1;0;NaN;NaN
TEL2005605_10;MFD_SETNO10;43.221667;64.129333;273947;87;02-jul-05;07:00:10;32.345;2.6;4.8866;4.8866;1;2.6;1;32.345;1;0;NaN;NaN
TEL2005605_12;MFD_SETNO12;42.913833;64.187167;273954;5;02-jul-05;12:49:42;31.05;11.425;4.9761;4.9761;1;11.425;1;31.05;1;0;NaN;NaN
TEL2005605_12;MFD_SETNO12;42.913833;64.187167;273953;25;02-jul-05;12:49:42;31.796;4.418;5.6278;5.6278;1;4.418;1;31.796;1;0;NaN;NaN
TEL2005605_12;MFD_SETNO12;42.913833;64.187167;273952;50;02-jul-05;12:49:42;32.252;3.85;5.1796;5.1796;1;3.85;1;32.252;1;0;NaN;NaN
TEL2005605_12;MFD_SETNO12;42.913833;64.187167;273951;105;02-jul-05;12:49:42;33.615;6.225;4.139;4.139;1;6.225;1;33.615;1;0;NaN;NaN
TEL2005605_13;MFD_SETNO13;42.727167;64.396667;273958;5;02-jul-05;14:59:33;30.989;12.53;4.7349;4.7349;1;12.53;1;30.989;1;0;NaN;NaN
TEL2005605_13;MFD_SETNO13;42.727167;64.396667;273957;25;02-jul-05;14:59:33;31.66;5.868;5.6321;5.6321;1;5.868;1;31.66;1;0;NaN;NaN
TEL2005605_13;MFD_SETNO13;42.727167;64.396667;273956;50;02-jul-05;14:59:33;32.165;4.247;5.2539;5.2539;1;4.247;1;32.165;1;0;NaN;NaN
TEL2005605_13;MFD_SETNO13;42.727167;64.396667;273955;117;02-jul-05;14:59:33;33.81;6.676;3.9683;3.9683;1;6.676;1;33.81;1;0;NaN;NaN
TEL2005605_14;MFD_SETNO14;42.577167;64.448;273962;5;02-jul-05;17:35:56;31.38;11.467;4.5734;4.5734;1;11.467;1;31.38;1;0;NaN;NaN
TEL2005605_14;MFD_SETNO14;42.577167;64.448;273961;25;02-jul-05;17:35:56;31.963;5.642;5.6558;5.6558;1;5.642;1;31.963;1;0;NaN;NaN
TEL2005605_14;MFD_SETNO14;42.577167;64.448;273960;50;02-jul-05;17:35:56;32.458;3.794;5.0614;5.0614;1;3.794;1;32.458;1;0;NaN;NaN
TEL2005605_14;MFD_SETNO14;42.577167;64.448;273959;383;02-jul-05;17:35:56;34.943;6.731;3.1812;3.1812;1;6.731;1;34.943;1;0;NaN;NaN
TEL2005605_15;MFD_SETNO15;42.514333;64.779667;273966;5;02-jul-05;20:13:08;31.176;11.012;4.8385;4.8385;1;11.012;1;31.176;1;0;NaN;NaN
TEL2005605_15;MFD_SETNO15;42.514333;64.779667;273965;25;02-jul-05;20:13:08;31.7;5.08;5.6262;5.6262;1;5.08;1;31.7;1;0;NaN;NaN
TEL2005605_15;MFD_SETNO15;42.514333;64.779667;273964;50;02-jul-05;20:13:08;32.365;4.716;5.2576;5.2576;1;4.716;1;32.365;1;0;NaN;NaN
TEL2005605_15;MFD_SETNO15;42.514333;64.779667;273963;130;02-jul-05;20:13:08;34.524;8.356;3.4183;3.4183;1;8.356;1;34.524;1;0;NaN;NaN
TEL2005605_16;MFD_SETNO16;42.5165;65.458333;273970;5;02-jul-05;23:53:01;32.098;11.49;5.044;5.044;1;11.49;1;32.098;1;0;NaN;NaN
TEL2005605_16;MFD_SETNO16;42.5165;65.458333;273969;25;02-jul-05;23:53:01;32.772;7.818;5.003;5.003;1;7.818;1;32.772;1;0;NaN;NaN
TEL2005605_16;MFD_SETNO16;42.5165;65.458333;273968;50;02-jul-05;23:53:01;33.902;8.622;4.2446;4.2446;1;8.622;1;33.902;1;0;NaN;NaN
TEL2005605_16;MFD_SETNO16;42.5165;65.458333;273967;99;02-jul-05;23:53:01;34.212;9.23;3.9647;3.9647;1;9.23;1;34.212;1;0;NaN;NaN
TEL2005605_17;MFD_SETNO17;42.227667;65.453333;273974;5;03-jul-05;03:40:05;31.821;11.035;5.148;5.148;1;11.035;1;31.821;1;0;NaN;NaN
TEL2005605_17;MFD_SETNO17;42.227667;65.453333;273973;25;03-jul-05;03:40:05;32.316;9.212;5.2598;5.2598;1;9.212;1;32.316;1;0;NaN;NaN
TEL2005605_17;MFD_SETNO17;42.227667;65.453333;273972;50;03-jul-05;03:40:05;33.133;7.776;4.6815;4.6815;1;7.776;1;33.133;1;0;NaN;NaN
TEL2005605_17;MFD_SETNO17;42.227667;65.453333;273971;116;03-jul-05;03:40:05;34.212;9.359;3.9639;3.9639;1;9.359;1;34.212;1;0;NaN;NaN
TEL2005605_18;MFD_SETNO18;42.285333;65.876333;273978;5;03-jul-05;06:39:54;31.983;11.927;4.9857;4.9857;1;11.927;1;31.983;1;0;NaN;NaN
TEL2005605_18;MFD_SETNO18;42.285333;65.876333;273977;25;03-jul-05;06:39:54;32.099;7.947;5.34;5.34;1;7.947;1;32.099;1;0;NaN;NaN
TEL2005605_18;MFD_SETNO18;42.285333;65.876333;273976;50;03-jul-05;06:39:54;32.424;5.783;4.9756;4.9756;1;5.783;1;32.424;1;0;NaN;NaN
TEL2005605_18;MFD_SETNO18;42.285333;65.876333;273975;223;03-jul-05;06:39:54;35.09;7.862;3.0692;3.0692;1;7.862;1;35.09;1;0;NaN;NaN
TEL2005605_19;MFD_SETNO19;42.536667;65.718167;273982;5;03-jul-05;09:23:37;31.699;8.897;5.4018;5.4018;1;8.897;1;31.699;1;0;NaN;NaN
TEL2005605_19;MFD_SETNO19;42.536667;65.718167;273981;25;03-jul-05;09:23:37;32.538;7.733;5.3366;5.3366;1;7.733;1;32.538;1;0;NaN;NaN
TEL2005605_19;MFD_SETNO19;42.536667;65.718167;273980;50;03-jul-05;09:23:37;34.047;8.771;4.0879;4.0879;1;8.771;1;34.047;1;0;NaN;NaN
TEL2005605_19;MFD_SETNO19;42.536667;65.718167;273979;88;03-jul-05;09:23:37;34.33;9.487;3.8616;3.8616;1;9.487;1;34.33;1;0;NaN;NaN
TEL2005605_20;MFD_SETNO20;42.612667;65.8895;273986;5;03-jul-05;12:50:42;31.708;7.622;5.4838;5.4838;1;7.622;1;31.708;1;0;NaN;NaN
TEL2005605_20;MFD_SETNO20;42.612667;65.8895;273985;25;03-jul-05;12:50:42;31.846;5.871;5.377;5.377;1;5.871;1;31.846;1;0;NaN;NaN
TEL2005605_20;MFD_SETNO20;42.612667;65.8895;273984;50;03-jul-05;12:50:42;32.115;4.61;5.1959;5.1959;1;4.61;1;32.115;1;0;NaN;NaN
TEL2005605_20;MFD_SETNO20;42.612667;65.8895;273983;85;03-jul-05;12:50:42;33.998;8.587;4.0473;4.0473;1;8.587;1;33.998;1;0;NaN;NaN
TEL2005605_21;MFD_SETNO21;43.19;64.851833;273990;5;03-jul-05;19:34:37;30.748;11.428;4.7512;4.7512;1;11.428;1;30.748;1;0;NaN;NaN
TEL2005605_21;MFD_SETNO21;43.19;64.851833;273989;25;03-jul-05;19:34:37;31.112;6.89;5.6247;5.6247;1;6.89;1;31.112;1;0;NaN;NaN
TEL2005605_21;MFD_SETNO21;43.19;64.851833;273988;50;03-jul-05;19:34:37;32.13;4.402;5.3422;5.3422;1;4.402;1;32.13;1;0;NaN;NaN
TEL2005605_21;MFD_SETNO21;43.19;64.851833;273987;125;03-jul-05;19:34:37;32.714;4.036;4.6609;4.6609;1;4.036;1;32.714;1;0;NaN;NaN
TEL2005605_22;MFD_SETNO22;42.860667;65.7185;273994;5;04-jul-05;01:24:02;31.493;10.508;5.1572;5.1572;1;10.508;1;31.493;1;0;NaN;NaN
TEL2005605_22;MFD_SETNO22;42.860667;65.7185;273993;25;04-jul-05;01:24:02;31.796;6.839;5.5237;5.5237;1;6.839;1;31.796;1;0;NaN;NaN
TEL2005605_22;MFD_SETNO22;42.860667;65.7185;273992;50;04-jul-05;01:24:02;32.542;4.433;5.0105;5.0105;1;4.433;1;32.542;1;0;NaN;NaN
TEL2005605_22;MFD_SETNO22;42.860667;65.7185;273991;101;04-jul-05;01:24:02;33.069;5.222;4.4789;4.4789;1;5.222;1;33.069;1;0;NaN;NaN
TEL2005605_23;MFD_SETNO23;42.804667;65.8895;273998;5;04-jul-05;03:11:02;31.667;8.427;5.4242;5.4242;1;8.427;1;31.667;1;0;NaN;NaN
TEL2005605_23;MFD_SETNO23;42.804667;65.8895;273997;25;04-jul-05;03:11:02;31.793;6.074;5.4073;5.4073;1;6.074;1;31.793;1;0;NaN;NaN
TEL2005605_23;MFD_SETNO23;42.804667;65.8895;273996;50;04-jul-05;03:11:02;32.237;5.497;5.0611;5.0611;1;5.497;1;32.237;1;0;NaN;NaN
TEL2005605_23;MFD_SETNO23;42.804667;65.8895;273995;88;04-jul-05;03:11:02;32.573;5.786;4.8302;4.8302;1;5.786;1;32.573;1;0;NaN;NaN
TEL2005605_24;MFD_SETNO24;42.772833;65.999833;274204;5;04-jul-05;05:12:36;32.092;8.488;5.2384;5.2384;1;8.488;1;32.092;1;0;NaN;NaN
TEL2005605_24;MFD_SETNO24;42.772833;65.999833;274203;25;04-jul-05;05:12:36;31.983;7.599;5.4115;5.4115;1;7.599;1;31.983;1;0;NaN;NaN
TEL2005605_24;MFD_SETNO24;42.772833;65.999833;274202;50;04-jul-05;05:12:36;32.514;6.552;4.9141;4.9141;1;6.552;1;32.514;1;0;NaN;NaN
TEL2005605_24;MFD_SETNO24;42.772833;65.999833;274201;76;04-jul-05;05:12:36;32.515;6.557;4.9027;4.9027;1;6.557;1;32.515;1;0;NaN;NaN
TEL2005605_25;MFD_SETNO25;42.683;66.480167;274208;5;04-jul-05;08:47:44;31.565;8.046;5.4623;5.4623;1;8.046;1;31.565;1;0;NaN;NaN
TEL2005605_25;MFD_SETNO25;42.683;66.480167;274207;25;04-jul-05;08:47:44;32.077;4.68;5.2286;5.2286;1;4.68;1;32.077;1;0;NaN;NaN
TEL2005605_25;MFD_SETNO25;42.683;66.480167;274206;50;04-jul-05;08:47:44;33.523;7.395;4.3781;4.3781;1;7.395;1;33.523;1;0;NaN;NaN
TEL2005605_25;MFD_SETNO25;42.683;66.480167;274205;151;04-jul-05;08:47:44;34.762;10.346;3.6062;3.6062;1;10.346;1;34.762;1;0;NaN;NaN
TEL2005605_26;MFD_SETNO26;42.959333;66.722167;274212;5;04-jul-05;11:42:28;31.825;8.665;5.3567;5.3567;1;8.665;1;31.825;1;0;NaN;NaN
TEL2005605_26;MFD_SETNO26;42.959333;66.722167;274211;25;04-jul-05;11:42:28;32.095;6.838;5.2148;5.2148;1;6.838;1;32.095;1;0;NaN;NaN
TEL2005605_26;MFD_SETNO26;42.959333;66.722167;274210;50;04-jul-05;11:42:28;33.182;6.965;4.6165;4.6165;1;6.965;1;33.182;1;0;NaN;NaN
TEL2005605_26;MFD_SETNO26;42.959333;66.722167;274209;201;04-jul-05;11:42:28;34.628;9.423;3.563;3.563;1;9.423;1;34.628;1;0;NaN;NaN
TEL2005605_27;MFD_SETNO27;42.818;66.694667;274216;5;04-jul-05;14:34:20;31.901;10.376;5.2172;5.2172;1;10.376;1;31.901;1;0;NaN;NaN
TEL2005605_27;MFD_SETNO27;42.818;66.694667;274215;25;04-jul-05;14:34:20;31.935;7.785;5.382;5.382;1;7.785;1;31.935;1;0;NaN;NaN
TEL2005605_27;MFD_SETNO27;42.818;66.694667;274214;50;04-jul-05;14:34:20;32.893;6.104;4.7376;4.7376;1;6.104;1;32.893;1;0;NaN;NaN
TEL2005605_27;MFD_SETNO27;42.818;66.694667;274213;182;04-jul-05;14:34:20;34.748;9.987;3.5753;3.5753;1;9.987;1;34.748;1;0;NaN;NaN
TEL2005605_28;MFD_SETNO28;42.343667;66.852;274220;5;04-jul-05;18:59:18;31.993;12.923;4.6237;4.6237;1;12.923;1;31.993;1;0;NaN;NaN
TEL2005605_28;MFD_SETNO28;42.343667;66.852;274219;25;04-jul-05;18:59:18;32.068;7.838;5.3467;5.3467;1;7.838;1;32.068;1;0;NaN;NaN
TEL2005605_28;MFD_SETNO28;42.343667;66.852;274218;50;04-jul-05;18:59:18;32.57;6.168;4.9071;4.9071;1;6.168;1;32.57;1;0;NaN;NaN
TEL2005605_28;MFD_SETNO28;42.343667;66.852;274217;319;04-jul-05;18:59:18;34.993;7.762;3.274;3.274;1;7.762;1;34.993;1;0;NaN;NaN
TEL2005605_29;MFD_SETNO29;42.566167;67.066667;274224;5;04-jul-05;22:22:37;32.212;11.772;5.1067;5.1067;1;11.772;1;32.212;1;0;NaN;NaN
TEL2005605_29;MFD_SETNO29;42.566167;67.066667;274223;25;04-jul-05;22:22:37;32.472;9.105;5.5596;5.5596;1;9.105;1;32.472;1;0;NaN;NaN
TEL2005605_29;MFD_SETNO29;42.566167;67.066667;274222;50;04-jul-05;22:22:37;32.714;8.35;5.3459;5.3459;1;8.35;1;32.714;1;0;NaN;NaN
TEL2005605_29;MFD_SETNO29;42.566167;67.066667;274221;308;04-jul-05;22:22:37;34.975;7.52;3.2477;3.2477;1;7.52;1;34.975;1;0;NaN;NaN
TEL2005605_30;MFD_SETNO30;42.643;67.189333;274228;5;05-jul-05;00:16:59;32.23;12.506;5.0268;5.0268;1;12.506;1;32.23;1;0;NaN;NaN
TEL2005605_30;MFD_SETNO30;42.643;67.189333;274227;25;05-jul-05;00:16:59;32.577;6.966;5.0823;5.0823;1;6.966;1;32.577;1;0;NaN;NaN
TEL2005605_30;MFD_SETNO30;42.643;67.189333;274226;50;05-jul-05;00:16:59;33.306;6.349;4.4971;4.4971;1;6.349;1;33.306;1;0;NaN;NaN
TEL2005605_30;MFD_SETNO30;42.643;67.189333;274225;267;05-jul-05;00:16:59;34.973;7.601;3.2751;3.2751;1;7.601;1;34.973;1;0;NaN;NaN
TEL2005605_31;MFD_SETNO31;42.574833;67.270333;274232;5;05-jul-05;02:24:52;32.045;11.954;5.2298;5.2298;1;11.954;1;32.045;1;0;NaN;NaN
TEL2005605_31;MFD_SETNO31;42.574833;67.270333;274231;25;05-jul-05;02:24:52;32.272;8.638;5.4532;5.4532;1;8.638;1;32.272;1;0;NaN;NaN
TEL2005605_31;MFD_SETNO31;42.574833;67.270333;274230;50;05-jul-05;02:24:52;33.258;6.743;4.5228;4.5228;1;6.743;1;33.258;1;0;NaN;NaN
TEL2005605_31;MFD_SETNO31;42.574833;67.270333;274229;287;05-jul-05;02:24:52;34.981;7.648;3.3663;3.3663;1;7.648;1;34.981;1;0;NaN;NaN
TEL2005605_32;MFD_SETNO32;43.234167;67.485833;274236;5;05-jul-05;07:46:52;31.523;12.971;5.1736;5.1736;1;12.971;1;31.523;1;0;NaN;NaN
TEL2005605_32;MFD_SETNO32;43.234167;67.485833;274235;25;05-jul-05;07:46:52;31.56;7.113;5.7146;5.7146;1;7.113;1;31.56;1;0;NaN;NaN
TEL2005605_32;MFD_SETNO32;43.234167;67.485833;274234;50;05-jul-05;07:46:52;31.957;5.594;5.1346;5.1346;1;5.594;1;31.957;1;0;NaN;NaN
TEL2005605_32;MFD_SETNO32;43.234167;67.485833;274233;197;05-jul-05;07:46:52;34.191;7.411;3.7184;3.7184;1;7.411;1;34.191;1;0;NaN;NaN
TEL2005605_33;MFD_SETNO33;43.463667;67.2085;274240;5;05-jul-05;11:04:13;32.178;10.348;5.3577;5.3577;1;10.348;1;32.178;1;0;NaN;NaN
TEL2005605_33;MFD_SETNO33;43.463667;67.2085;274239;25;05-jul-05;11:04:13;32.327;8.657;5.3942;5.3942;1;8.657;1;32.327;1;0;NaN;NaN
TEL2005605_33;MFD_SETNO33;43.463667;67.2085;274238;50;05-jul-05;11:04:13;32.848;7.152;4.8604;4.8604;1;7.152;1;32.848;1;0;NaN;NaN
TEL2005605_33;MFD_SETNO33;43.463667;67.2085;274237;214;05-jul-05;11:04:13;34.576;8.698;3.5421;3.5421;1;8.698;1;34.576;1;0;NaN;NaN
TEL2005605_34;MFD_SETNO34;43.728333;66.896167;274244;11;05-jul-05;14:43:52;31.684;10.026;5.3736;5.3736;1;10.026;1;31.684;1;0;NaN;NaN
TEL2005605_34;MFD_SETNO34;43.728333;66.896167;274243;25;05-jul-05;14:43:52;32.201;7.378;5.2189;5.2189;1;7.378;1;32.201;1;0;NaN;NaN
TEL2005605_34;MFD_SETNO34;43.728333;66.896167;274242;50;05-jul-05;14:43:52;32.501;6.431;4.9048;4.9048;1;6.431;1;32.501;1;0;NaN;NaN
TEL2005605_34;MFD_SETNO34;43.728333;66.896167;274241;158;05-jul-05;14:43:52;33.704;6.915;4.0417;4.0417;1;6.915;1;33.704;1;0;NaN;NaN
TEL2005605_36;MFD_SETNO36;43.745167;67.0155;274248;5;05-jul-05;17:49:09;32.249;10.617;4.7213;4.7213;1;10.617;1;32.249;1;0;NaN;NaN
TEL2005605_36;MFD_SETNO36;43.745167;67.0155;274247;25;05-jul-05;17:49:09;31.903;8.022;5.4378;5.4378;1;8.022;1;31.903;1;0;NaN;NaN
TEL2005605_36;MFD_SETNO36;43.745167;67.0155;274246;50;05-jul-05;17:49:09;32.789;5.654;4.6171;4.6171;1;5.654;1;32.789;1;0;NaN;NaN
TEL2005605_36;MFD_SETNO36;43.745167;67.0155;274245;153;05-jul-05;17:49:09;33.795;7.034;3.9853;3.9853;1;7.034;1;33.795;1;0;NaN;NaN
TEL2005605_37;MFD_SETNO37;43.685167;67.327333;274252;5;05-jul-05;21:29:38;32.11;10.343;5.4905;5.4905;1;10.343;1;32.11;1;0;NaN;NaN
TEL2005605_37;MFD_SETNO37;43.685167;67.327333;274251;25;05-jul-05;21:29:38;32.156;6.678;5.1306;5.1306;1;6.678;1;32.156;1;0;NaN;NaN
TEL2005605_37;MFD_SETNO37;43.685167;67.327333;274250;50;05-jul-05;21:29:38;32.706;6.438;4.73;4.73;1;6.438;1;32.706;1;0;NaN;NaN
TEL2005605_37;MFD_SETNO37;43.685167;67.327333;274249;207;05-jul-05;21:29:38;34.446;8.442;3.6333;3.6333;1;8.442;1;34.446;1;0;NaN;NaN
TEL2005605_38;MFD_SETNO38;44.049333;67.191833;274256;5;06-jul-05;00:42:59;31.809;10.795;5.267;5.267;1;10.795;1;31.809;1;0;NaN;NaN
TEL2005605_38;MFD_SETNO38;44.049333;67.191833;274255;25;06-jul-05;00:42:59;31.967;7.902;5.3711;5.3711;1;7.902;1;31.967;1;0;NaN;NaN
TEL2005605_38;MFD_SETNO38;44.049333;67.191833;274254;50;06-jul-05;00:42:59;32.327;6.72;4.9647;4.9647;1;6.72;1;32.327;1;0;NaN;NaN
TEL2005605_38;MFD_SETNO38;44.049333;67.191833;274253;154;06-jul-05;00:42:59;33.913;7.009;3.8191;3.8191;1;7.009;1;33.913;1;0;NaN;NaN
TEL2005605_39;MFD_SETNO39;44.287833;66.733;274260;5;06-jul-05;03:53:05;31.637;8.338;5.1588;5.1588;1;8.338;1;31.637;1;0;NaN;NaN
TEL2005605_39;MFD_SETNO39;44.287833;66.733;274259;25;06-jul-05;03:53:05;31.705;7.302;5.229;5.229;1;7.302;1;31.705;1;0;NaN;NaN
TEL2005605_39;MFD_SETNO39;44.287833;66.733;274258;50;06-jul-05;03:53:05;31.806;6.769;5.1059;5.1059;1;6.769;1;31.806;1;0;NaN;NaN
TEL2005605_39;MFD_SETNO39;44.287833;66.733;274257;183;06-jul-05;03:53:05;33.694;6.788;3.9865;3.9865;1;6.788;1;33.694;1;0;NaN;NaN
TEL2005605_40;MFD_SETNO40;44.689667;65.8635;274264;5;06-jul-05;09:59:45;31.511;7.764;4.9604;4.9604;1;7.764;1;31.511;1;0;NaN;NaN
TEL2005605_40;MFD_SETNO40;44.689667;65.8635;274263;25;06-jul-05;09:59:45;31.518;7.579;5.1142;5.1142;1;7.579;1;31.518;1;0;NaN;NaN
TEL2005605_40;MFD_SETNO40;44.689667;65.8635;274262;50;06-jul-05;09:59:45;31.526;7.549;5.1119;5.1119;1;7.549;1;31.526;1;0;NaN;NaN
TEL2005605_40;MFD_SETNO40;44.689667;65.8635;274261;74;06-jul-05;09:59:45;31.53;7.533;5.1066;5.1066;1;7.533;1;31.53;1;0;NaN;NaN
TEL2005605_41;MFD_SETNO41;44.9305;65.869;274268;5;06-jul-05;13:48:44;31.702;9.048;4.8823;4.8823;1;9.048;1;31.702;1;0;NaN;NaN
TEL2005605_41;MFD_SETNO41;44.9305;65.869;274267;25;06-jul-05;13:48:44;32.11;6.772;4.3163;4.3163;1;6.772;1;32.11;1;0;NaN;NaN
TEL2005605_41;MFD_SETNO41;44.9305;65.869;274266;50;06-jul-05;13:48:44;31.627;6.514;5.033;5.033;1;6.514;1;31.627;1;0;NaN;NaN
TEL2005605_41;MFD_SETNO41;44.9305;65.869;274265;92;06-jul-05;13:48:44;31.647;6.435;5.0403;5.0403;1;6.435;1;31.647;1;0;NaN;NaN
TEL2005605_43;MFD_SETNO43;45.182167;65.514333;274272;5;06-jul-05;18:04:08;31.5;8;5.046;5.046;1;8;1;31.5;1;0;NaN;NaN
TEL2005605_43;MFD_SETNO43;45.182167;65.514333;274271;25;06-jul-05;18:04:08;31.4;7.873;3.8309;3.8309;1;7.873;1;31.4;1;0;NaN;NaN
TEL2005605_43;MFD_SETNO43;45.182167;65.514333;274270;50;06-jul-05;18:04:08;31.352;7.832;5.224;5.224;1;7.832;1;31.352;1;0;NaN;NaN
TEL2005605_43;MFD_SETNO43;45.182167;65.514333;274269;69;06-jul-05;18:04:08;31.351;7.831;5.256;5.256;1;7.831;1;31.351;1;0;NaN;NaN
TEL2005605_44;MFD_SETNO44;45.152667;65.768667;274276;5;06-jul-05;20:24:11;31.156;8.664;4.5298;4.5298;1;8.664;1;31.156;1;0;NaN;NaN
TEL2005605_44;MFD_SETNO44;45.152667;65.768667;274275;25;06-jul-05;20:24:11;31.279;8.395;4.1328;4.1328;1;8.395;1;31.279;1;0;NaN;NaN
TEL2005605_44;MFD_SETNO44;45.152667;65.768667;274274;50;06-jul-05;20:24:11;31.261;8.025;5.2339;5.2339;1;8.025;1;31.261;1;0;NaN;NaN
TEL2005605_44;MFD_SETNO44;45.152667;65.768667;274273;71;06-jul-05;20:24:11;31.263;8.008;5.253;5.253;1;8.008;1;31.263;1;0;NaN;NaN
TEL2005605_45;MFD_SETNO45;45.044167;65.9335;274280;5;06-jul-05;22:08:52;31.465;9.959;4.9331;4.9331;1;9.959;1;31.465;1;0;NaN;NaN
TEL2005605_45;MFD_SETNO45;45.044167;65.9335;274279;25;06-jul-05;22:08:52;32.572;7.19;4.4393;4.4393;1;7.19;1;32.572;1;0;NaN;NaN
TEL2005605_45;MFD_SETNO45;45.044167;65.9335;274278;50;06-jul-05;22:08:52;31.587;6.546;5.1032;5.1032;1;6.546;1;31.587;1;0;NaN;NaN
TEL2005605_45;MFD_SETNO45;45.044167;65.9335;274277;90;06-jul-05;22:08:52;31.588;6.51;5.1017;5.1017;1;6.51;1;31.588;1;0;NaN;NaN
TEL2005605_46;MFD_SETNO46;45.0875;66.131;274284;5;07-jul-05;00:01:40;30.628;8.969;4.6187;4.6187;1;8.969;1;30.628;1;0;NaN;NaN
TEL2005605_46;MFD_SETNO46;45.0875;66.131;274283;25;07-jul-05;00:01:40;31.264;8.064;5.196;5.196;1;8.064;1;31.264;1;0;NaN;NaN
TEL2005605_46;MFD_SETNO46;45.0875;66.131;274282;50;07-jul-05;00:01:40;31.442;7.055;5.1805;5.1805;1;7.055;1;31.442;1;0;NaN;NaN
TEL2005605_46;MFD_SETNO46;45.0875;66.131;274281;79;07-jul-05;00:01:40;31.582;6.464;5.0808;5.0808;1;6.464;1;31.582;1;0;NaN;NaN
TEL2005605_48;MFD_SETNO48;45.024667;66.305333;274288;5;07-jul-05;02:56:04;30.682;9.784;4.891;4.891;1;9.784;1;30.682;1;0;NaN;NaN
TEL2005605_48;MFD_SETNO48;45.024667;66.305333;274287;25;07-jul-05;02:56:04;31.886;6.833;4.5567;4.5567;1;6.833;1;31.886;1;0;NaN;NaN
TEL2005605_48;MFD_SETNO48;45.024667;66.305333;274286;50;07-jul-05;02:56:04;31.565;6.478;5.081;5.081;1;6.478;1;31.565;1;0;NaN;NaN
TEL2005605_48;MFD_SETNO48;45.024667;66.305333;274285;93;07-jul-05;02:56:04;31.937;5.633;4.8939;4.8939;1;5.633;1;31.937;1;0;NaN;NaN
TEL2005605_49;MFD_SETNO49;44.952833;66.048;274292;5;07-jul-05;05:14:18;31.241;10.512;4.5826;4.5826;1;10.512;1;31.241;1;0;NaN;NaN
TEL2005605_49;MFD_SETNO49;44.952833;66.048;274291;25;07-jul-05;05:14:18;31.506;7.661;5.5106;5.5106;1;7.661;1;31.506;1;0;NaN;NaN
TEL2005605_49;MFD_SETNO49;44.952833;66.048;274290;50;07-jul-05;05:14:18;31.914;5.79;4.9453;4.9453;1;5.79;1;31.914;1;0;NaN;NaN
TEL2005605_49;MFD_SETNO49;44.952833;66.048;274289;111;07-jul-05;05:14:18;31.947;5.676;4.9073;4.9073;1;5.676;1;31.947;1;0;NaN;NaN
TEL2005605_50;MFD_SETNO50;44.826833;66.269167;274296;5;07-jul-05;08:01:52;31.377;9.456;4.8983;4.8983;1;9.456;1;31.377;1;0;NaN;NaN
TEL2005605_50;MFD_SETNO50;44.826833;66.269167;274295;25;07-jul-05;08:01:52;31.683;6.454;5.0446;5.0446;1;6.454;1;31.683;1;0;NaN;NaN
TEL2005605_50;MFD_SETNO50;44.826833;66.269167;274294;50;07-jul-05;08:01:52;31.876;5.978;4.9593;4.9593;1;5.978;1;31.876;1;0;NaN;NaN
TEL2005605_50;MFD_SETNO50;44.826833;66.269167;274293;121;07-jul-05;08:01:52;32.194;5.574;4.7846;4.7846;1;5.574;1;32.194;1;0;NaN;NaN
TEL2005605_52;MFD_SETNO52;44.657;66.309;274300;5;07-jul-05;16:08:19;31.677;8.281;4.8622;4.8622;1;8.281;1;31.677;1;0;NaN;NaN
TEL2005605_52;MFD_SETNO52;44.657;66.309;274299;25;07-jul-05;16:08:19;31.886;6.761;4.7585;4.7585;1;6.761;1;31.886;1;0;NaN;NaN
TEL2005605_52;MFD_SETNO52;44.657;66.309;274298;50;07-jul-05;16:08:19;31.799;6.281;4.9922;4.9922;1;6.281;1;31.799;1;0;NaN;NaN
TEL2005605_52;MFD_SETNO52;44.657;66.309;274297;133;07-jul-05;16:08:19;33.012;6.206;4.3749;4.3749;1;6.206;1;33.012;1;0;NaN;NaN
TEL2005605_53;MFD_SETNO53;44.121667;66.4215;274304;5;07-jul-05;21:24:26;32.116;7.606;4.6708;4.6708;1;7.606;1;32.116;1;0;NaN;NaN
TEL2005605_53;MFD_SETNO53;44.121667;66.4215;274303;25;07-jul-05;21:24:26;31.799;7.392;4.0507;4.0507;1;7.392;1;31.799;1;0;NaN;NaN
TEL2005605_53;MFD_SETNO53;44.121667;66.4215;274302;50;07-jul-05;21:24:26;31.869;7.175;4.9199;4.9199;1;7.175;1;31.869;1;0;NaN;NaN
TEL2005605_53;MFD_SETNO53;44.121667;66.4215;274301;79;07-jul-05;21:24:26;31.96;7.029;4.8872;4.8872;1;7.029;1;31.96;1;0;NaN;NaN
TEL2005605_54;MFD_SETNO54;43.882667;66.649333;274308;5;08-jul-05;00:25:47;31.92;7.561;4.8552;4.8552;1;7.561;1;31.92;1;0;NaN;NaN
TEL2005605_54;MFD_SETNO54;43.882667;66.649333;274307;25;08-jul-05;00:25:47;32.151;6.727;4.1177;4.1177;1;6.727;1;32.151;1;0;NaN;NaN
TEL2005605_54;MFD_SETNO54;43.882667;66.649333;274306;50;08-jul-05;00:25:47;32.211;6.438;4.8765;4.8765;1;6.438;1;32.211;1;0;NaN;NaN
TEL2005605_54;MFD_SETNO54;43.882667;66.649333;274305;100;08-jul-05;00:25:47;32.77;6.375;4.5736;4.5736;1;6.375;1;32.77;1;0;NaN;NaN
TEL2005605_55;MFD_SETNO55;43.285333;65.315167;274312;5;09-jul-05;02:10:40;31.23;12.905;4.2365;4.2365;1;12.905;1;31.23;1;0;NaN;NaN
TEL2005605_55;MFD_SETNO55;43.285333;65.315167;274311;25;09-jul-05;02:10:40;31.594;6.338;5.4215;5.4215;1;6.338;1;31.594;1;0;NaN;NaN
TEL2005605_55;MFD_SETNO55;43.285333;65.315167;274310;50;09-jul-05;02:10:40;32.286;5.208;5.2776;5.2776;1;5.208;1;32.286;1;0;NaN;NaN
TEL2005605_55;MFD_SETNO55;43.285333;65.315167;274309;122;09-jul-05;02:10:40;32.943;4.866;4.4736;4.4736;1;4.866;1;32.943;1;0;NaN;NaN
TEL2005605_56;MFD_SETNO56;43.034833;65.405333;274316;5;09-jul-05;05:40:54;31.583;12.003;4.3797;4.3797;1;12.003;1;31.583;1;0;NaN;NaN
TEL2005605_56;MFD_SETNO56;43.034833;65.405333;274315;25;09-jul-05;05:40:54;31.417;11.808;4.9978;4.9978;1;11.808;1;31.417;1;0;NaN;NaN
TEL2005605_56;MFD_SETNO56;43.034833;65.405333;274314;50;09-jul-05;05:40:54;32.139;6.021;5.4413;5.4413;1;6.021;1;32.139;1;0;NaN;NaN
TEL2005605_56;MFD_SETNO56;43.034833;65.405333;274313;118;09-jul-05;05:40:54;33.033;5.13;4.437;4.437;1;5.13;1;33.033;1;0;NaN;NaN
TEL2005605_58;MFD_SETNO58;42.907333;65.484833;274320;5;09-jul-05;10:14:56;31.536;11.943;4.506;4.506;1;11.943;1;31.536;1;0;NaN;NaN
TEL2005605_58;MFD_SETNO58;42.907333;65.484833;274319;25;09-jul-05;10:14:56;32.219;6.578;5.2838;5.2838;1;6.578;1;32.219;1;0;NaN;NaN
TEL2005605_58;MFD_SETNO58;42.907333;65.484833;274318;50;09-jul-05;10:14:56;32.429;4.313;4.9836;4.9836;1;4.313;1;32.429;1;0;NaN;NaN
TEL2005605_58;MFD_SETNO58;42.907333;65.484833;274317;131;09-jul-05;10:14:56;33.033;5.09;4.4028;4.4028;1;5.09;1;33.033;1;0;NaN;NaN
TEL2005605_59;MFD_SETNO59;42.684833;65.645833;274324;5;09-jul-05;12:46:26;31.618;11.706;4.6841;4.6841;1;11.706;1;31.618;1;0;NaN;NaN
TEL2005605_59;MFD_SETNO59;42.684833;65.645833;274323;25;09-jul-05;12:46:26;32.338;7.393;5.157;5.157;1;7.393;1;32.338;1;0;NaN;NaN
TEL2005605_59;MFD_SETNO59;42.684833;65.645833;274322;50;09-jul-05;12:46:26;32.678;4.846;4.7954;4.7954;1;4.846;1;32.678;1;0;NaN;NaN
TEL2005605_59;MFD_SETNO59;42.684833;65.645833;274321;92;09-jul-05;12:46:26;32.812;4.903;4.6202;4.6202;1;4.903;1;32.812;1;0;NaN;NaN
TEL2005605_60;MFD_SETNO60;42.626333;65.916667;274328;5;09-jul-05;14:38:54;32.008;11.871;4.6119;4.6119;1;11.871;1;32.008;1;0;NaN;NaN
TEL2005605_60;MFD_SETNO60;42.626333;65.916667;274327;25;09-jul-05;14:38:54;32.069;8.402;5.1708;5.1708;1;8.402;1;32.069;1;0;NaN;NaN
TEL2005605_60;MFD_SETNO60;42.626333;65.916667;274326;50;09-jul-05;14:38:54;32.403;4.842;4.9716;4.9716;1;4.842;1;32.403;1;0;NaN;NaN
TEL2005605_60;MFD_SETNO60;42.626333;65.916667;274325;82;09-jul-05;14:38:54;32.597;4.767;4.776;4.776;1;4.767;1;32.597;1;0;NaN;NaN
TEL2005605_61;MFD_SETNO61;42.5865;66.048333;274332;5;09-jul-05;17:20:20;31.865;12.188;4.5884;4.5884;1;12.188;1;31.865;1;0;NaN;NaN
TEL2005605_61;MFD_SETNO61;42.5865;66.048333;274331;25;09-jul-05;17:20:20;33.663;5.491;4.7784;4.7784;1;5.491;1;33.663;1;0;NaN;NaN
TEL2005605_61;MFD_SETNO61;42.5865;66.048333;274330;50;09-jul-05;17:20:20;32.61;5.372;4.7569;4.7569;1;5.372;1;32.61;1;0;NaN;NaN
TEL2005605_61;MFD_SETNO61;42.5865;66.048333;274329;81;09-jul-05;17:20:20;33.339;7.103;4.3454;4.3454;1;7.103;1;33.339;1;0;NaN;NaN
TEL2005605_500;MFD_SETNO500;42.501333;65.743;274336;5;09-jul-05;22:10:18;32.084;13.014;4.3959;4.3959;1;13.014;1;32.084;1;0;NaN;NaN
TEL2005605_500;MFD_SETNO500;42.501333;65.743;274335;25;09-jul-05;22:10:18;32.4;8.985;5.4513;5.4513;1;8.985;1;32.4;1;0;NaN;NaN
TEL2005605_500;MFD_SETNO500;42.501333;65.743;274334;50;09-jul-05;22:10:18;33.791;8.465;4.2786;4.2786;1;8.465;1;33.791;1;0;NaN;NaN
TEL2005605_500;MFD_SETNO500;42.501333;65.743;274333;86;09-jul-05;22:10:18;34.336;9.648;3.8113;3.8113;1;9.648;1;34.336;1;0;NaN;NaN
TEL2005605_63;MFD_SETNO63;42.237833;65.819667;274340;5;10-jul-05;01:32:53;31.953;13.526;4.4159;4.4159;1;13.526;1;31.953;1;0;NaN;NaN
TEL2005605_63;MFD_SETNO63;42.237833;65.819667;274339;25;10-jul-05;01:32:53;32.035;9.995;5.2669;5.2669;1;9.995;1;32.035;1;0;NaN;NaN
TEL2005605_63;MFD_SETNO63;42.237833;65.819667;274338;50;10-jul-05;01:32:53;32.212;6.695;5.1322;5.1322;1;6.695;1;32.212;1;0;NaN;NaN
TEL2005605_63;MFD_SETNO63;42.237833;65.819667;274337;224;10-jul-05;01:32:53;35.066;7.476;3.1097;3.1097;1;7.476;1;35.066;1;0;NaN;NaN
TEL2005605_64;MFD_SETNO64;42.247667;65.460333;274344;5;10-jul-05;04:24:11;32.391;11.474;4.597;4.597;1;11.474;1;32.391;1;0;NaN;NaN
TEL2005605_64;MFD_SETNO64;42.247667;65.460333;274343;25;10-jul-05;04:24:11;33.641;14.623;4.6435;4.6435;1;14.623;1;33.641;1;0;NaN;NaN
TEL2005605_64;MFD_SETNO64;42.247667;65.460333;274342;50;10-jul-05;04:24:11;32.953;7.977;4.7952;4.7952;1;7.977;1;32.953;1;0;NaN;NaN
TEL2005605_64;MFD_SETNO64;42.247667;65.460333;274341;112;10-jul-05;04:24:11;34.022;8.8;3.9762;3.9762;1;8.8;1;34.022;1;0;NaN;NaN
TEL2005605_65;MFD_SETNO65;42.287;65.3485;274348;5;10-jul-05;06:07:49;32.475;11.351;4.625;4.625;1;11.351;1;32.475;1;0;NaN;NaN
TEL2005605_65;MFD_SETNO65;42.287;65.3485;274347;25;10-jul-05;06:07:49;32.416;9.599;5.0506;5.0506;1;9.599;1;32.416;1;0;NaN;NaN
TEL2005605_65;MFD_SETNO65;42.287;65.3485;274346;50;10-jul-05;06:07:49;33.059;7.31;4.6444;4.6444;1;7.31;1;33.059;1;0;NaN;NaN
TEL2005605_65;MFD_SETNO65;42.287;65.3485;274345;117;10-jul-05;06:07:49;34.375;9.271;3.7034;3.7034;1;9.271;1;34.375;1;0;NaN;NaN
TEL2005605_66;MFD_SETNO66;42.530333;65.449667;274352;5;10-jul-05;08:44:47;32.17;11.603;4.6251;4.6251;1;11.603;1;32.17;1;0;NaN;NaN
TEL2005605_66;MFD_SETNO66;42.530333;65.449667;274351;25;10-jul-05;08:44:47;32.215;9.218;5.1201;5.1201;1;9.218;1;32.215;1;0;NaN;NaN
TEL2005605_66;MFD_SETNO66;42.530333;65.449667;274350;50;10-jul-05;08:44:47;33.331;7.607;4.5487;4.5487;1;7.607;1;33.331;1;0;NaN;NaN
TEL2005605_66;MFD_SETNO66;42.530333;65.449667;274349;96;10-jul-05;08:44:47;34.011;8.8;3.9999;3.9999;1;8.8;1;34.011;1;0;NaN;NaN
TEL2005605_67;MFD_SETNO67;42.676167;65.394333;274356;5;10-jul-05;10:38:02;32.52;11.218;4.2071;4.2071;1;11.218;1;32.52;1;0;NaN;NaN
TEL2005605_67;MFD_SETNO67;42.676167;65.394333;274355;25;10-jul-05;10:38:02;33.386;8.509;4.4272;4.4272;1;8.509;1;33.386;1;0;NaN;NaN
TEL2005605_67;MFD_SETNO67;42.676167;65.394333;274354;50;10-jul-05;10:38:02;33.328;6.784;4.3983;4.3983;1;6.784;1;33.328;1;0;NaN;NaN
TEL2005605_67;MFD_SETNO67;42.676167;65.394333;274353;90;10-jul-05;10:38:02;33.38;6.937;4.3069;4.3069;1;6.937;1;33.38;1;0;NaN;NaN
TEL2005605_68;MFD_SETNO68;42.679833;65.304667;274360;5;10-jul-05;13:06:07;32.206;12.918;4.3574;4.3574;1;12.918;1;32.206;1;0;NaN;NaN
TEL2005605_68;MFD_SETNO68;42.679833;65.304667;274359;25;10-jul-05;13:06:07;32.44;8.48;5.3224;5.3224;1;8.48;1;32.44;1;0;NaN;NaN
TEL2005605_68;MFD_SETNO68;42.679833;65.304667;274358;50;10-jul-05;13:06:07;32.8;5.061;4.7481;4.7481;1;5.061;1;32.8;1;0;NaN;NaN
TEL2005605_68;MFD_SETNO68;42.679833;65.304667;274357;96;10-jul-05;13:06:07;32.915;5.413;4.6345;4.6345;1;5.413;1;32.915;1;0;NaN;NaN
TEL2005605_69;MFD_SETNO69;42.811667;65.313667;274364;5;10-jul-05;15:12:34;32.107;12.304;4.3138;4.3138;1;12.304;1;32.107;1;0;NaN;NaN
TEL2005605_69;MFD_SETNO69;42.811667;65.313667;274363;25;10-jul-05;15:12:34;32.029;11;4.9966;4.9966;1;11;1;32.029;1;0;NaN;NaN
TEL2005605_69;MFD_SETNO69;42.811667;65.313667;274362;50;10-jul-05;15:12:34;32.485;4.636;5.0391;5.0391;1;4.636;1;32.485;1;0;NaN;NaN
TEL2005605_69;MFD_SETNO69;42.811667;65.313667;274361;128;10-jul-05;15:12:34;33.097;5.614;4.4125;4.4125;1;5.614;1;33.097;1;0;NaN;NaN
TEL2005605_70;MFD_SETNO70;42.8225;65.195333;274368;5;10-jul-05;16:50:00;31.824;12.815;4.4789;4.4789;1;12.815;1;31.824;1;0;NaN;NaN
TEL2005605_70;MFD_SETNO70;42.8225;65.195333;274367;25;10-jul-05;16:50:00;31.755;7.454;5.3091;5.3091;1;7.454;1;31.755;1;0;NaN;NaN
TEL2005605_70;MFD_SETNO70;42.8225;65.195333;274366;50;10-jul-05;16:50:00;32.266;4.442;5.206;5.206;1;4.442;1;32.266;1;0;NaN;NaN
TEL2005605_70;MFD_SETNO70;42.8225;65.195333;274365;125;10-jul-05;16:50:00;32.95;5.344;4.533;4.533;1;5.344;1;32.95;1;0;NaN;NaN
TEL2005605_71;MFD_SETNO71;42.761333;64.933833;274372;5;10-jul-05;18:48:17;31.342;12.718;4.3401;4.3401;1;12.718;1;31.342;1;0;NaN;NaN
TEL2005605_71;MFD_SETNO71;42.761333;64.933833;274371;25;10-jul-05;18:48:17;31.426;6.703;5.4879;5.4879;1;6.703;1;31.426;1;0;NaN;NaN
TEL2005605_71;MFD_SETNO71;42.761333;64.933833;274370;50;10-jul-05;18:48:17;32.087;4.351;5.3107;5.3107;1;4.351;1;32.087;1;0;NaN;NaN
TEL2005605_71;MFD_SETNO71;42.761333;64.933833;274369;107;10-jul-05;18:48:17;32.862;4.831;4.6245;4.6245;1;4.831;1;32.862;1;0;NaN;NaN
TEL2005605_72;MFD_SETNO72;42.897833;64.972167;274376;5;10-jul-05;20:47:30;31.286;12.702;4.4109;4.4109;1;12.702;1;31.286;1;0;NaN;NaN
TEL2005605_72;MFD_SETNO72;42.897833;64.972167;274375;25;10-jul-05;20:47:30;33.793;4.878;4.5957;4.5957;1;4.878;1;33.793;1;0;NaN;NaN
TEL2005605_72;MFD_SETNO72;42.897833;64.972167;274374;50;10-jul-05;20:47:30;32.203;4.241;5.2022;5.2022;1;4.241;1;32.203;1;0;NaN;NaN
TEL2005605_72;MFD_SETNO72;42.897833;64.972167;274373;93;10-jul-05;20:47:30;32.592;4.637;4.8446;4.8446;1;4.637;1;32.592;1;0;NaN;NaN
TEL2005605_74;MFD_SETNO74;42.929833;64.773667;274380;5;10-jul-05;23:32:46;31.022;12.944;4.3403;4.3403;1;12.944;1;31.022;1;0;NaN;NaN
TEL2005605_74;MFD_SETNO74;42.929833;64.773667;274379;25;10-jul-05;23:32:46;31.396;8.854;5.1675;5.1675;1;8.854;1;31.396;1;0;NaN;NaN
TEL2005605_74;MFD_SETNO74;42.929833;64.773667;274378;50;10-jul-05;23:32:46;32.139;4.171;5.2822;5.2822;1;4.171;1;32.139;1;0;NaN;NaN
TEL2005605_74;MFD_SETNO74;42.929833;64.773667;274377;89;10-jul-05;23:32:46;32.28;4.084;5.0383;5.0383;1;4.084;1;32.28;1;0;NaN;NaN
TEL2005605_75;MFD_SETNO75;42.711667;64.836;274384;5;11-jul-05;01:42:07;31.094;12.223;4.4686;4.4686;1;12.223;1;31.094;1;0;NaN;NaN
TEL2005605_75;MFD_SETNO75;42.711667;64.836;274383;25;11-jul-05;01:42:07;33.233;5.241;4.9226;4.9226;1;5.241;1;33.233;1;0;NaN;NaN
TEL2005605_75;MFD_SETNO75;42.711667;64.836;274382;50;11-jul-05;01:42:07;32.245;3.675;5.0744;5.0744;1;3.675;1;32.245;1;0;NaN;NaN
TEL2005605_75;MFD_SETNO75;42.711667;64.836;274381;110;11-jul-05;01:42:07;33.153;5.209;4.3284;4.3284;1;5.209;1;33.153;1;0;NaN;NaN
TEL2005605_76;MFD_SETNO76;42.5215;64.738333;274388;5;11-jul-05;04:44:13;31.196;14.056;4.012;4.012;1;14.056;1;31.196;1;0;NaN;NaN
TEL2005605_76;MFD_SETNO76;42.5215;64.738333;274387;25;11-jul-05;04:44:13;32.336;10.037;5.2985;5.2985;1;10.037;1;32.336;1;0;NaN;NaN
TEL2005605_76;MFD_SETNO76;42.5215;64.738333;274386;50;11-jul-05;04:44:13;32.844;7.09;5.1336;5.1336;1;7.09;1;32.844;1;0;NaN;NaN
TEL2005605_76;MFD_SETNO76;42.5215;64.738333;274385;132;11-jul-05;04:44:13;34.638;8.571;3.2707;3.2707;1;8.571;1;34.638;1;0;NaN;NaN
TEL2005605_77;MFD_SETNO77;42.5775;64.483;274392;5;11-jul-05;07:10:11;31.445;14.497;4.1802;4.1802;1;14.497;1;31.445;1;0;NaN;NaN
TEL2005605_77;MFD_SETNO77;42.5775;64.483;274391;25;11-jul-05;07:10:11;32.74;8.168;5.2717;5.2717;1;8.168;1;32.74;1;0;NaN;NaN
TEL2005605_77;MFD_SETNO77;42.5775;64.483;274390;50;11-jul-05;07:10:11;33.267;6.655;4.6478;4.6478;1;6.655;1;33.267;1;0;NaN;NaN
TEL2005605_77;MFD_SETNO77;42.5775;64.483;274389;262;11-jul-05;07:10:11;35.02;6.852;3.1184;3.1184;1;6.852;1;35.02;1;0;NaN;NaN
TEL2005605_78;MFD_SETNO78;42.731167;64.376167;274396;5;11-jul-05;10:10:55;31.044;13.34;4.254;4.254;1;13.34;1;31.044;1;0;NaN;NaN
TEL2005605_78;MFD_SETNO78;42.731167;64.376167;274395;25;11-jul-05;10:10:55;32.471;6.053;5.3078;5.3078;1;6.053;1;32.471;1;0;NaN;NaN
TEL2005605_78;MFD_SETNO78;42.731167;64.376167;274394;50;11-jul-05;10:10:55;33.08;6.642;4.8063;4.8063;1;6.642;1;33.08;1;0;NaN;NaN
TEL2005605_78;MFD_SETNO78;42.731167;64.376167;274393;117;11-jul-05;10:10:55;34.529;9.516;3.6621;3.6621;1;9.516;1;34.529;1;0;NaN;NaN
TEL2005605_79;MFD_SETNO79;42.949667;64.206333;274400;5;11-jul-05;12:41:15;31.169;12.71;4.3368;4.3368;1;12.71;1;31.169;1;0;NaN;NaN
TEL2005605_79;MFD_SETNO79;42.949667;64.206333;274399;25;11-jul-05;12:41:15;31.68;6.531;5.4641;5.4641;1;6.531;1;31.68;1;0;NaN;NaN
TEL2005605_79;MFD_SETNO79;42.949667;64.206333;274398;50;11-jul-05;12:41:15;32.15;4.127;5.1933;5.1933;1;4.127;1;32.15;1;0;NaN;NaN
TEL2005605_79;MFD_SETNO79;42.949667;64.206333;274397;99;11-jul-05;12:41:15;33.127;4.997;4.3683;4.3683;1;4.997;1;33.127;1;0;NaN;NaN
TEL2005605_80;MFD_SETNO80;43.463167;64.781833;274404;5;11-jul-05;17:11:55;31.168;12.48;4.4414;4.4414;1;12.48;1;31.168;1;0;NaN;NaN
TEL2005605_80;MFD_SETNO80;43.463167;64.781833;274403;25;11-jul-05;17:11:55;33.542;6.344;4.2658;4.2658;1;6.344;1;33.542;1;0;NaN;NaN
TEL2005605_80;MFD_SETNO80;43.463167;64.781833;274402;50;11-jul-05;17:11:55;31.809;4.435;5.3273;5.3273;1;4.435;1;31.809;1;0;NaN;NaN
TEL2005605_80;MFD_SETNO80;43.463167;64.781833;274401;90;11-jul-05;17:11:55;32.375;4.389;4.9373;4.9373;1;4.389;1;32.375;1;0;NaN;NaN
TEL2005605_81;MFD_SETNO81;43.475333;64.586167;274408;5;11-jul-05;18:48:12;30.87;12.19;4.5253;4.5253;1;12.19;1;30.87;1;0;NaN;NaN
TEL2005605_81;MFD_SETNO81;43.475333;64.586167;274407;25;11-jul-05;18:48:12;31.805;7.54;5.2419;5.2419;1;7.54;1;31.805;1;0;NaN;NaN
TEL2005605_81;MFD_SETNO81;43.475333;64.586167;274406;50;11-jul-05;18:48:12;32.12;4.332;5.1431;5.1431;1;4.332;1;32.12;1;0;NaN;NaN
TEL2005605_81;MFD_SETNO81;43.475333;64.586167;274405;84;11-jul-05;18:48:12;32.424;4.336;4.9049;4.9049;1;4.336;1;32.424;1;0;NaN;NaN
TEL2005605_82;MFD_SETNO82;43.8335;64.3345;274412;5;11-jul-05;21:58:33;30.439;13.572;4.1814;4.1814;1;13.572;1;30.439;1;0;NaN;NaN
TEL2005605_82;MFD_SETNO82;43.8335;64.3345;274411;25;11-jul-05;21:58:33;31.845;4.841;5.313;5.313;1;4.841;1;31.845;1;0;NaN;NaN
TEL2005605_82;MFD_SETNO82;43.8335;64.3345;274410;50;11-jul-05;21:58:33;31.761;3.415;5.4288;5.4288;1;3.415;1;31.761;1;0;NaN;NaN
TEL2005605_82;MFD_SETNO82;43.8335;64.3345;274409;128;11-jul-05;21:58:33;33.267;4.944;3.9115;3.9115;1;4.944;1;33.267;1;0;NaN;NaN
TEL2005605_83;MFD_SETNO83;43.939167;64.186667;274416;5;11-jul-05;23:25:11;30.53;13.861;4.271;4.271;1;13.861;1;30.53;1;0;NaN;NaN
TEL2005605_83;MFD_SETNO83;43.939167;64.186667;274415;25;11-jul-05;23:25:11;32.433;4.473;4.7515;4.7515;1;4.473;1;32.433;1;0;NaN;NaN
TEL2005605_83;MFD_SETNO83;43.939167;64.186667;274414;50;11-jul-05;23:25:11;31.923;3.554;5.1934;5.1934;1;3.554;1;31.923;1;0;NaN;NaN
TEL2005605_83;MFD_SETNO83;43.939167;64.186667;274413;142;11-jul-05;23:25:11;33.633;5.858;3.5632;3.5632;1;5.858;1;33.633;1;0;NaN;NaN
TEL2005605_84;MFD_SETNO84;43.7795;63.860333;274420;5;12-jul-05;04:54:40;31.185;14.522;4.0601;4.0601;1;14.522;1;31.185;1;0;NaN;NaN
TEL2005605_84;MFD_SETNO84;43.7795;63.860333;274419;25;12-jul-05;04:54:40;31.835;3.927;5.3782;5.3782;1;3.927;1;31.835;1;0;NaN;NaN
TEL2005605_84;MFD_SETNO84;43.7795;63.860333;274418;50;12-jul-05;04:54:40;32.236;2.517;4.9362;4.9362;1;2.517;1;32.236;1;0;NaN;NaN
TEL2005605_84;MFD_SETNO84;43.7795;63.860333;274417;233;12-jul-05;04:54:40;34.725;8.742;2.3877;2.3877;1;8.742;1;34.725;1;0;NaN;NaN
TEL2005605_85;MFD_SETNO85;43.936833;63.683833;274424;5;12-jul-05;07:00:12;31.77;14.866;3.9142;3.9142;1;14.866;1;31.77;1;0;NaN;NaN
TEL2005605_85;MFD_SETNO85;43.936833;63.683833;274423;25;12-jul-05;07:00:12;32.4;8.637;5.3472;5.3472;1;8.637;1;32.4;1;0;NaN;NaN
TEL2005605_85;MFD_SETNO85;43.936833;63.683833;274422;50;12-jul-05;07:00:12;32.522;5.43;5.2899;5.2899;1;5.43;1;32.522;1;0;NaN;NaN
TEL2005605_85;MFD_SETNO85;43.936833;63.683833;274421;196;12-jul-05;07:00:12;34.774;9.109;2.6284;2.6284;1;9.109;1;34.774;1;0;NaN;NaN
