CTD;CTD;CTD;CTD;CTD;CTD;CTD;CTD;CTD;CTD;CTD;labo;labo;labo;labo;labo;labo;labo;labo;labo;labo;labo;labo;labo;calc;calc
Fichier;Station;Latitude;Longitude;Echantillon;zbouteille;Date;Heure;PSAL;TEMP_XX;DOXY;CHL_01;Q_CHL;PSAL_BS;Q_PSAL;OXY_03;Q_OXY;NOx_01;Q_NOX;PO4_01;Q_PO4;Si_01;Q_Si;QCFF;N_P;N_Si
(nom);(nom/no);(degres);(degres);(no_unique);(dbar);(jj-mmm-yyyy);(GMT);(psu);(celsius);(ml/l);(mg/m**3);((none));(PSU);((none));(ml/l);((none));(mmol/m**3);((none));(mmol/m**3);((none));(mmol/m**3);((none));((none));((none));((none))
TEM2008775_2;MFD_SETNO2;42.111933;-66.105517;321012;5;05-mar-08;02:26:00;32.736;4.4761;6.739;0.8284595;1;NaN;9;6.9275;1;8.519;1;0.855;1;7.673;1;0;9.96;1.11
TEM2008775_2;MFD_SETNO2;42.111933;-66.105517;321011;132;05-mar-08;02:26:00;33.3943;5.636;5.943;0.256176380952381;1;33.365;1;6.2235;1;12.4385;1;1.032;1;10.0785;1;0;12.05;1.23
TEM2008775_3;MFD_SETNO3;42.014667;-66.036133;321014;6;05-mar-08;04:27:14;32.5326;4.1593;6.84961;1.0422555;1;NaN;9;7.09;1;7.0185;1;0.768;1;6.5975;1;0;9.14;1.06
TEM2008775_3;MFD_SETNO3;42.014667;-66.036133;321013;94;05-mar-08;04:27:14;33.2457;5.4096;6.12979;0.232887619047619;1;33.274;1;6.4445;1;11.9695;1;1.034;1;9.802;1;0;11.58;1.22
TEM2008775_6;MFD_SETNO6;41.9892;-66.3128;321016;6;05-mar-08;13:52:54;33.0541;5.0587;6.4741;0.54785225;1;NaN;9;6.77;1;10.6475;1;1.079;1;9.784;1;0;9.87;1.09
TEM2008775_6;MFD_SETNO6;41.9892;-66.3128;321015;80;05-mar-08;13:52:54;33.0562;5.0387;6.47782;0.53449;1;33.11;1;6.831;1;10.7935;1;0.955;1;8.9695;1;0;11.30;1.20
TEM2008775_9;MFD_SETNO9;42.069567;-66.77055;321018;5;05-mar-08;19:35:28;33.0472;4.9198;6.63778;0.65475025;1;NaN;9;6.925;1;10.402;1;0.9275;1;8.9175;1;0;11.22;1.17
TEM2008775_9;MFD_SETNO9;42.069567;-66.77055;321017;76;05-mar-08;19:35:28;33.0558;4.8802;6.60064;0.641388;1;33.096;1;6.9465;1;10.4505;1;0.9345;1;8.896;1;0;11.18;1.17
TEM2008775_11;MFD_SETNO11;42.1342;-66.8113;321020;6;06-mar-08;13:07:28;33.0656;4.9281;6.60238;0.65475025;1;NaN;9;6.857;1;10.561;1;0.937;1;9.0225;1;0;11.27;1.17
TEM2008775_11;MFD_SETNO11;42.1342;-66.8113;321019;77;06-mar-08;13:07:28;33.0699;4.934;6.60539;0.6681125;1;33.103;1;6.889;1;10.651;1;0.9295;1;9.0095;1;0;11.46;1.18
TEM2008775_14;MFD_SETNO14;42.075267;-67.72805;321022;5;06-mar-08;22:49:24;33.1018;5.1935;6.55476;0.6681125;1;NaN;9;7.139;1;11.0225;1;0.9575;1;9.657;1;0;11.51;1.14
TEM2008775_14;MFD_SETNO14;42.075267;-67.72805;321021;179;06-mar-08;22:49:24;34.3453;7.6991;4.23276;0.0164183619047619;1;34.348;1;4.691;1;17.5845;1;1.2605;1;13.6655;1;0;13.95;1.29
TEM2008775_18;MFD_SETNO18;41.383067;-68.658883;321024;6;07-mar-08;10:09:32;33.054;5.3987;6.50623;0.5612145;7;NaN;9;7.0645;1;11.366;1;1.045;1;10.704;1;32;10.88;1.06
TEM2008775_18;MFD_SETNO18;41.383067;-68.658883;321023;94;07-mar-08;10:09:32;33.0543;5.3745;6.48052;0.5612145;7;33.087;1;7.0015;1;11.835;1;1.058;1;11.002;1;32;11.19;1.08
TEM2008775_20;MFD_SETNO20;40.493067;-68.65645;321026;5;07-mar-08;18:19:39;32.6925;5.5592;6.87473;1.21596475;1;NaN;9;7.4295;1;3.5115;1;0.5715;1;1.821;1;0;6.14;1.93
TEM2008775_20;MFD_SETNO20;40.493067;-68.65645;321025;75;07-mar-08;18:19:39;33.1766;6.6765;6.24973;0.7750105;1;33.207;1;6.7455;1;7.078;1;0.851;1;5.976;1;0;8.32;1.18
TEM2008775_21;MFD_SETNO21;40.5261;-69.473283;321028;6;07-mar-08;22:54:36;32.8263;4.7917;7.15862;7.89959861904762;7;NaN;9;7.7275;1;7.5915;1;0.8255;1;8.384;1;32;9.20;0.91
TEM2008775_21;MFD_SETNO21;40.5261;-69.473283;321027;57;07-mar-08;22:54:36;32.8263;4.7887;7.14357;7.89959861904762;7;32.856;1;7.7085;1;7.6345;1;0.8245;1;8.4295;1;32;9.26;0.91
TEM2008775_23;MFD_SETNO23;41.234367;-69.3878;321030;6;08-mar-08;05:24:20;32.6724;4.1644;6.83597;1.6523416031746;1;NaN;9;7.4875;1;10.515;1;0.9605;1;10.694;1;0;10.95;0.98
TEM2008775_23;MFD_SETNO23;41.234367;-69.3878;321029;47;08-mar-08;05:24:20;32.6741;4.1473;6.8508;1.91521413095238;1;32.71;1;7.431;1;9.875;1;0.943;1;10.546;1;0;10.47;0.94
TEM2008775_25;MFD_SETNO25;41.785067;-69.575983;321032;6;08-mar-08;12:11:59;32.5686;3.9319;6.94697;2.85404458730159;1;NaN;9;7.56;1;10.162;1;0.9255;1;10.5105;1;0;10.98;0.97
TEM2008775_25;MFD_SETNO25;41.785067;-69.575983;321031;120;08-mar-08;12:11:59;33.1465;4.9247;6.27497;0.178547174603175;1;33.203;1;6.8695;1;11.6605;1;0.9925;1;10.7245;1;0;11.75;1.09
TEM2008775_27;MFD_SETNO27;42.029483;-68.93645;321034;6;08-mar-08;20:35:24;33.0375;5.1143;6.6178;0.7215615;1;NaN;9;7.273;1;11.9525;1;1.0365;7;11.2965;1;32;11.53;1.06
TEM2008775_27;MFD_SETNO27;42.029483;-68.93645;321033;124;08-mar-08;20:35:24;33.1402;5.0602;6.37647;0.209598857142857;1;33.188;1;7.078;1;12.5525;1;1.0365;7;12.826;1;32;12.11;0.98
TEM2008775_28;MFD_SETNO28;44.886;-66.774283;321036;6;10-mar-08;02:57:21;31.4835;1.9005;7.21825;0.256176380952381;1;NaN;9;7.4845;1;9.2045;1;0.917;1;9.7585;1;0;10.04;0.94
TEM2008775_28;MFD_SETNO28;44.886;-66.774283;321035;136;10-mar-08;02:57:21;32.2203;3.0529;6.91925;0.197954476190476;1;32.275;1;7.287;1;9.8565;1;1.078;1;8.9025;1;0;9.14;1.11
TEM2008775_29;MFD_SETNO29;44.949433;-66.852367;321038;6;10-mar-08;05:37:22;31.3012;2.1836;7.11765;0.24065053968254;1;NaN;9;7.057;1;9.7355;1;0.913;1;10.6865;1;0;10.66;0.91
TEM2008775_29;MFD_SETNO29;44.949433;-66.852367;321037;90;10-mar-08;05:37:22;31.7814;2.6031;7.03443;0.244532;1;31.824;1;6.9885;1;8.978;1;0.904;1;9.09;1;0;9.93;0.99
TEM2008775_30;MFD_SETNO30;44.905767;-66.618633;321040;6;10-mar-08;08:33:06;31.2421;1.5489;7.28007;0.24841346031746;1;NaN;9;7.246;1;9.766;1;0.95;1;10.8315;1;0;10.28;0.90
TEM2008775_30;MFD_SETNO30;44.905767;-66.618633;321039;94;10-mar-08;08:33:06;32.2825;3.1677;6.90728;0.4008675;1;NaN;9;6.7515;1;9.575;1;1.1205;1;8.9655;1;0;8.55;1.07
TEM2008775_32;MFD_SETNO32;44.065967;-66.923533;321042;5;10-mar-08;16:51:09;32.4823;3.9122;6.82541;0.62802575;1;NaN;9;6.784;1;8.4105;1;0.818;1;7.1305;1;0;10.28;1.18
TEM2008775_32;MFD_SETNO32;44.065967;-66.923533;321041;173;10-mar-08;16:51:09;33.6735;6.6645;5.03743;0.0492550857142857;1;NaN;9;5.0475;1;13.4315;1;1.0455;1;10.2385;1;0;12.85;1.31
TEM2008775_33;MFD_SETNO33;43.252517;-65.257983;321044;6;12-mar-08;01:08:05;31.6243;2.3681;7.18277;0.641388;1;NaN;9;7.0915;1;6.003;1;0.742;1;6.1345;1;0;8.09;0.98
TEM2008775_33;MFD_SETNO33;43.252517;-65.257983;321043;141;12-mar-08;01:08:05;33.0336;4.561;5.07306;0.0342049206349206;1;33.066;1;5.072;1;11.8635;1;1.104;1;12.0365;1;0;10.75;0.99
TEM2008775_34;MFD_SETNO34;42.796633;-65.489317;321046;22;12-mar-08;05:28:03;31.9238;3.0279;6.76105;0.73492375;1;NaN;9;6.9905;1;5.818;1;0.7205;1;5.624;1;0;8.07;1.03
TEM2008775_34;MFD_SETNO34;42.796633;-65.489317;321045;121;12-mar-08;05:28:03;32.2612;3.6723;6.57236;0.232887619047619;1;32.294;1;6.5515;1;7.6875;1;0.8155;1;7.2575;1;0;9.43;1.06
TEM2008775_35;MFD_SETNO35;42.807667;-65.566467;321048;6;12-mar-08;07:34:15;31.8165;2.7234;7.14474;0.81509725;1;NaN;9;7.101;1;5.3615;1;0.704;1;5.4165;1;0;7.62;0.99
TEM2008775_35;MFD_SETNO35;42.807667;-65.566467;321047;124;12-mar-08;07:34:15;32.5005;4.1431;6.51977;0.326042666666667;1;32.548;1;6.485;1;8.238;1;0.823;1;6.705;1;0;10.01;1.23
TEM2008775_36;MFD_SETNO36;42.480683;-65.729667;321050;5;12-mar-08;10:49:00;31.8493;2.7195;7.061;0.748286;1;NaN;9;7.5235;1;5.045;1;0.667;1;4.848;1;0;7.56;1.04
TEM2008775_36;MFD_SETNO36;42.480683;-65.729667;321049;85;12-mar-08;10:49:00;33.2036;5.0187;5.6413;0.147495492063492;1;33.256;1;5.864;1;11.257;1;0.943;1;8.212;1;0;11.94;1.37
TEM2008775_37;MFD_SETNO37;42.5016;-65.93575;321052;21;12-mar-08;13:24:00;31.7016;2.2842;6.94758;0.65475025;1;NaN;9;7.5295;1;5.05;1;0.6775;1;5.0625;1;0;7.45;1.00
TEM2008775_37;MFD_SETNO37;42.5016;-65.93575;321051;131;12-mar-08;13:24:00;33.7793;5.9692;5.097;0.105351155555556;1;33.802;1;5.401;1;14.0275;1;1.0405;1;9.1915;1;0;13.48;1.53
TEM2008775_38;MFD_SETNO38;42.379;-66.183883;321054;18;12-mar-08;16:07:00;31.691;2.0824;7.7046;0.68147475;1;NaN;9;7.7305;1;5.043;1;0.673;1;5.0905;1;0;7.49;0.99
TEM2008775_38;MFD_SETNO38;42.379;-66.183883;321053;241;12-mar-08;16:07:00;34.8404;6.2521;5.74771;0.0164183619047619;1;34.87;1;4.9005;1;19.6465;1;1.247;1;11.769;1;0;15.76;1.67
TEM2008775_39;MFD_SETNO39;42.2699;-66.00765;321056;13;12-mar-08;18:59:59;32.0019;2.9294;6.73424;0.641388;1;NaN;9;7.5885;1;6.042;1;0.736;1;5.7215;1;0;8.21;1.06
TEM2008775_39;MFD_SETNO39;42.2699;-66.00765;321055;229;12-mar-08;18:59:59;34.8542;5.96;5.77221;0.0164183619047619;1;34.902;1;5.006;1;19.7355;1;1.292;1;12.3525;1;0;15.28;1.60
TEM2008775_40;MFD_SETNO40;41.84765;-66.266433;321058;5;12-mar-08;23:54:54;33.0806;5.0416;6.69289;0.7750105;1;NaN;9;7.022;1;10.6965;1;0.925;1;7.782;1;0;11.56;1.37
TEM2008775_40;MFD_SETNO40;41.84765;-66.266433;321057;81;12-mar-08;23:54:54;33.0805;5.0501;6.69671;0.84182175;1;33.114;1;6.989;1;9.9805;1;0.9015;1;7.289;1;0;11.07;1.37
TEM2008775_43;MFD_SETNO43;41.716917;-66.224983;321060;11;13-mar-08;08:00:00;32.9965;4.9769;6.77642;0.6681125;7;NaN;9;6.839;1;10.2795;1;0.977;1;7.8535;1;32;10.52;1.31
TEM2008775_43;MFD_SETNO43;41.716917;-66.224983;321059;81;13-mar-08;08:00:00;33.0006;4.9966;6.63155;0.6681125;7;33.03;1;6.87;1;10.196;1;0.894;1;7.865;1;32;11.40;1.30
TEM2008775_46;MFD_SETNO46;41.641017;-66.09695;321062;3;13-mar-08;21:13:38;32.7451;4.8186;7.06004;1.2560515;1;NaN;9;6.978;1;7.0015;1;0.7215;1;6.134;1;0;9.70;1.14
TEM2008775_46;MFD_SETNO46;41.641017;-66.09695;321061;99;13-mar-08;21:13:38;33.1709;5.355;6.31007;0.427592;1;33.198;1;6.515;1;11.08;1;0.9045;1;8.2705;1;0;12.25;1.34
TEM2008775_48;MFD_SETNO48;41.61315;-65.9398;321064;5;13-mar-08;23:55:08;32.1522;3.8742;6.89385;1.91080175;1;NaN;9;7.392;1;4.106;1;0.6065;1;4.3915;1;0;6.77;0.93
TEM2008775_48;MFD_SETNO48;41.61315;-65.9398;321063;155;13-mar-08;23:55:08;33.5473;6.3007;5.78957;0.197954476190476;1;34.295;7;5.2385;1;12.982;1;0.9205;1;7.6;1;256;14.10;1.71
TEM2008775_49;MFD_SETNO49;41.417917;-66.043083;321066;6;14-mar-08;04:52:20;32.4558;4.6317;7.04987;2.40340596825397;1;NaN;9;7.2625;1;3.912;1;0.58;1;4.494;1;0;6.74;0.87
TEM2008775_49;MFD_SETNO49;41.417917;-66.043083;321065;157;14-mar-08;04:52:20;34.7426;8.6553;4.16975;0.0396777079365079;1;34.774;1;4.395;1;17.5225;1;1.132;1;9.729;1;0;15.48;1.80
TEM2008775_50;MFD_SETNO50;41.5416;-66.344917;321068;5;14-mar-08;07:15:24;33.0166;5.0044;6.55837;0.6146635;1;NaN;9;6.73;1;10.465;1;0.9075;1;8.0735;1;0;11.53;1.30
TEM2008775_50;MFD_SETNO50;41.5416;-66.344917;321067;88;14-mar-08;07:15:24;33.015;5.0087;6.55572;0.60130125;1;33.057;1;6.7715;1;10.3115;1;0.8885;1;8.489;1;0;11.61;1.21
TEM2008775_51;MFD_SETNO51;41.38925;-66.378467;321070;6;14-mar-08;09:20:45;32.9053;5.1912;6.59806;1.50993425;1;NaN;9;6.8705;1;6.7885;1;0.7245;1;5.7085;1;0;9.37;1.19
TEM2008775_51;MFD_SETNO51;41.38925;-66.378467;321069;93;14-mar-08;09:20:45;33.084;5.1357;6.57633;0.92199525;1;33.118;1;6.8455;1;9.821;1;0.872;1;7.9445;1;0;11.26;1.24
TEM2008775_54;MFD_SETNO54;40.928833;-66.832667;321072;6;14-mar-08;16:01:00;32.9263;5.0976;6.86645;1.763817;1;NaN;9;7.118;1;8.8095;1;0.832;1;4.6045;1;0;10.59;1.91
TEM2008775_54;MFD_SETNO54;40.928833;-66.832667;321071;86;14-mar-08;16:01:00;32.943;5.0916;6.81824;2.0043375;1;32.997;1;7.012;1;7.977;1;0.7755;1;4.356;1;0;10.29;1.83
TEM2008775_56;MFD_SETNO56;40.59345;-67.1771;321074;6;14-mar-08;20:08:38;33.161;5.9364;6.6758;1.2560515;1;NaN;9;7.024;1;8.1745;1;0.7945;1;6.1075;1;0;10.29;1.34
TEM2008775_56;MFD_SETNO56;40.59345;-67.1771;321073;133;14-mar-08;20:08:38;35.1138;11.8556;4.49299;0.166902793650794;1;35.145;1;4.7075;1;12.2285;1;0.7975;1;6.3625;1;0;15.33;1.92
TEM2008775_59;MFD_SETNO59;40.977117;-68.001733;321076;5;15-mar-08;02:52:07;32.7129;5.1411;7.03972;5.85659897619048;1;NaN;9;7.275;1;0.6205;1;0.35;1;0;1;0;1.77;NaN
TEM2008775_59;MFD_SETNO59;40.977117;-68.001733;321075;50;15-mar-08;02:52:07;32.7133;5.1425;7.0635;7.89959861904762;1;32.748;1;7.342;1;0.575;1;0.344;1;0.001;1;0;1.67;575.00
TEM2008775_60;MFD_SETNO60;41.09005;-68.166067;321078;5;15-mar-08;04:44:45;32.8485;5.3942;7.21523;12.3941978333333;1;NaN;9;7.495;1;2.921;1;0.4955;1;0.7815;1;0;5.90;3.74
TEM2008775_60;MFD_SETNO60;41.09005;-68.166067;321077;45;15-mar-08;04:44:45;32.8484;5.3954;7.22275;15.1181973571429;1;32.882;1;7.5235;1;3.441;1;0.582;1;0.6255;1;0;5.91;5.50
TEM2008775_62;MFD_SETNO62;41.3526;-67.508817;321080;6;15-mar-08;09:58:40;32.8915;5.2084;7.46081;20.4299964285714;1;NaN;9;7.785;1;1.0365;1;0.4415;1;0;7;32;2.35;NaN
TEM2008775_62;MFD_SETNO62;41.3526;-67.508817;321079;41;15-mar-08;09:58:40;32.8937;5.2131;7.49027;20.5661964047619;1;32.938;1;7.755;1;0.912;1;0.387;1;0;7;32;2.36;NaN
TEM2008775_65;MFD_SETNO65;41.326417;-66.750967;321082;5;15-mar-08;17:37:44;33.0258;5.0531;6.88963;3.1920235515873;1;NaN;9;7.237;1;8.331;1;0.8205;1;4.7525;1;0;10.15;1.75
TEM2008775_65;MFD_SETNO65;41.326417;-66.750967;321081;73;15-mar-08;17:37:44;33.0252;5.0542;6.88503;3.53000251587302;1;33.076;1;7.219;1;8.8525;1;0.8415;1;4.982;1;0;10.52;1.78
TEM2008775_69;MFD_SETNO69;43.598733;-66.761817;321084;5;16-mar-08;15:00:57;32.6062;4.069;6.77067;0.801735;1;NaN;9;6.9325;1;7.7495;1;0.835;1;6.358;1;0;9.28;1.22
TEM2008775_69;MFD_SETNO69;43.598733;-66.761817;321083;107;16-mar-08;15:00:57;33.3354;5.6197;5.61185;0.109455746031746;1;33.376;1;5.753;1;11.805;1;0.978;1;8.3825;1;0;12.07;1.41
TEM2008775_70;MFD_SETNO70;43.596233;-67.442933;321086;5;16-mar-08;18:38:25;32.715;4.1494;6.8319;0.694837;1;NaN;9;7.05;1;7.4155;1;0.74;1;5.9665;1;0;10.02;1.24
TEM2008775_70;MFD_SETNO70;43.596233;-67.442933;321085;219;16-mar-08;18:38:25;34.1084;7.2964;4.74614;0.0246275428571429;1;34.141;1;3.8555;1;16.975;1;1.243;1;13.488;1;0;13.66;1.26
TEM2008775_71;MFD_SETNO71;43.704283;-67.417917;321088;6;16-mar-08;20:43:31;32.5673;3.9451;6.87555;0.694837;1;NaN;9;7.423;1;8.3825;1;0.82;1;6.7735;1;0;10.22;1.24
TEM2008775_71;MFD_SETNO71;43.704283;-67.417917;321087;202;16-mar-08;20:43:31;34.1346;7.3651;5.55923;0.0136819682539683;1;34.167;1;4.7935;1;17.0725;1;1.2405;1;13.111;1;0;13.76;1.30
TEM2008775_72;MFD_SETNO72;43.761817;-67.06015;321090;6;17-mar-08;00:00:00;32.5582;4.0297;6.76304;0.694837;1;NaN;9;7.3425;1;8.1925;1;0.8325;1;6.415;1;0;9.84;1.28
TEM2008775_72;MFD_SETNO72;43.761817;-67.06015;321089;149;17-mar-08;00:00:00;33.7418;6.5717;6.08463;0.054727873015873;1;33.77;1;5.476;1;14.202;1;1.1015;1;10.497;1;0;12.89;1.35
TEM2008775_73;MFD_SETNO73;43.82835;-66.949733;321092;5;17-mar-08;02:28:16;32.4815;3.9259;6.74292;0.65475025;1;NaN;9;7.325;1;8.1925;1;0.8335;1;6.411;1;0;9.83;1.28
TEM2008775_73;MFD_SETNO73;43.82835;-66.949733;321091;188;17-mar-08;02:28:16;33.6735;6.4402;6.39198;0.0670416444444445;1;33.716;1;5.558;1;12.9135;1;1.034;1;9.5265;1;0;12.49;1.36
TEM2008775_74;MFD_SETNO74;43.885517;-67.022767;321094;6;17-mar-08;04:50:59;32.4777;3.9016;6.77301;0.641388;1;NaN;9;7.3675;1;8.251;1;0.8415;1;6.5055;1;0;9.81;1.27
TEM2008775_74;MFD_SETNO74;43.885517;-67.022767;321093;160;17-mar-08;04:50:59;33.853;6.8735;5.25508;0.031468526984127;1;33.896;1;5.301;1;14.5405;1;1.1125;1;10.914;1;0;13.07;1.33
TEM2008775_75;MFD_SETNO75;44.1173;-67.251317;321096;5;17-mar-08;07:27:00;32.5071;3.8888;6.60451;0.310516825396825;1;NaN;9;7.105;1;9.98;1;0.926;1;8.4775;1;0;10.78;1.18
TEM2008775_75;MFD_SETNO75;44.1173;-67.251317;321095;153;17-mar-08;07:27:00;33.2507;5.5994;5.49955;0.151869847619048;1;33.173;1;6.176;1;12.2935;1;1.0365;1;10.1015;1;0;11.86;1.22
TEM2008775_76;MFD_SETNO76;44.328017;-67.104833;321098;6;17-mar-08;10:46:25;32.2689;3.3168;6.774;0.271702222222222;1;NaN;9;7.326;1;9.7145;1;0.9665;1;8.9665;1;0;10.05;1.08
TEM2008775_76;MFD_SETNO76;44.328017;-67.104833;321097;132;17-mar-08;10:46:25;33.3336;5.7595;5.40703;0.11644380952381;1;33.273;1;5.8905;1;13.218;1;1.105;1;11.75;1;0;11.96;1.12
TEM2008775_78;MFD_SETNO78;45.062267;-66.326967;321100;6;17-mar-08;19:54:12;30.3158;1.4871;7.39984;0.341568507936508;1;NaN;9;7.962;1;10.0105;1;0.9145;1;12.423;1;0;10.95;0.81
TEM2008775_78;MFD_SETNO78;45.062267;-66.326967;321099;50;17-mar-08;19:54:12;31.9767;2.4008;7.11728;0.287228063492063;1;32.026;1;7.6295;1;9.4245;1;0.9645;1;8.6715;1;0;9.77;1.09
TEM2008775_79;MFD_SETNO79;44.943883;-66.050117;321102;6;17-mar-08;22:04:44;32.2338;3.1488;6.99573;0.244532;1;NaN;9;7.4315;1;8.9;1;0.9215;1;7.84;1;0;9.66;1.14
TEM2008775_79;MFD_SETNO79;44.943883;-66.050117;321101;108;17-mar-08;22:04:44;32.238;3.1762;6.95321;0.283346603174603;1;32.281;1;7.476;1;8.9105;1;0.9135;1;7.709;1;0;9.75;1.16
TEM2008775_80;MFD_SETNO80;45.192483;-65.54065;321104;5;18-mar-08;02:47:40;31.848;1.82;7.26215;0.415316253968254;1;NaN;9;7.7895;1;8.415;1;0.876;1;7.6995;1;0;9.61;1.09
TEM2008775_80;MFD_SETNO80;45.192483;-65.54065;321103;67;18-mar-08;02:47:40;32.0071;2.231;7.18224;0.551167365079365;1;32.047;1;7.7035;1;8.81;1;0.895;1;7.6105;1;0;9.84;1.16
TEM2008775_81;MFD_SETNO81;45.3084;-65.357867;321106;6;18-mar-08;05:19:27;31.1845;0.7573;7.46673;0.53449;1;NaN;9;6.9975;1;9.745;1;1.0095;1;10.1515;1;0;9.65;0.96
TEM2008775_81;MFD_SETNO81;45.3084;-65.357867;321105;51;18-mar-08;05:19:27;31.1868;0.7583;7.46756;0.68147475;1;31.223;1;8.0785;1;9.469;1;0.9875;1;9.8695;1;0;9.59;0.96
TEM2008775_82;MFD_SETNO82;45.205283;-65.07435;321108;5;18-mar-08;07:53:00;31.5474;1.7999;7.31356;0.6146635;1;NaN;9;7.7895;1;8.9615;1;0.9025;1;8.2615;1;0;9.93;1.08
TEM2008775_82;MFD_SETNO82;45.205283;-65.07435;321107;58;18-mar-08;07:53:00;31.5677;1.8562;7.28504;0.641388;1;31.603;1;7.809;1;8.916;1;0.908;1;8.259;1;0;9.82;1.08
TEM2008775_83;MFD_SETNO83;44.90835;-65.981883;321110;5;18-mar-08;13:18:00;32.2503;3.1324;6.97915;0.236769079365079;1;NaN;9;7.452;1;6.723;1;0.8035;1;7.063;1;0;8.37;0.95
TEM2008775_83;MFD_SETNO83;44.90835;-65.981883;321109;99;18-mar-08;13:18:00;32.2555;3.1578;6.97642;0.24841346031746;1;32.292;1;7.475;1;7.6735;1;0.8335;1;7.102;1;0;9.21;1.08
TEM2008775_84;MFD_SETNO84;41.855033;-66.44335;321112;4;19-mar-08;07:07:58;32.2987;3.3419;7.04575;0.8284595;1;NaN;9;7.535;1;6.875;1;0.807;1;6.4165;1;0;8.52;1.07
TEM2008775_84;MFD_SETNO84;41.855033;-66.44335;321111;73;19-mar-08;07:07:58;32.8745;4.5047;6.6575;0.496826920634921;1;32.915;1;7.177;1;9.929;1;0.9565;1;8.8285;1;0;10.38;1.12
TEM2008775_86;MFD_SETNO86;41.818917;-66.493717;321114;6;19-mar-08;11:57:00;32.2473;3.2816;7.04816;0.78837275;1;NaN;9;7.623;1;6.671;1;0.879;1;7.2395;1;0;7.59;0.92
TEM2008775_86;MFD_SETNO86;41.818917;-66.493717;321113;76;19-mar-08;11:57:00;32.8264;4.424;6.66255;0.57457675;1;32.912;7;6.963;1;8.804;1;0.9005;1;7.7215;1;256;9.78;1.14
TEM2008775_90;MFD_SETNO90;41.664133;-66.564283;321116;6;19-mar-08;17:41:00;32.2336;3.2778;7.04863;0.855184;1;NaN;9;7.7375;1;6.348;1;0.789;1;6.8245;1;0;8.05;0.93
TEM2008775_90;MFD_SETNO90;41.664133;-66.564283;321115;69;19-mar-08;17:41:00;32.7915;4.3329;6.80986;0.694837;1;32.828;1;7.461;1;8.7605;1;0.878;1;7.6805;1;0;9.98;1.14
TEM2008775_91;MFD_SETNO91;41.586717;-66.790133;321118;5;19-mar-08;20:26:59;33.0599;4.7744;6.8072;1.4163985;1;NaN;9;7.4795;1;10.0125;1;0.9225;1;7.646;1;0;10.85;1.31
TEM2008775_91;MFD_SETNO91;41.586717;-66.790133;321117;71;19-mar-08;20:26:59;33.0651;4.7962;6.79205;1.64355675;1;33.11;1;7.4415;1;10.1635;1;0.9015;1;7.6105;1;0;11.27;1.34
TEM2008775_92;MFD_SETNO92;41.698883;-66.98565;321120;5;19-mar-08;22:20:00;33.0652;4.7877;6.86187;1.76500125793651;1;NaN;9;7.5205;1;9.7245;1;0.9095;1;7.0005;1;0;10.69;1.39
TEM2008775_92;MFD_SETNO92;41.698883;-66.98565;321119;61;19-mar-08;22:20:00;33.0659;4.7978;6.85496;2.14053344047619;1;33.115;1;7.5525;1;9.184;1;0.885;1;6.507;1;0;10.38;1.41
TEM2008775_94;MFD_SETNO94;41.701883;-66.658983;321122;5;20-mar-08;01:48:13;32.2253;3.2403;7.02844;0.7750105;1;NaN;9;7.845;1;6.3305;1;0.755;1;5.824;1;0;8.38;1.09
TEM2008775_94;MFD_SETNO94;41.701883;-66.658983;321121;66;20-mar-08;01:48:13;32.7567;4.2551;6.81003;0.70819925;1;32.793;1;7.5695;1;8.1015;1;0.922;1;8.0205;1;0;8.79;1.01
TEM2008775_97;MFD_SETNO97;41.97015;-66.267217;321124;5;20-mar-08;07:01:00;32.3397;3.4448;7.05757;0.748286;1;NaN;9;7.861;1;7.156;1;0.7835;1;6.5415;1;0;9.13;1.09
TEM2008775_97;MFD_SETNO97;41.97015;-66.267217;321123;75;20-mar-08;07:01:00;32.9279;4.6638;6.61106;0.49440325;1;32.961;1;7.396;1;9.469;1;1.0135;1;9.5895;1;0;9.34;0.99
TEM2008775_98;MFD_SETNO98;42.152433;-66.254333;321126;6;20-mar-08;09:51:42;32.9173;4.5186;6.78681;0.68147475;1;NaN;9;7.5015;1;9.156;1;0.925;1;8.52;1;0;9.90;1.07
TEM2008775_98;MFD_SETNO98;42.152433;-66.254333;321125;184;20-mar-08;09:51:42;33.6831;6.2652;6.7334;0.100917968253968;1;33.723;1;6.054;1;14.767;1;1.164;1;12.1025;1;0;12.69;1.22
TEM2008775_99;MFD_SETNO99;42.47275;-65.6039;321128;6;20-mar-08;14:48:16;31.6446;1.5713;7.40476;0.539522984126984;1;NaN;9;8.192;1;5.9135;1;0.7915;1;6.3025;1;0;7.47;0.94
TEM2008775_99;MFD_SETNO99;42.47275;-65.6039;321127;90;20-mar-08;14:48:16;32.1858;3.1941;6.5487;0.135851111111111;1;32.222;1;7.2495;1;6.9465;1;0.8605;1;7.281;1;0;8.07;0.95
TEM2008775_100;MFD_SETNO100;42.666267;-65.360383;321130;5;20-mar-08;17:05:00;31.4968;1.4843;7.35018;0.49440325;1;NaN;9;8.234;1;5.44;1;0.906;1;7.613;1;0;6.00;0.71
TEM2008775_100;MFD_SETNO100;42.666267;-65.360383;321129;94;20-mar-08;17:05:00;32.7952;4.2769;5.5187;0.0519914793650794;1;32.861;1;6.151;1;10.5195;1;1.1395;1;11.716;1;0;9.23;0.90
TEM2008775_101;MFD_SETNO101;44.27075;-63.31605;321140;2;21-mar-08;05:48:00;32.1003;-0.2097;10.76426;0.84182175;1;31.517;7;8.4655;7;6.2005;1;0.7845;1;8.1695;1;256;7.90;0.76
TEM2008775_101;MFD_SETNO101;44.27075;-63.31605;321139;6;21-mar-08;05:48:00;31.5024;-0.211;6.62324;0.6681125;1;NaN;9;NaN;9;6.3975;1;0.8235;1;7.514;1;0;7.77;0.85
TEM2008775_101;MFD_SETNO101;44.27075;-63.31605;321138;11;21-mar-08;05:48:00;31.4046;-0.2128;6.63546;0.5612145;1;NaN;9;NaN;9;6.3135;1;0.932;1;8.805;1;0;6.77;0.72
TEM2008775_101;MFD_SETNO101;44.27075;-63.31605;321137;21;21-mar-08;05:48:00;31.3661;-0.2019;7.68736;0.60130125;1;NaN;9;NaN;9;6.334;1;0.796;1;7.298;1;0;7.96;0.87
TEM2008775_101;MFD_SETNO101;44.27075;-63.31605;321136;30;21-mar-08;05:48:00;31.3674;-0.1967;7.68497;0.54785225;1;NaN;9;NaN;9;5.6915;1;0.742;1;6.627;1;0;7.67;0.86
TEM2008775_101;MFD_SETNO101;44.27075;-63.31605;321135;42;21-mar-08;05:48:00;31.4005;-0.1021;7.69558;0.6681125;1;31.443;1;8.565;1;6.4155;1;0.799;1;7.487;1;0;8.03;0.86
TEM2008775_101;MFD_SETNO101;44.27075;-63.31605;321134;51;21-mar-08;05:48:00;31.4115;-0.0648;7.68798;0.7215615;1;NaN;9;NaN;9;5.961;1;0.9645;1;8.6445;1;0;6.18;0.69
TEM2008775_101;MFD_SETNO101;44.27075;-63.31605;321133;77;21-mar-08;05:48:00;31.6689;0.4941;7.60196;0.163021333333333;1;NaN;9;NaN;9;6.456;1;0.757;1;7.2815;1;0;8.53;0.89
TEM2008775_101;MFD_SETNO101;44.27075;-63.31605;321132;101;21-mar-08;05:48:00;31.889;1.0809;7.37084;0.125874107936508;1;NaN;9;NaN;9;7.3545;1;0.827;1;7.8995;1;0;8.89;0.93
TEM2008775_101;MFD_SETNO101;44.27075;-63.31605;321131;138;21-mar-08;05:48:00;33.0086;3.8173;5.59068;0.0355731174603175;1;32.933;1;6.2345;1;8.6955;1;1.0465;1;10.006;1;0;8.31;0.87
