CTD;CTD;CTD;CTD;CTD;CTD;CTD;CTD;CTD;CTD;CTD;labo;labo;terrain;labo;labo;labo;labo;calc;calc
Fichier;Station;Latitude;Longitude;Echantillon;zbouteille;Date;Heure;PSAL;TEMP_XX;DOXY;OXY_XX;Q_OXY;TEMP_RT;Q_TEMP_RT;SSAL_BS;Q_SSAL;QCFF;N_P;N_Si
(nom);(nom/no);(degres);(degres);(no_unique);(dbar);(jj-mmm-yyyy);(GMT);(psu);(celsius);(ml/l);(ml/l);((none));(celsius);((none));(g/kg);((none));((none));((none));((none))
TEL2007745_0;MFD_SETNO0;44.27055;-63.324717;304652;2;07-jul-07;22:18:43;30.8131;11.6824;5.03336;5.03336;1;11.6824;1;30.8131;1;0;NaN;NaN
TEL2007745_0;MFD_SETNO0;44.27055;-63.324717;304651;6;07-jul-07;22:18:43;30.7422;11.6739;5.04202;5.04202;1;11.6739;1;30.7422;1;0;NaN;NaN
TEL2007745_0;MFD_SETNO0;44.27055;-63.324717;304650;10;07-jul-07;22:18:43;30.8015;11.1754;5.0806;5.0806;1;11.1754;1;30.8015;1;0;NaN;NaN
TEL2007745_0;MFD_SETNO0;44.27055;-63.324717;304649;20;07-jul-07;22:18:43;31.2433;5.1399;5.7409;5.7409;1;5.1399;1;31.2433;1;0;NaN;NaN
TEL2007745_0;MFD_SETNO0;44.27055;-63.324717;304648;31;07-jul-07;22:18:43;31.8438;3.7165;5.80929;5.80929;1;3.7165;1;31.8438;1;0;NaN;NaN
TEL2007745_0;MFD_SETNO0;44.27055;-63.324717;304647;40;07-jul-07;22:18:43;32.0028;1.3231;5.4606;5.4606;1;1.3231;1;32.0028;1;0;NaN;NaN
TEL2007745_0;MFD_SETNO0;44.27055;-63.324717;304646;50;07-jul-07;22:18:43;32.2925;1.4171;5.31693;5.31693;1;1.4171;1;32.2925;1;0;NaN;NaN
TEL2007745_0;MFD_SETNO0;44.27055;-63.324717;304645;76;07-jul-07;22:18:43;32.522;1.5988;5.00246;5.00246;1;1.5988;1;32.522;1;0;NaN;NaN
TEL2007745_0;MFD_SETNO0;44.27055;-63.324717;304644;101;07-jul-07;22:18:43;32.8066;2.4359;4.67747;4.67747;1;2.4359;1;32.8066;1;0;NaN;NaN
TEL2007745_0;MFD_SETNO0;44.27055;-63.324717;304643;159;07-jul-07;22:18:43;33.9269;6.1181;3.32523;3.32523;1;6.1181;1;33.9269;1;0;NaN;NaN
TEL2007745_1;MFD_SETNO1;44.184033;-63.756367;304656;5;08-jul-07;03:39:46;30.9246;12.6825;4.83471;4.83471;1;12.6825;1;30.9246;1;0;NaN;NaN
TEL2007745_1;MFD_SETNO1;44.184033;-63.756367;304655;25;08-jul-07;03:39:46;31.8589;1.7398;5.91857;5.91857;1;1.7398;1;31.8589;1;0;NaN;NaN
TEL2007745_1;MFD_SETNO1;44.184033;-63.756367;304654;51;08-jul-07;03:39:46;32.3193;1.4244;5.25802;5.25802;1;1.4244;1;32.3193;1;0;NaN;NaN
TEL2007745_1;MFD_SETNO1;44.184033;-63.756367;304653;130;08-jul-07;03:39:46;32.9575;3.0714;4.44751;4.44751;1;3.0714;1;32.9575;1;0;NaN;NaN
TEL2007745_2;MFD_SETNO2;43.9541;-64.0432;304660;5;08-jul-07;07:00:58;31.227;10.664;5.0465;5.0465;1;10.664;1;31.227;1;0;NaN;NaN
TEL2007745_2;MFD_SETNO2;43.9541;-64.0432;304659;26;08-jul-07;07:00:58;31.9027;3.095;5.83691;5.83691;1;3.095;1;31.9027;1;0;NaN;NaN
TEL2007745_2;MFD_SETNO2;43.9541;-64.0432;304658;50;08-jul-07;07:00:58;32.5628;1.7598;4.91251;4.91251;1;1.7598;1;32.5628;1;0;NaN;NaN
TEL2007745_2;MFD_SETNO2;43.9541;-64.0432;304657;164;08-jul-07;07:00:58;34.3359;7.2011;2.97997;2.97997;1;7.2011;1;34.3359;1;0;NaN;NaN
TEL2007745_3;MFD_SETNO3;43.487667;-64.60825;304664;5;08-jul-07;13:29:09;31.3777;9.294;5.22955;5.22955;1;9.294;1;31.3777;1;0;NaN;NaN
TEL2007745_3;MFD_SETNO3;43.487667;-64.60825;304663;25;08-jul-07;13:29:09;31.665;4.5039;5.54907;5.54907;1;4.5039;1;31.665;1;0;NaN;NaN
TEL2007745_3;MFD_SETNO3;43.487667;-64.60825;304662;50;08-jul-07;13:29:09;32.0668;3.1114;5.29517;5.29517;1;3.1114;1;32.0668;1;0;NaN;NaN
TEL2007745_3;MFD_SETNO3;43.487667;-64.60825;304661;80;08-jul-07;13:29:09;32.4756;2.758;4.85609;4.85609;1;2.758;1;32.4756;1;0;NaN;NaN
TEL2007745_4;MFD_SETNO4;43.330383;-64.64955;304668;5;08-jul-07;16:16:48;30.9175;12.2154;4.86675;4.86675;1;12.2154;1;30.9175;1;0;NaN;NaN
TEL2007745_4;MFD_SETNO4;43.330383;-64.64955;304667;25;08-jul-07;16:16:48;31.454;5.5295;5.50424;5.50424;1;5.5295;1;31.454;1;0;NaN;NaN
TEL2007745_4;MFD_SETNO4;43.330383;-64.64955;304666;50;08-jul-07;16:16:48;31.5834;1.9384;5.6247;5.6247;1;1.9384;1;31.5834;1;0;NaN;NaN
TEL2007745_4;MFD_SETNO4;43.330383;-64.64955;304665;84;08-jul-07;16:16:48;32.3594;1.7118;5.06705;5.06705;1;1.7118;1;32.3594;1;0;NaN;NaN
TEL2007745_5;MFD_SETNO5;43.300983;-64.545633;304672;5;08-jul-07;18:18:29;30.9748;12.0054;4.91797;4.91797;1;12.0054;1;30.9748;1;0;NaN;NaN
TEL2007745_5;MFD_SETNO5;43.300983;-64.545633;304671;25;08-jul-07;18:18:29;31.4371;7.6754;5.41498;5.41498;1;7.6754;1;31.4371;1;0;NaN;NaN
TEL2007745_5;MFD_SETNO5;43.300983;-64.545633;304670;51;08-jul-07;18:18:29;31.5352;2.093;5.63699;5.63699;1;2.093;1;31.5352;1;0;NaN;NaN
TEL2007745_5;MFD_SETNO5;43.300983;-64.545633;304669;134;08-jul-07;18:18:29;33.8369;5.9237;3.32226;3.32226;1;5.9237;1;33.8369;1;0;NaN;NaN
TEL2007745_6;MFD_SETNO6;43.281883;-64.406517;304676;6;08-jul-07;20:38:32;31.1542;10.9481;5.02908;5.02908;1;10.9481;1;31.1542;1;0;NaN;NaN
TEL2007745_6;MFD_SETNO6;43.281883;-64.406517;304675;26;08-jul-07;20:38:32;31.3791;6.7373;5.40257;5.40257;1;6.7373;1;31.3791;1;0;NaN;NaN
TEL2007745_6;MFD_SETNO6;43.281883;-64.406517;304674;51;08-jul-07;20:38:32;31.9402;1.797;5.55603;5.55603;1;1.797;1;31.9402;1;0;NaN;NaN
TEL2007745_6;MFD_SETNO6;43.281883;-64.406517;304673;168;08-jul-07;20:38:32;34.3187;7.2154;2.66317;2.66317;1;7.2154;1;34.3187;1;0;NaN;NaN
TEL2007745_7;MFD_SETNO7;43.327083;-64.216867;304680;5;08-jul-07;23:04:34;30.8402;12.2115;4.84418;4.84418;1;12.2115;1;30.8402;1;0;NaN;NaN
TEL2007745_7;MFD_SETNO7;43.327083;-64.216867;304679;25;08-jul-07;23:04:34;31.5306;2.83;5.58286;5.58286;1;2.83;1;31.5306;1;0;NaN;NaN
TEL2007745_7;MFD_SETNO7;43.327083;-64.216867;304678;50;08-jul-07;23:04:34;32.3106;1.8222;5.26095;5.26095;1;1.8222;1;32.3106;1;0;NaN;NaN
TEL2007745_7;MFD_SETNO7;43.327083;-64.216867;304677;88;08-jul-07;23:04:34;33.1937;3.852;4.33725;4.33725;1;3.852;1;33.1937;1;0;NaN;NaN
TEL2007745_8;MFD_SETNO8;43.126983;-64.352433;304684;6;09-jul-07;01:15:54;30.9563;11.7435;4.9287;4.9287;1;11.7435;1;30.9563;1;0;NaN;NaN
TEL2007745_8;MFD_SETNO8;43.126983;-64.352433;304683;26;09-jul-07;01:15:54;31.5339;5.3182;5.48516;5.48516;1;5.3182;1;31.5339;1;0;NaN;NaN
TEL2007745_8;MFD_SETNO8;43.126983;-64.352433;304682;51;09-jul-07;01:15:54;31.9334;1.6722;5.41776;5.41776;1;1.6722;1;31.9334;1;0;NaN;NaN
TEL2007745_8;MFD_SETNO8;43.126983;-64.352433;304681;103;09-jul-07;01:15:54;33.509;5.328;4.40815;4.40815;1;5.328;1;33.509;1;0;NaN;NaN
TEL2007745_9;MFD_SETNO9;42.933933;-64.43075;304688;5;09-jul-07;04:07:30;30.8932;12.4262;4.7855;4.7855;1;12.4262;1;30.8932;1;0;NaN;NaN
TEL2007745_9;MFD_SETNO9;42.933933;-64.43075;304687;25;09-jul-07;04:07:30;31.8622;8.0013;5.37312;5.37312;1;8.0013;1;31.8622;1;0;NaN;NaN
TEL2007745_9;MFD_SETNO9;42.933933;-64.43075;304686;50;09-jul-07;04:07:30;32.2783;2.1218;5.41977;5.41977;1;2.1218;1;32.2783;1;0;NaN;NaN
TEL2007745_9;MFD_SETNO9;42.933933;-64.43075;304685;125;09-jul-07;04:07:30;34.4838;8.2584;3.76894;3.76894;1;8.2584;1;34.4838;1;0;NaN;NaN
TEL2007745_10;MFD_SETNO10;42.942383;-64.616967;304692;5;09-jul-07;06:32:32;30.898;12.3128;4.80137;4.80137;1;12.3128;1;30.898;1;0;NaN;NaN
TEL2007745_10;MFD_SETNO10;42.942383;-64.616967;304691;25;09-jul-07;06:32:32;31.8724;4.6741;5.68439;5.68439;1;4.6741;1;31.8724;1;0;NaN;NaN
TEL2007745_10;MFD_SETNO10;42.942383;-64.616967;304690;50;09-jul-07;06:32:32;32.3213;2.0665;5.29719;5.29719;1;2.0665;1;32.3213;1;0;NaN;NaN
TEL2007745_10;MFD_SETNO10;42.942383;-64.616967;304689;93;09-jul-07;06:32:32;33.293;4.5197;4.02105;4.02105;1;4.5197;1;33.293;1;0;NaN;NaN
TEL2007745_11;MFD_SETNO11;42.811867;-64.756617;304696;5;09-jul-07;09:14:18;31.2566;10.519;5.03867;5.03867;1;10.519;1;31.2566;1;0;NaN;NaN
TEL2007745_11;MFD_SETNO11;42.811867;-64.756617;304695;25;09-jul-07;09:14:18;31.6365;5.182;5.53628;5.53628;1;5.182;1;31.6365;1;0;NaN;NaN
TEL2007745_11;MFD_SETNO11;42.811867;-64.756617;304694;50;09-jul-07;09:14:18;32.4138;3.0123;4.79935;4.79935;1;3.0123;1;32.4138;1;0;NaN;NaN
TEL2007745_11;MFD_SETNO11;42.811867;-64.756617;304693;99;09-jul-07;09:14:18;32.4735;3.1527;4.65679;4.65679;1;3.1527;1;32.4735;1;0;NaN;NaN
TEL2007745_12;MFD_SETNO12;42.87795;-64.92865;304700;6;09-jul-07;12:47:48;31.6449;9.0208;5.24463;5.24463;1;9.0208;1;31.6449;1;0;NaN;NaN
TEL2007745_12;MFD_SETNO12;42.87795;-64.92865;304699;26;09-jul-07;12:47:48;31.9506;3.2606;5.34894;5.34894;1;3.2606;1;31.9506;1;0;NaN;NaN
TEL2007745_12;MFD_SETNO12;42.87795;-64.92865;304698;50;09-jul-07;12:47:48;32.2643;2.9153;4.95069;4.95069;1;2.9153;1;32.2643;1;0;NaN;NaN
TEL2007745_12;MFD_SETNO12;42.87795;-64.92865;304697;94;09-jul-07;12:47:48;32.7676;3.5883;4.32287;4.32287;1;3.5883;1;32.7676;1;0;NaN;NaN
TEL2007745_13;MFD_SETNO13;42.847633;-65.235433;304704;5;09-jul-07;14:26:37;31.4137;10.7669;5.11059;5.11059;1;10.7669;1;31.4137;1;0;NaN;NaN
TEL2007745_13;MFD_SETNO13;42.847633;-65.235433;304703;25;09-jul-07;14:26:37;31.612;7.4137;5.28196;5.28196;1;7.4137;1;31.612;1;0;NaN;NaN
TEL2007745_13;MFD_SETNO13;42.847633;-65.235433;304702;51;09-jul-07;14:26:37;32.0921;4.6438;5.04787;5.04787;1;4.6438;1;32.0921;1;0;NaN;NaN
TEL2007745_13;MFD_SETNO13;42.847633;-65.235433;304701;143;09-jul-07;14:26:37;33.3532;4.9434;3.58341;3.58341;1;4.9434;1;33.3532;1;0;NaN;NaN
TEL2007745_14;MFD_SETNO14;42.834633;-65.366583;304708;5;09-jul-07;17:12:40;31.3528;11.7258;5.0089;5.0089;1;11.7258;1;31.3528;1;0;NaN;NaN
TEL2007745_14;MFD_SETNO14;42.834633;-65.366583;304707;25;09-jul-07;17:12:40;31.6926;9.4376;5.20072;5.20072;1;9.4376;1;31.6926;1;0;NaN;NaN
TEL2007745_14;MFD_SETNO14;42.834633;-65.366583;304706;50;09-jul-07;17:12:40;32.1339;5.1117;5.04805;5.04805;1;5.1117;1;32.1339;1;0;NaN;NaN
TEL2007745_14;MFD_SETNO14;42.834633;-65.366583;304705;136;09-jul-07;17:12:40;32.9537;4.1579;4.07097;4.07097;1;4.1579;1;32.9537;1;0;NaN;NaN
TEL2007745_15;MFD_SETNO15;42.978633;-65.506333;304712;5;09-jul-07;22:07:04;31.3699;11.4633;5.06113;5.06113;1;11.4633;1;31.3699;1;0;NaN;NaN
TEL2007745_15;MFD_SETNO15;42.978633;-65.506333;304711;26;09-jul-07;22:07:04;31.7469;6.9313;5.25679;5.25679;1;6.9313;1;31.7469;1;0;NaN;NaN
TEL2007745_15;MFD_SETNO15;42.978633;-65.506333;304710;51;09-jul-07;22:07:04;32.0957;4.8017;5.04984;5.04984;1;4.8017;1;32.0957;1;0;NaN;NaN
TEL2007745_15;MFD_SETNO15;42.978633;-65.506333;304709;117;09-jul-07;22:07:04;32.9195;4.2123;4.0822;4.0822;1;4.2123;1;32.9195;1;0;NaN;NaN
TEL2007745_17;MFD_SETNO17;42.9042;-65.592583;304716;6;10-jul-07;03:42:16;32.0405;9.5995;5.70142;5.70142;1;9.5995;1;32.0405;1;0;NaN;NaN
TEL2007745_17;MFD_SETNO17;42.9042;-65.592583;304715;26;10-jul-07;03:42:16;32.306;7.7151;5.15729;5.15729;1;7.7151;1;32.306;1;0;NaN;NaN
TEL2007745_17;MFD_SETNO17;42.9042;-65.592583;304714;50;10-jul-07;03:42:16;32.6547;5.3046;4.72919;4.72919;1;5.3046;1;32.6547;1;0;NaN;NaN
TEL2007745_17;MFD_SETNO17;42.9042;-65.592583;304713;122;10-jul-07;03:42:16;32.7666;4.9695;4.57617;4.57617;1;4.9695;1;32.7666;1;0;NaN;NaN
TEL2007745_19;MFD_SETNO19;42.783983;-65.912817;304720;6;10-jul-07;08:48:59;32.1756;9.5483;5.19903;5.19903;1;9.5483;1;32.1756;1;0;NaN;NaN
TEL2007745_19;MFD_SETNO19;42.783983;-65.912817;304719;26;10-jul-07;08:48:59;32.5207;7.2364;4.93031;4.93031;1;7.2364;1;32.5207;1;0;NaN;NaN
TEL2007745_19;MFD_SETNO19;42.783983;-65.912817;304718;51;10-jul-07;08:48:59;32.7116;6.4862;4.80548;4.80548;1;6.4862;1;32.7116;1;0;NaN;NaN
TEL2007745_19;MFD_SETNO19;42.783983;-65.912817;304717;88;10-jul-07;08:48:59;32.7446;6.403;4.77197;4.77197;1;6.403;1;32.7446;1;0;NaN;NaN
TEL2007745_22;MFD_SETNO22;42.66775;-66.906067;304724;5;10-jul-07;17:42:10;31.8493;12.1397;4.92731;4.92731;1;12.1397;1;31.8493;1;0;NaN;NaN
TEL2007745_22;MFD_SETNO22;42.66775;-66.906067;304723;26;10-jul-07;17:42:10;32.1751;8.0032;5.24718;5.24718;1;8.0032;1;32.1751;1;0;NaN;NaN
TEL2007745_22;MFD_SETNO22;42.66775;-66.906067;304722;51;10-jul-07;17:42:10;33.5159;6.9375;4.47081;4.47081;1;6.9375;1;33.5159;1;0;NaN;NaN
TEL2007745_22;MFD_SETNO22;42.66775;-66.906067;304721;221;10-jul-07;17:42:10;34.8188;7.7192;3.36015;3.36015;1;7.7192;1;34.8188;1;0;NaN;NaN
TEL2007745_23;MFD_SETNO23;42.77935;-66.863533;304728;6;10-jul-07;20:27:33;31.8245;11.1978;5.05015;5.05015;1;11.1978;1;31.8245;1;0;NaN;NaN
TEL2007745_23;MFD_SETNO23;42.77935;-66.863533;304727;25;10-jul-07;20:27:33;32.2844;6.7034;5.04382;5.04382;1;6.7034;1;32.2844;1;0;NaN;NaN
TEL2007745_23;MFD_SETNO23;42.77935;-66.863533;304726;51;10-jul-07;20:27:33;32.6412;6.1824;4.82722;4.82722;1;6.1824;1;32.6412;1;0;NaN;NaN
TEL2007745_23;MFD_SETNO23;42.77935;-66.863533;304725;209;10-jul-07;20:27:33;34.5496;8.1242;3.59756;3.59756;1;8.1242;1;34.5496;1;0;NaN;NaN
TEL2007745_24;MFD_SETNO24;42.89265;-66.7727;304732;6;10-jul-07;23:03:38;32.0225;9.8198;5.24077;5.24077;1;9.8198;1;32.0225;1;0;NaN;NaN
TEL2007745_24;MFD_SETNO24;42.89265;-66.7727;304731;26;10-jul-07;23:03:38;32.0683;9.0508;5.14784;5.14784;1;9.0508;1;32.0683;1;0;NaN;NaN
TEL2007745_24;MFD_SETNO24;42.89265;-66.7727;304730;49;10-jul-07;23:03:38;32.528;6.0381;4.90957;4.90957;1;6.0381;1;32.528;1;0;NaN;NaN
TEL2007745_24;MFD_SETNO24;42.89265;-66.7727;304729;204;10-jul-07;23:03:38;34.3198;7.5057;3.72812;3.72812;1;7.5057;1;34.3198;1;0;NaN;NaN
TEL2007745_25;MFD_SETNO25;42.927933;-66.80315;304736;6;11-jul-07;01:01:41;32.0618;9.5268;5.17812;5.17812;1;9.5268;1;32.0618;1;0;NaN;NaN
TEL2007745_25;MFD_SETNO25;42.927933;-66.80315;304735;26;11-jul-07;01:01:41;32.361;6.448;4.98096;4.98096;1;6.448;1;32.361;1;0;NaN;NaN
TEL2007745_25;MFD_SETNO25;42.927933;-66.80315;304734;50;11-jul-07;01:01:41;32.428;6.3672;4.93035;4.93035;1;6.3672;1;32.428;1;0;NaN;NaN
TEL2007745_25;MFD_SETNO25;42.927933;-66.80315;304733;189;11-jul-07;01:01:41;34.1718;7.1631;3.81603;3.81603;1;7.1631;1;34.1718;1;0;NaN;NaN
TEL2007745_26;MFD_SETNO26;43.176233;-66.785817;304740;5;11-jul-07;04:30:06;32.2662;10.1146;5.16394;5.16394;1;10.1146;1;32.2662;1;0;NaN;NaN
TEL2007745_26;MFD_SETNO26;43.176233;-66.785817;304739;25;11-jul-07;04:30:06;32.4581;7.5028;4.97192;4.97192;1;7.5028;1;32.4581;1;0;NaN;NaN
TEL2007745_26;MFD_SETNO26;43.176233;-66.785817;304738;50;11-jul-07;04:30:06;33.1811;6.6005;4.51902;4.51902;1;6.6005;1;33.1811;1;0;NaN;NaN
TEL2007745_26;MFD_SETNO26;43.176233;-66.785817;304737;146;11-jul-07;04:30:06;33.7735;6.7336;4.05957;4.05957;1;6.7336;1;33.7735;1;0;NaN;NaN
TEL2007745_27;MFD_SETNO27;43.553133;-66.5927;304744;5;11-jul-07;08:35:29;31.8674;9.9923;5.35946;5.35946;1;9.9923;1;31.8674;1;0;NaN;NaN
TEL2007745_27;MFD_SETNO27;43.553133;-66.5927;304743;25;11-jul-07;08:35:29;32.0334;8.1744;5.30332;5.30332;1;8.1744;1;32.0334;1;0;NaN;NaN
TEL2007745_27;MFD_SETNO27;43.553133;-66.5927;304742;51;11-jul-07;08:35:29;32.2624;7.3188;4.99115;4.99115;1;7.3188;1;32.2624;1;0;NaN;NaN
TEL2007745_27;MFD_SETNO27;43.553133;-66.5927;304741;111;11-jul-07;08:35:29;33.2729;6.8033;4.35274;4.35274;1;6.8033;1;33.2729;1;0;NaN;NaN
TEL2007745_28;MFD_SETNO28;43.809767;-66.559917;304748;5;11-jul-07;12:07:51;31.9825;9.4245;5.45752;5.45752;1;9.4245;1;31.9825;1;0;NaN;NaN
TEL2007745_28;MFD_SETNO28;43.809767;-66.559917;304747;26;11-jul-07;12:07:51;32.1786;8.7154;5.31851;5.31851;1;8.7154;1;32.1786;1;0;NaN;NaN
TEL2007745_28;MFD_SETNO28;43.809767;-66.559917;304746;51;11-jul-07;12:07:51;32.4441;8.246;4.98937;4.98937;1;8.246;1;32.4441;1;0;NaN;NaN
TEL2007745_28;MFD_SETNO28;43.809767;-66.559917;304745;105;11-jul-07;12:07:51;32.8545;6.9613;4.59536;4.59536;1;6.9613;1;32.8545;1;0;NaN;NaN
TEL2007745_30;MFD_SETNO30;44.1952;-66.541883;304752;5;11-jul-07;18:32:31;32.4189;7.8586;4.83922;4.83922;1;7.8586;1;32.4189;1;0;NaN;NaN
TEL2007745_30;MFD_SETNO30;44.1952;-66.541883;304751;25;11-jul-07;18:32:31;32.5603;7.4667;4.75133;4.75133;1;7.4667;1;32.5603;1;0;NaN;NaN
TEL2007745_30;MFD_SETNO30;44.1952;-66.541883;304750;50;11-jul-07;18:32:31;32.5988;7.3636;4.72073;4.72073;1;7.3636;1;32.5988;1;0;NaN;NaN
TEL2007745_30;MFD_SETNO30;44.1952;-66.541883;304749;90;11-jul-07;18:32:31;32.6708;7.1903;4.67314;4.67314;1;7.1903;1;32.6708;1;0;NaN;NaN
TEL2007745_31;MFD_SETNO31;44.33765;-66.528967;304756;6;11-jul-07;21:18:29;32.2182;8.7408;5.00186;5.00186;1;8.7408;1;32.2182;1;0;NaN;NaN
TEL2007745_31;MFD_SETNO31;44.33765;-66.528967;304755;25;11-jul-07;21:18:29;32.4672;7.5063;4.81508;4.81508;1;7.5063;1;32.4672;1;0;NaN;NaN
TEL2007745_31;MFD_SETNO31;44.33765;-66.528967;304754;51;11-jul-07;21:18:29;32.6169;6.9442;4.70396;4.70396;1;6.9442;1;32.6169;1;0;NaN;NaN
TEL2007745_31;MFD_SETNO31;44.33765;-66.528967;304753;200;11-jul-07;21:18:29;33.3421;6.2825;4.19407;4.19407;1;6.2825;1;33.3421;1;0;NaN;NaN
TEL2007745_32;MFD_SETNO32;44.6619;-66.18045;304760;5;12-jul-07;01:14:36;32.1276;8.8144;5.15193;5.15193;1;8.8144;1;32.1276;1;0;NaN;NaN
TEL2007745_32;MFD_SETNO32;44.6619;-66.18045;304759;26;12-jul-07;01:14:36;32.283;8.1517;4.87795;4.87795;1;8.1517;1;32.283;1;0;NaN;NaN
TEL2007745_32;MFD_SETNO32;44.6619;-66.18045;304758;50;12-jul-07;01:14:36;32.5077;6.9081;4.75636;4.75636;1;6.9081;1;32.5077;1;0;NaN;NaN
TEL2007745_32;MFD_SETNO32;44.6619;-66.18045;304757;122;12-jul-07;01:14:36;32.7781;6.3647;4.56837;4.56837;1;6.3647;1;32.7781;1;0;NaN;NaN
TEL2007745_33;MFD_SETNO33;44.757817;-65.8966;304764;6;12-jul-07;03:40:18;32.0837;9.2852;5.18741;5.18741;1;9.2852;1;32.0837;1;0;NaN;NaN
TEL2007745_33;MFD_SETNO33;44.757817;-65.8966;304763;26;12-jul-07;03:40:18;32.1497;7.9856;5.00474;5.00474;1;7.9856;1;32.1497;1;0;NaN;NaN
TEL2007745_33;MFD_SETNO33;44.757817;-65.8966;304762;50;12-jul-07;03:40:18;32.1493;7.8771;4.97091;4.97091;1;7.8771;1;32.1493;1;0;NaN;NaN
TEL2007745_33;MFD_SETNO33;44.757817;-65.8966;304761;92;12-jul-07;03:40:18;32.152;7.8006;4.96796;4.96796;1;7.8006;1;32.152;1;0;NaN;NaN
TEL2007745_34;MFD_SETNO34;44.796617;-65.748367;304768;5;12-jul-07;05:25:30;32.0673;8.5516;4.74533;4.74533;1;8.5516;1;32.0673;1;0;NaN;NaN
TEL2007745_34;MFD_SETNO34;44.796617;-65.748367;304767;25;12-jul-07;05:25:30;32.0716;8.4687;4.98792;4.98792;1;8.4687;1;32.0716;1;0;NaN;NaN
TEL2007745_34;MFD_SETNO34;44.796617;-65.748367;304766;50;12-jul-07;05:25:30;32.0878;8.3347;4.99082;4.99082;1;8.3347;1;32.0878;1;0;NaN;NaN
TEL2007745_34;MFD_SETNO34;44.796617;-65.748367;304765;74;12-jul-07;05:25:30;32.0981;8.1997;4.99646;4.99646;1;8.1997;1;32.0981;1;0;NaN;NaN
TEL2007745_35;MFD_SETNO35;44.98175;-65.324067;304772;6;12-jul-07;08:55:08;32.0268;9.544;5.0552;5.0552;1;9.544;1;32.0268;1;0;NaN;NaN
TEL2007745_35;MFD_SETNO35;44.98175;-65.324067;304771;25;12-jul-07;08:55:08;32.0289;9.4776;5.07144;5.07144;1;9.4776;1;32.0289;1;0;NaN;NaN
TEL2007745_35;MFD_SETNO35;44.98175;-65.324067;304770;50;12-jul-07;08:55:08;32.0297;9.4544;5.07718;5.07718;1;9.4544;1;32.0297;1;0;NaN;NaN
TEL2007745_35;MFD_SETNO35;44.98175;-65.324067;304769;67;12-jul-07;08:55:08;32.029;9.4513;5.08031;5.08031;1;9.4513;1;32.029;1;0;NaN;NaN
TEL2007745_36;MFD_SETNO36;45.22895;-65.217;304776;5;12-jul-07;12:15:15;31.7168;9.6815;5.3176;5.3176;1;9.6815;1;31.7168;1;0;NaN;NaN
TEL2007745_36;MFD_SETNO36;45.22895;-65.217;304775;26;12-jul-07;12:15:15;31.7183;9.6826;5.31976;5.31976;1;9.6826;1;31.7183;1;0;NaN;NaN
TEL2007745_36;MFD_SETNO36;45.22895;-65.217;304774;51;12-jul-07;12:15:15;31.7199;9.6835;5.3264;5.3264;1;9.6835;1;31.7199;1;0;NaN;NaN
TEL2007745_36;MFD_SETNO36;45.22895;-65.217;304773;66;12-jul-07;12:15:15;31.7193;9.6863;5.32051;5.32051;1;9.6863;1;31.7193;1;0;NaN;NaN
TEL2007745_37;MFD_SETNO37;45.273283;-64.9909;304780;5;12-jul-07;14:41:08;31.6562;9.93;5.29505;5.29505;1;9.93;1;31.6562;1;0;NaN;NaN
TEL2007745_37;MFD_SETNO37;45.273283;-64.9909;304779;26;12-jul-07;14:41:08;31.6638;9.8961;5.2926;5.2926;1;9.8961;1;31.6638;1;0;NaN;NaN
TEL2007745_37;MFD_SETNO37;45.273283;-64.9909;304778;50;12-jul-07;14:41:08;31.6645;9.8896;5.29863;5.29863;1;9.8896;1;31.6645;1;0;NaN;NaN
TEL2007745_37;MFD_SETNO37;45.273283;-64.9909;304777;68;12-jul-07;14:41:08;31.6641;9.8855;5.30141;5.30141;1;9.8855;1;31.6641;1;0;NaN;NaN
TEL2007745_38;MFD_SETNO38;45.298567;-65.126367;304784;5;12-jul-07;16:40:32;31.4236;10.1911;5.34586;5.34586;1;10.1911;1;31.4236;1;0;NaN;NaN
TEL2007745_38;MFD_SETNO38;45.298567;-65.126367;304783;25;12-jul-07;16:40:32;31.4279;10.1757;5.4084;5.4084;1;10.1757;1;31.4279;1;0;NaN;NaN
TEL2007745_38;MFD_SETNO38;45.298567;-65.126367;304782;50;12-jul-07;16:40:32;31.4303;10.1661;5.41289;5.41289;1;10.1661;1;31.4303;1;0;NaN;NaN
TEL2007745_38;MFD_SETNO38;45.298567;-65.126367;304781;51;12-jul-07;16:40:32;31.43;10.1673;5.41196;5.41196;1;10.1673;1;31.43;1;0;NaN;NaN
TEL2007745_39;MFD_SETNO39;45.204917;-65.313533;304788;5;12-jul-07;18:43:48;31.5221;10.054;5.35161;5.35161;1;10.054;1;31.5221;1;0;NaN;NaN
TEL2007745_39;MFD_SETNO39;45.204917;-65.313533;304787;25;12-jul-07;18:43:48;31.5965;9.9043;5.345;5.345;1;9.9043;1;31.5965;1;0;NaN;NaN
TEL2007745_39;MFD_SETNO39;45.204917;-65.313533;304786;50;12-jul-07;18:43:48;31.6357;9.8255;5.33926;5.33926;1;9.8255;1;31.6357;1;0;NaN;NaN
TEL2007745_39;MFD_SETNO39;45.204917;-65.313533;304785;56;12-jul-07;18:43:48;31.6411;9.8166;5.33823;5.33823;1;9.8166;1;31.6411;1;0;NaN;NaN
TEL2007745_40;MFD_SETNO40;45.161067;-65.766817;304792;6;12-jul-07;22:17:11;31.758;9.1758;5.36834;5.36834;1;9.1758;1;31.758;1;0;NaN;NaN
TEL2007745_40;MFD_SETNO40;45.161067;-65.766817;304791;26;12-jul-07;22:17:11;31.7596;9.1232;5.36623;5.36623;1;9.1232;1;31.7596;1;0;NaN;NaN
TEL2007745_40;MFD_SETNO40;45.161067;-65.766817;304790;51;12-jul-07;22:17:11;31.7617;9.1273;5.36853;5.36853;1;9.1273;1;31.7617;1;0;NaN;NaN
TEL2007745_40;MFD_SETNO40;45.161067;-65.766817;304789;72;12-jul-07;22:17:11;31.7687;9.0867;5.36923;5.36923;1;9.0867;1;31.7687;1;0;NaN;NaN
TEL2007745_41;MFD_SETNO41;45.088767;-65.943983;304796;5;13-jul-07;00:49:21;31.9865;9.0498;5.2661;5.2661;1;9.0498;1;31.9865;1;0;NaN;NaN
TEL2007745_41;MFD_SETNO41;45.088767;-65.943983;304795;25;13-jul-07;00:49:21;32.057;7.9203;5.18467;5.18467;1;7.9203;1;32.057;1;0;NaN;NaN
TEL2007745_41;MFD_SETNO41;45.088767;-65.943983;304794;50;13-jul-07;00:49:21;32.073;7.6882;5.1625;5.1625;1;7.6882;1;32.073;1;0;NaN;NaN
TEL2007745_41;MFD_SETNO41;45.088767;-65.943983;304793;93;13-jul-07;00:49:21;32.0734;7.6959;5.16652;5.16652;1;7.6959;1;32.0734;1;0;NaN;NaN
TEL2007745_42;MFD_SETNO42;44.992683;-66.236233;304800;5;13-jul-07;03:42:27;31.8721;10.5702;5.29178;5.29178;1;10.5702;1;31.8721;1;0;NaN;NaN
TEL2007745_42;MFD_SETNO42;44.992683;-66.236233;304799;25;13-jul-07;03:42:27;32.154;7.3815;5.05524;5.05524;1;7.3815;1;32.154;1;0;NaN;NaN
TEL2007745_42;MFD_SETNO42;44.992683;-66.236233;304798;50;13-jul-07;03:42:27;32.2254;6.9747;4.96152;4.96152;1;6.9747;1;32.2254;1;0;NaN;NaN
TEL2007745_42;MFD_SETNO42;44.992683;-66.236233;304797;98;13-jul-07;03:42:27;32.296;6.627;4.90613;4.90613;1;6.627;1;32.296;1;0;NaN;NaN
TEL2007745_43;MFD_SETNO43;45.018783;-66.319267;304804;4;13-jul-07;06:02:34;31.8786;9.2336;5.38082;5.38082;1;9.2336;1;31.8786;1;0;NaN;NaN
TEL2007745_43;MFD_SETNO43;45.018783;-66.319267;304803;25;13-jul-07;06:02:34;32.0588;7.7725;5.20522;5.20522;1;7.7725;1;32.0588;1;0;NaN;NaN
TEL2007745_43;MFD_SETNO43;45.018783;-66.319267;304802;50;13-jul-07;06:02:34;32.1491;7.0705;5.0877;5.0877;1;7.0705;1;32.1491;1;0;NaN;NaN
TEL2007745_43;MFD_SETNO43;45.018783;-66.319267;304801;90;13-jul-07;06:02:34;32.1589;6.9987;5.06609;5.06609;1;6.9987;1;32.1589;1;0;NaN;NaN
TEL2007745_44;MFD_SETNO44;44.955483;-66.567533;304808;5;13-jul-07;08:34:22;31.5626;8.9713;5.29952;5.29952;1;8.9713;1;31.5626;1;0;NaN;NaN
TEL2007745_44;MFD_SETNO44;44.955483;-66.567533;304807;26;13-jul-07;08:34:22;31.7111;8.6696;5.33186;5.33186;1;8.6696;1;31.7111;1;0;NaN;NaN
TEL2007745_44;MFD_SETNO44;44.955483;-66.567533;304806;50;13-jul-07;08:34:22;32.0083;7.5678;5.16569;5.16569;1;7.5678;1;32.0083;1;0;NaN;NaN
TEL2007745_44;MFD_SETNO44;44.955483;-66.567533;304805;59;13-jul-07;08:34:22;32.0214;7.5036;5.13818;5.13818;1;7.5036;1;32.0214;1;0;NaN;NaN
TEL2007745_45;MFD_SETNO45;44.863617;-66.743383;304812;5;13-jul-07;10:59:22;31.5712;8.9607;5.33756;5.33756;1;8.9607;1;31.5712;1;0;NaN;NaN
TEL2007745_45;MFD_SETNO45;44.863617;-66.743383;304811;26;13-jul-07;10:59:22;31.9023;7.6783;5.17886;5.17886;1;7.6783;1;31.9023;1;0;NaN;NaN
TEL2007745_45;MFD_SETNO45;44.863617;-66.743383;304810;51;13-jul-07;10:59:22;31.9383;7.5584;5.15607;5.15607;1;7.5584;1;31.9383;1;0;NaN;NaN
TEL2007745_45;MFD_SETNO45;44.863617;-66.743383;304809;151;13-jul-07;10:59:22;32.5491;5.982;4.68857;4.68857;1;5.982;1;32.5491;1;0;NaN;NaN
TEL2007745_46;MFD_SETNO46;44.84785;-66.6577;304816;6;13-jul-07;12:58:27;31.3359;9.6444;5.34532;5.34532;1;9.6444;1;31.3359;1;0;NaN;NaN
TEL2007745_46;MFD_SETNO46;44.84785;-66.6577;304815;26;13-jul-07;12:58:27;31.7566;8.5368;5.27718;5.27718;1;8.5368;1;31.7566;1;0;NaN;NaN
TEL2007745_46;MFD_SETNO46;44.84785;-66.6577;304814;51;13-jul-07;12:58:27;31.9146;7.6323;5.15154;5.15154;1;7.6323;1;31.9146;1;0;NaN;NaN
TEL2007745_46;MFD_SETNO46;44.84785;-66.6577;304813;123;13-jul-07;12:58:27;32.5643;6.0065;4.69208;4.69208;1;6.0065;1;32.5643;1;0;NaN;NaN
TEL2007745_47;MFD_SETNO47;44.476833;-66.5906;304820;5;13-jul-07;16:33:32;32.0186;8.2883;5.06676;5.06676;1;8.2883;1;32.0186;1;0;NaN;NaN
TEL2007745_47;MFD_SETNO47;44.476833;-66.5906;304819;26;13-jul-07;16:33:32;32.3712;7.3524;4.86934;4.86934;1;7.3524;1;32.3712;1;0;NaN;NaN
TEL2007745_47;MFD_SETNO47;44.476833;-66.5906;304818;50;13-jul-07;16:33:32;32.4835;7.2012;4.80557;4.80557;1;7.2012;1;32.4835;1;0;NaN;NaN
TEL2007745_47;MFD_SETNO47;44.476833;-66.5906;304817;94;13-jul-07;16:33:32;32.9716;6.6254;4.42588;4.42588;1;6.6254;1;32.9716;1;0;NaN;NaN
TEL2007745_48;MFD_SETNO48;44.249883;-66.794717;304824;5;13-jul-07;19:21:00;32.223;9.139;5.32876;5.32876;1;9.139;1;32.223;1;0;NaN;NaN
TEL2007745_48;MFD_SETNO48;44.249883;-66.794717;304823;25;13-jul-07;19:21:00;32.3694;8.0483;4.96884;4.96884;1;8.0483;1;32.3694;1;0;NaN;NaN
TEL2007745_48;MFD_SETNO48;44.249883;-66.794717;304822;50;13-jul-07;19:21:00;32.5045;7.1196;4.78178;4.78178;1;7.1196;1;32.5045;1;0;NaN;NaN
TEL2007745_48;MFD_SETNO48;44.249883;-66.794717;304821;184;13-jul-07;19:21:00;33.6236;6.2432;4.06094;4.06094;1;6.2432;1;33.6236;1;0;NaN;NaN
TEL2007745_49;MFD_SETNO49;43.566283;-67.073617;304828;6;14-jul-07;02:21:33;32.3102;11.8739;5.25682;5.25682;1;11.8739;1;32.3102;1;0;NaN;NaN
TEL2007745_49;MFD_SETNO49;43.566283;-67.073617;304827;26;14-jul-07;02:21:33;32.6542;8.2234;4.94337;4.94337;1;8.2234;1;32.6542;1;0;NaN;NaN
TEL2007745_49;MFD_SETNO49;43.566283;-67.073617;304826;51;14-jul-07;02:21:33;33.2277;6.4198;4.47372;4.47372;1;6.4198;1;33.2277;1;0;NaN;NaN
TEL2007745_49;MFD_SETNO49;43.566283;-67.073617;304825;209;14-jul-07;02:21:33;34.2094;6.856;3.55827;3.55827;1;6.856;1;34.2094;1;0;NaN;NaN
TEL2007745_50;MFD_SETNO50;42.61405;-67.142433;304832;5;14-jul-07;09:07:48;31.9378;13.4223;4.78986;4.78986;1;13.4223;1;31.9378;1;0;NaN;NaN
TEL2007745_50;MFD_SETNO50;42.61405;-67.142433;304831;26;14-jul-07;09:07:48;32.7523;6.9737;4.97362;4.97362;1;6.9737;1;32.7523;1;0;NaN;NaN
TEL2007745_50;MFD_SETNO50;42.61405;-67.142433;304830;51;14-jul-07;09:07:48;33.2729;5.6838;4.59416;4.59416;1;5.6838;1;33.2729;1;0;NaN;NaN
TEL2007745_50;MFD_SETNO50;42.61405;-67.142433;304829;282;14-jul-07;09:07:48;34.8476;7.0907;3.38256;3.38256;1;7.0907;1;34.8476;1;0;NaN;NaN
TEL2007745_51;MFD_SETNO51;42.39205;-67.028867;304836;6;14-jul-07;12:34:53;32.1881;15.0712;4.61647;4.61647;1;15.0712;1;32.1881;1;0;NaN;NaN
TEL2007745_51;MFD_SETNO51;42.39205;-67.028867;304835;26;14-jul-07;12:34:53;32.2342;8.9221;5.18883;5.18883;1;8.9221;1;32.2342;1;0;NaN;NaN
TEL2007745_51;MFD_SETNO51;42.39205;-67.028867;304834;51;14-jul-07;12:34:53;33.0194;5.8689;4.74319;4.74319;1;5.8689;1;33.0194;1;0;NaN;NaN
TEL2007745_51;MFD_SETNO51;42.39205;-67.028867;304833;351;14-jul-07;12:34:53;34.8588;6.9839;3.38464;3.38464;1;6.9839;1;34.8588;1;0;NaN;NaN
TEL2007745_52;MFD_SETNO52;42.6373;-66.114033;304840;5;15-jul-07;04:27:16;31.6969;11.1531;5.0354;5.0354;1;11.1531;1;31.6969;1;0;NaN;NaN
TEL2007745_52;MFD_SETNO52;42.6373;-66.114033;304839;26;15-jul-07;04:27:16;32.6001;5.854;4.87184;4.87184;1;5.854;1;32.6001;1;0;NaN;NaN
TEL2007745_52;MFD_SETNO52;42.6373;-66.114033;304838;50;15-jul-07;04:27:16;32.9064;6.303;4.61006;4.61006;1;6.303;1;32.9064;1;0;NaN;NaN
TEL2007745_52;MFD_SETNO52;42.6373;-66.114033;304837;68;15-jul-07;04:27:16;32.9536;6.3287;4.57615;4.57615;1;6.3287;1;32.9536;1;0;NaN;NaN
TEL2007745_53;MFD_SETNO53;42.603367;-66.226017;304844;5;15-jul-07;06:32:09;31.9374;13.2747;4.82888;4.82888;1;13.2747;1;31.9374;1;0;NaN;NaN
TEL2007745_53;MFD_SETNO53;42.603367;-66.226017;304843;26;15-jul-07;06:32:09;31.9457;9.5538;5.14429;5.14429;1;9.5538;1;31.9457;1;0;NaN;NaN
TEL2007745_53;MFD_SETNO53;42.603367;-66.226017;304842;49;15-jul-07;06:32:09;32.469;5.6423;4.91108;4.91108;1;5.6423;1;32.469;1;0;NaN;NaN
TEL2007745_53;MFD_SETNO53;42.603367;-66.226017;304841;70;15-jul-07;06:32:09;32.8438;5.8371;4.64013;4.64013;1;5.8371;1;32.8438;1;0;NaN;NaN
TEL2007745_54;MFD_SETNO54;42.435833;-66.573467;304848;5;15-jul-07;10:21:06;32.0881;13.3579;4.79855;4.79855;1;13.3579;1;32.0881;1;0;NaN;NaN
TEL2007745_54;MFD_SETNO54;42.435833;-66.573467;304847;25;15-jul-07;10:21:06;32.4722;7.4904;5.09577;5.09577;1;7.4904;1;32.4722;1;0;NaN;NaN
TEL2007745_54;MFD_SETNO54;42.435833;-66.573467;304846;51;15-jul-07;10:21:06;32.9041;5.8316;4.7803;4.7803;1;5.8316;1;32.9041;1;0;NaN;NaN
TEL2007745_54;MFD_SETNO54;42.435833;-66.573467;304845;298;15-jul-07;10:21:06;34.8292;6.9036;3.45305;3.45305;1;6.9036;1;34.8292;1;0;NaN;NaN
TEL2007745_55;MFD_SETNO55;42.561783;-65.948267;304852;5;15-jul-07;14:26:47;31.4818;12.4426;4.93632;4.93632;1;12.4426;1;31.4818;1;0;NaN;NaN
TEL2007745_55;MFD_SETNO55;42.561783;-65.948267;304851;24;15-jul-07;14:26:47;31.6361;8.8056;5.31004;5.31004;1;8.8056;1;31.6361;1;0;NaN;NaN
TEL2007745_55;MFD_SETNO55;42.561783;-65.948267;304850;50;15-jul-07;14:26:47;32.314;5.5703;5.11263;5.11263;1;5.5703;1;32.314;1;0;NaN;NaN
TEL2007745_55;MFD_SETNO55;42.561783;-65.948267;304849;104;15-jul-07;14:26:47;33.7572;6.8334;4.02591;4.02591;1;6.8334;1;33.7572;1;0;NaN;NaN
TEL2007745_56;MFD_SETNO56;42.554683;-65.63585;304856;4;15-jul-07;16:48:40;31.5916;11.048;5.12816;5.12816;1;11.048;1;31.5916;1;0;NaN;NaN
TEL2007745_56;MFD_SETNO56;42.554683;-65.63585;304855;25;15-jul-07;16:48:40;31.6788;8.804;5.21134;5.21134;1;8.804;1;31.6788;1;0;NaN;NaN
TEL2007745_56;MFD_SETNO56;42.554683;-65.63585;304854;51;15-jul-07;16:48:40;32.0716;5.185;5.04819;5.04819;1;5.185;1;32.0716;1;0;NaN;NaN
TEL2007745_56;MFD_SETNO56;42.554683;-65.63585;304853;91;15-jul-07;16:48:40;33.4328;6.3411;4.24247;4.24247;1;6.3411;1;33.4328;1;0;NaN;NaN
TEL2007745_57;MFD_SETNO57;42.413833;-65.610383;304860;5;15-jul-07;18:46:19;31.6811;8.223;5.04337;5.04337;1;8.223;1;31.6811;1;0;NaN;NaN
TEL2007745_57;MFD_SETNO57;42.413833;-65.610383;304859;25;15-jul-07;18:46:19;32.2238;5.0292;5.00242;5.00242;1;5.0292;1;32.2238;1;0;NaN;NaN
TEL2007745_57;MFD_SETNO57;42.413833;-65.610383;304858;50;15-jul-07;18:46:19;32.5124;4.8253;4.81197;4.81197;1;4.8253;1;32.5124;1;0;NaN;NaN
TEL2007745_57;MFD_SETNO57;42.413833;-65.610383;304857;93;15-jul-07;18:46:19;33.2217;5.944;4.37482;4.37482;1;5.944;1;33.2217;1;0;NaN;NaN
TEL2007745_58;MFD_SETNO58;42.149083;-65.622733;304864;6;15-jul-07;22:13:18;31.4618;11.9614;5.01058;5.01058;1;11.9614;1;31.4618;1;0;NaN;NaN
TEL2007745_58;MFD_SETNO58;42.149083;-65.622733;304863;26;15-jul-07;22:13:18;31.5441;9.1274;5.28557;5.28557;1;9.1274;1;31.5441;1;0;NaN;NaN
TEL2007745_58;MFD_SETNO58;42.149083;-65.622733;304862;52;15-jul-07;22:13:18;31.8801;4.2381;5.43014;5.43014;1;4.2381;1;31.8801;1;0;NaN;NaN
TEL2007745_58;MFD_SETNO58;42.149083;-65.622733;304861;259;15-jul-07;22:13:18;34.7151;7.6869;3.42416;3.42416;1;7.6869;1;34.7151;1;0;NaN;NaN
TEL2007745_59;MFD_SETNO59;42.27325;-65.392933;304868;6;16-jul-07;00:41:09;31.5121;11.6337;5.06601;5.06601;1;11.6337;1;31.5121;1;0;NaN;NaN
TEL2007745_59;MFD_SETNO59;42.27325;-65.392933;304867;26;16-jul-07;00:41:09;31.941;6.8389;5.29419;5.29419;1;6.8389;1;31.941;1;0;NaN;NaN
TEL2007745_59;MFD_SETNO59;42.27325;-65.392933;304866;51;16-jul-07;00:41:09;32.7731;5.0591;4.66433;4.66433;1;5.0591;1;32.7731;1;0;NaN;NaN
TEL2007745_59;MFD_SETNO59;42.27325;-65.392933;304865;116;16-jul-07;00:41:09;34.2378;7.1195;3.65537;3.65537;1;7.1195;1;34.2378;1;0;NaN;NaN
TEL2007745_60;MFD_SETNO60;42.4446;-65.221983;304872;5;16-jul-07;04:24:37;31.5118;11.9808;5.08523;5.08523;1;11.9808;1;31.5118;1;0;NaN;NaN
TEL2007745_60;MFD_SETNO60;42.4446;-65.221983;304871;26;16-jul-07;04:24:37;31.9578;5.4975;5.29796;5.29796;1;5.4975;1;31.9578;1;0;NaN;NaN
TEL2007745_60;MFD_SETNO60;42.4446;-65.221983;304870;50;16-jul-07;04:24:37;32.3877;3.6868;4.75618;4.75618;1;3.6868;1;32.3877;1;0;NaN;NaN
TEL2007745_60;MFD_SETNO60;42.4446;-65.221983;304869;115;16-jul-07;04:24:37;33.1478;4.9537;4.28887;4.28887;1;4.9537;1;33.1478;1;0;NaN;NaN
TEL2007745_61;MFD_SETNO61;42.505183;-65.332317;304876;5;16-jul-07;06:20:42;31.5193;12.2692;4.87154;4.87154;1;12.2692;1;31.5193;1;0;NaN;NaN
TEL2007745_61;MFD_SETNO61;42.505183;-65.332317;304875;26;16-jul-07;06:20:42;31.7815;7.1171;5.13795;5.13795;1;7.1171;1;31.7815;1;0;NaN;NaN
TEL2007745_61;MFD_SETNO61;42.505183;-65.332317;304874;51;16-jul-07;06:20:42;32.2254;4.9923;4.92128;4.92128;1;4.9923;1;32.2254;1;0;NaN;NaN
TEL2007745_61;MFD_SETNO61;42.505183;-65.332317;304873;101;16-jul-07;06:20:42;33.032;5.7825;4.54087;4.54087;1;5.7825;1;33.032;1;0;NaN;NaN
TEL2007745_62;MFD_SETNO62;42.650483;-65.328267;304880;5;16-jul-07;08:13:02;31.4268;12.9882;4.88346;4.88346;1;12.9882;1;31.4268;1;0;NaN;NaN
TEL2007745_62;MFD_SETNO62;42.650483;-65.328267;304879;26;16-jul-07;08:13:02;31.9877;6.3543;5.29263;5.29263;1;6.3543;1;31.9877;1;0;NaN;NaN
TEL2007745_62;MFD_SETNO62;42.650483;-65.328267;304878;51;16-jul-07;08:13:02;32.4059;4.2288;4.76202;4.76202;1;4.2288;1;32.4059;1;0;NaN;NaN
TEL2007745_62;MFD_SETNO62;42.650483;-65.328267;304877;94;16-jul-07;08:13:02;32.4401;3.9988;4.69096;4.69096;1;3.9988;1;32.4401;1;0;NaN;NaN
TEL2007745_63;MFD_SETNO63;42.68455;-65.230733;304884;6;16-jul-07;10:07:34;31.3966;13.2096;4.87595;4.87595;1;13.2096;1;31.3966;1;0;NaN;NaN
TEL2007745_63;MFD_SETNO63;42.68455;-65.230733;304883;26;16-jul-07;10:07:34;31.8371;8.3031;5.26769;5.26769;1;8.3031;1;31.8371;1;0;NaN;NaN
TEL2007745_63;MFD_SETNO63;42.68455;-65.230733;304882;52;16-jul-07;10:07:34;32.3576;3.9467;4.8618;4.8618;1;3.9467;1;32.3576;1;0;NaN;NaN
TEL2007745_63;MFD_SETNO63;42.68455;-65.230733;304881;95;16-jul-07;10:07:34;32.4517;3.7836;4.67341;4.67341;1;3.7836;1;32.4517;1;0;NaN;NaN
TEL2007745_64;MFD_SETNO64;42.588483;-65.096833;304888;6;16-jul-07;11:56:58;31.4982;12.5274;4.94836;4.94836;1;12.5274;1;31.4982;1;0;NaN;NaN
TEL2007745_64;MFD_SETNO64;42.588483;-65.096833;304887;26;16-jul-07;11:56:58;31.854;4.1257;5.39194;5.39194;1;4.1257;1;31.854;1;0;NaN;NaN
TEL2007745_64;MFD_SETNO64;42.588483;-65.096833;304886;50;16-jul-07;11:56:58;32.3979;3.6923;4.73379;4.73379;1;3.6923;1;32.3979;1;0;NaN;NaN
TEL2007745_64;MFD_SETNO64;42.588483;-65.096833;304885;108;16-jul-07;11:56:58;32.8552;3.9456;4.37016;4.37016;1;3.9456;1;32.8552;1;0;NaN;NaN
TEL2007745_65;MFD_SETNO65;42.426233;-64.962383;304892;6;16-jul-07;14:11:18;31.3082;14.4022;4.65556;4.65556;1;14.4022;1;31.3082;1;0;NaN;NaN
TEL2007745_65;MFD_SETNO65;42.426233;-64.962383;304891;26;16-jul-07;14:11:18;32.0566;2.6859;5.52383;5.52383;1;2.6859;1;32.0566;1;0;NaN;NaN
TEL2007745_65;MFD_SETNO65;42.426233;-64.962383;304890;51;16-jul-07;14:11:18;33.0154;4.0153;5.08217;5.08217;1;4.0153;1;33.0154;1;0;NaN;NaN
TEL2007745_65;MFD_SETNO65;42.426233;-64.962383;304889;132;16-jul-07;14:11:18;34.6508;7.6443;3.33966;3.33966;1;7.6443;1;34.6508;1;0;NaN;NaN
TEL2007745_66;MFD_SETNO66;42.665283;-64.25975;304896;5;16-jul-07;20:25:59;31.6498;15.7964;4.46673;4.46673;1;15.7964;1;31.6498;1;0;NaN;NaN
TEL2007745_66;MFD_SETNO66;42.665283;-64.25975;304895;27;16-jul-07;20:25:59;32.5344;9.2287;5.33758;5.33758;1;9.2287;1;32.5344;1;0;NaN;NaN
TEL2007745_66;MFD_SETNO66;42.665283;-64.25975;304894;52;16-jul-07;20:25:59;33.2262;6.4619;5.05377;5.05377;1;6.4619;1;33.2262;1;0;NaN;NaN
TEL2007745_66;MFD_SETNO66;42.665283;-64.25975;304893;495;16-jul-07;20:25:59;34.8684;5.2783;3.76636;3.76636;1;5.2783;1;34.8684;1;0;NaN;NaN
TEL2007745_68;MFD_SETNO68;42.81305;-63.37985;304900;5;17-jul-07;03:32:33;32.309;15.9582;4.39196;4.39196;1;15.9582;1;32.309;1;0;NaN;NaN
TEL2007745_68;MFD_SETNO68;42.81305;-63.37985;304899;26;17-jul-07;03:32:33;32.7996;5.9858;5.87025;5.87025;1;5.9858;1;32.7996;1;0;NaN;NaN
TEL2007745_68;MFD_SETNO68;42.81305;-63.37985;304898;51;17-jul-07;03:32:33;33.2056;3.777;5.3733;5.3733;1;3.777;1;33.2056;1;0;NaN;NaN
TEL2007745_68;MFD_SETNO68;42.81305;-63.37985;304897;207;17-jul-07;03:32:33;34.8741;8.0035;3.10709;3.10709;1;8.0035;1;34.8741;1;0;NaN;NaN
TEL2007745_69;MFD_SETNO69;43.09005;-63.362833;304904;5;17-jul-07;06:22:01;31.0807;14.7206;4.62823;4.62823;1;14.7206;1;31.0807;1;0;NaN;NaN
TEL2007745_69;MFD_SETNO69;43.09005;-63.362833;304903;26;17-jul-07;06:22:01;32.1943;2.9953;5.65161;5.65161;1;2.9953;1;32.1943;1;0;NaN;NaN
TEL2007745_69;MFD_SETNO69;43.09005;-63.362833;304902;50;17-jul-07;06:22:01;32.731;2.7511;4.71921;4.71921;1;2.7511;1;32.731;1;0;NaN;NaN
TEL2007745_69;MFD_SETNO69;43.09005;-63.362833;304901;151;17-jul-07;06:22:01;34.8463;8.6352;3.36158;3.36158;1;8.6352;1;34.8463;1;0;NaN;NaN
TEL2007745_70;MFD_SETNO70;43.093617;-64.07735;304908;5;17-jul-07;10:35:04;31.0827;14.1816;4.6653;4.6653;1;14.1816;1;31.0827;1;0;NaN;NaN
TEL2007745_70;MFD_SETNO70;43.093617;-64.07735;304907;26;17-jul-07;10:35:04;31.9631;3.618;5.93203;5.93203;1;3.618;1;31.9631;1;0;NaN;NaN
TEL2007745_70;MFD_SETNO70;43.093617;-64.07735;304906;51;17-jul-07;10:35:04;32.5446;1.835;4.95283;4.95283;1;1.835;1;32.5446;1;0;NaN;NaN
TEL2007745_70;MFD_SETNO70;43.093617;-64.07735;304905;89;17-jul-07;10:35:04;33.1161;3.5622;4.40155;4.40155;1;3.5622;1;33.1161;1;0;NaN;NaN
TEL2007745_71;MFD_SETNO71;43.157467;-63.947333;304912;5;17-jul-07;12:12:46;31.1761;13.77;4.7417;4.7417;1;13.77;1;31.1761;1;0;NaN;NaN
TEL2007745_71;MFD_SETNO71;43.157467;-63.947333;304911;26;17-jul-07;12:12:46;31.777;3.0794;5.65226;5.65226;1;3.0794;1;31.777;1;0;NaN;NaN
TEL2007745_71;MFD_SETNO71;43.157467;-63.947333;304910;51;17-jul-07;12:12:46;32.217;1.5031;5.23457;5.23457;1;1.5031;1;32.217;1;0;NaN;NaN
TEL2007745_71;MFD_SETNO71;43.157467;-63.947333;304909;90;17-jul-07;12:12:46;32.8174;2.6715;4.7343;4.7343;1;2.6715;1;32.8174;1;0;NaN;NaN
TEL2007745_72;MFD_SETNO72;43.3444;-63.972733;304916;5;17-jul-07;14:46:26;31.2091;13.5805;4.77866;4.77866;1;13.5805;1;31.2091;1;0;NaN;NaN
TEL2007745_72;MFD_SETNO72;43.3444;-63.972733;304915;25;17-jul-07;14:46:26;31.6513;5.7602;5.53479;5.53479;1;5.7602;1;31.6513;1;0;NaN;NaN
TEL2007745_72;MFD_SETNO72;43.3444;-63.972733;304914;50;17-jul-07;14:46:26;32.1596;1.7225;5.27367;5.27367;1;1.7225;1;32.1596;1;0;NaN;NaN
TEL2007745_72;MFD_SETNO72;43.3444;-63.972733;304913;99;17-jul-07;14:46:26;32.9054;2.9573;4.69816;4.69816;1;2.9573;1;32.9054;1;0;NaN;NaN
TEL2007745_74;MFD_SETNO74;43.6345;-63.845817;304920;6;17-jul-07;18:33:18;31.598;14.5689;4.62479;4.62479;1;14.5689;1;31.598;1;0;NaN;NaN
TEL2007745_74;MFD_SETNO74;43.6345;-63.845817;304919;25;17-jul-07;18:33:18;32.2566;6.7592;5.73626;5.73626;1;6.7592;1;32.2566;1;0;NaN;NaN
TEL2007745_74;MFD_SETNO74;43.6345;-63.845817;304918;50;17-jul-07;18:33:18;32.9332;3.5059;5.0845;5.0845;1;3.5059;1;32.9332;1;0;NaN;NaN
TEL2007745_74;MFD_SETNO74;43.6345;-63.845817;304917;237;17-jul-07;18:33:18;34.7085;7.6217;2.21726;2.21726;1;7.6217;1;34.7085;1;0;NaN;NaN
TEL2007745_75;MFD_SETNO75;43.675617;-63.429633;304924;6;17-jul-07;23:26:32;31.2007;15.3638;4.5503;4.5503;1;15.3638;1;31.2007;1;0;NaN;NaN
TEL2007745_75;MFD_SETNO75;43.675617;-63.429633;304923;26;17-jul-07;23:26:32;32.3653;5.0282;5.77487;5.77487;1;5.0282;1;32.3653;1;0;NaN;NaN
TEL2007745_75;MFD_SETNO75;43.675617;-63.429633;304922;51;17-jul-07;23:26:32;32.8965;3.3628;5.14175;5.14175;1;3.3628;1;32.8965;1;0;NaN;NaN
TEL2007745_75;MFD_SETNO75;43.675617;-63.429633;304921;114;17-jul-07;23:26:32;34.0635;6.6117;3.28159;3.28159;1;6.6117;1;34.0635;1;0;NaN;NaN
TEL2007745_76;MFD_SETNO76;43.795817;-63.374767;304928;6;18-jul-07;01:09:05;31.3711;16.1029;4.44713;4.44713;1;16.1029;1;31.3711;1;0;NaN;NaN
TEL2007745_76;MFD_SETNO76;43.795817;-63.374767;304927;27;18-jul-07;01:09:05;32.3641;3.8225;5.85506;5.85506;1;3.8225;1;32.3641;1;0;NaN;NaN
TEL2007745_76;MFD_SETNO76;43.795817;-63.374767;304926;51;18-jul-07;01:09:05;32.7724;2.8039;5.08721;5.08721;1;2.8039;1;32.7724;1;0;NaN;NaN
TEL2007745_76;MFD_SETNO76;43.795817;-63.374767;304925;121;18-jul-07;01:09:05;34.305;7.2931;2.87931;2.87931;1;7.2931;1;34.305;1;0;NaN;NaN
TEL2007745_77;MFD_SETNO77;43.918483;-63.515267;304932;6;18-jul-07;03:04:45;31.1043;15.4585;4.53172;4.53172;1;15.4585;1;31.1043;1;0;NaN;NaN
TEL2007745_77;MFD_SETNO77;43.918483;-63.515267;304931;26;18-jul-07;03:04:45;32.2136;6.2461;5.74583;5.74583;1;6.2461;1;32.2136;1;0;NaN;NaN
TEL2007745_77;MFD_SETNO77;43.918483;-63.515267;304930;51;18-jul-07;03:04:45;32.7608;2.7911;5.13331;5.13331;1;2.7911;1;32.7608;1;0;NaN;NaN
TEL2007745_77;MFD_SETNO77;43.918483;-63.515267;304929;225;18-jul-07;03:04:45;34.6966;7.8982;2.19281;2.19281;1;7.8982;1;34.6966;1;0;NaN;NaN
TEL2007745_78;MFD_SETNO78;44.27635;-63.325483;304942;2;19-jul-07;02:40:14;30.8956;15.3632;4.70027;4.70027;1;15.3632;1;30.8956;1;0;NaN;NaN
TEL2007745_78;MFD_SETNO78;44.27635;-63.325483;304941;4;19-jul-07;02:40:14;30.9245;14.8679;4.74153;4.74153;1;14.8679;1;30.9245;1;0;NaN;NaN
TEL2007745_78;MFD_SETNO78;44.27635;-63.325483;304940;9;19-jul-07;02:40:14;31.1142;14.7331;4.72896;4.72896;1;14.7331;1;31.1142;1;0;NaN;NaN
TEL2007745_78;MFD_SETNO78;44.27635;-63.325483;304939;20;19-jul-07;02:40:14;31.8946;4.4857;6.06931;6.06931;1;4.4857;1;31.8946;1;0;NaN;NaN
TEL2007745_78;MFD_SETNO78;44.27635;-63.325483;304938;29;19-jul-07;02:40:14;32.174;2.2659;5.49515;5.49515;1;2.2659;1;32.174;1;0;NaN;NaN
TEL2007745_78;MFD_SETNO78;44.27635;-63.325483;304937;40;19-jul-07;02:40:14;32.3397;1.5592;5.19838;5.19838;1;1.5592;1;32.3397;1;0;NaN;NaN
TEL2007745_78;MFD_SETNO78;44.27635;-63.325483;304936;51;19-jul-07;02:40:14;32.4119;1.4329;5.05814;5.05814;1;1.4329;1;32.4119;1;0;NaN;NaN
TEL2007745_78;MFD_SETNO78;44.27635;-63.325483;304935;76;19-jul-07;02:40:14;32.5758;1.7931;4.77513;4.77513;1;1.7931;1;32.5758;1;0;NaN;NaN
TEL2007745_78;MFD_SETNO78;44.27635;-63.325483;304934;101;19-jul-07;02:40:14;33.0193;3.2321;4.26388;4.26388;1;3.2321;1;33.0193;1;0;NaN;NaN
TEL2007745_78;MFD_SETNO78;44.27635;-63.325483;304933;166;19-jul-07;02:40:14;34.2811;7.1732;3.04536;3.04536;1;7.1732;1;34.2811;1;0;NaN;NaN
TEL2007745_79;MFD_SETNO79;43.960833;-62.676317;304946;4;19-jul-07;08:11:58;31.4801;16.0055;4.45753;4.45753;1;16.0055;1;31.4801;1;0;NaN;NaN
TEL2007745_79;MFD_SETNO79;43.960833;-62.676317;304945;25;19-jul-07;08:11:58;32.1513;5.216;5.83352;5.83352;1;5.216;1;32.1513;1;0;NaN;NaN
TEL2007745_79;MFD_SETNO79;43.960833;-62.676317;304944;50;19-jul-07;08:11:58;32.923;3.5767;5.16089;5.16089;1;3.5767;1;32.923;1;0;NaN;NaN
TEL2007745_79;MFD_SETNO79;43.960833;-62.676317;304943;197;19-jul-07;08:11:58;34.6961;8.0125;2.82589;2.82589;1;8.0125;1;34.6961;1;0;NaN;NaN
TEL2007745_80;MFD_SETNO80;43.884133;-62.721633;304950;4;19-jul-07;10:04:14;31.1999;16.1029;4.43177;4.43177;1;16.1029;1;31.1999;1;0;NaN;NaN
TEL2007745_80;MFD_SETNO80;43.884133;-62.721633;304949;24;19-jul-07;10:04:14;32.1048;6.6767;5.71374;5.71374;1;6.6767;1;32.1048;1;0;NaN;NaN
TEL2007745_80;MFD_SETNO80;43.884133;-62.721633;304948;49;19-jul-07;10:04:14;32.7925;2.9537;5.09959;5.09959;1;2.9537;1;32.7925;1;0;NaN;NaN
TEL2007745_80;MFD_SETNO80;43.884133;-62.721633;304947;208;19-jul-07;10:04:14;34.6999;7.7574;2.64822;2.64822;1;7.7574;1;34.6999;1;0;NaN;NaN
TEL2007745_82;MFD_SETNO82;43.489467;-62.66445;304954;4;19-jul-07;15:03:39;31.1023;16.0037;4.46072;4.46072;1;16.0037;1;31.1023;1;0;NaN;NaN
TEL2007745_82;MFD_SETNO82;43.489467;-62.66445;304953;24;19-jul-07;15:03:39;32.168;9.7146;5.42921;5.42921;1;9.7146;1;32.168;1;0;NaN;NaN
TEL2007745_82;MFD_SETNO82;43.489467;-62.66445;304952;50;19-jul-07;15:03:39;32.8667;3.1873;5.12515;5.12515;1;3.1873;1;32.8667;1;0;NaN;NaN
TEL2007745_82;MFD_SETNO82;43.489467;-62.66445;304951;98;19-jul-07;15:03:39;34.0561;6.8998;3.95486;3.95486;1;6.8998;1;34.0561;1;0;NaN;NaN
TEL2007745_84;MFD_SETNO84;43.153117;-63.063267;304958;4;19-jul-07;18:55:52;31.5452;16.8983;4.32595;4.32595;1;16.8983;1;31.5452;1;0;NaN;NaN
TEL2007745_84;MFD_SETNO84;43.153117;-63.063267;304957;23;19-jul-07;18:55:52;32.544;11.7154;4.98457;4.98457;1;11.7154;1;32.544;1;0;NaN;NaN
TEL2007745_84;MFD_SETNO84;43.153117;-63.063267;304956;48;19-jul-07;18:55:52;33.1863;6.0431;5.66722;5.66722;1;6.0431;1;33.1863;1;0;NaN;NaN
TEL2007745_84;MFD_SETNO84;43.153117;-63.063267;304955;131;19-jul-07;18:55:52;34.7555;8.7187;3.59089;3.59089;1;8.7187;1;34.7555;1;0;NaN;NaN
TEL2007745_85;MFD_SETNO85;43.0147;-62.737083;304962;5;19-jul-07;23:14:18;31.2521;15.8891;4.52562;4.52562;1;15.8891;1;31.2521;1;0;NaN;NaN
TEL2007745_85;MFD_SETNO85;43.0147;-62.737083;304961;25;19-jul-07;23:14:18;32.4413;4.4954;5.84549;5.84549;1;4.4954;1;32.4413;1;0;NaN;NaN
TEL2007745_85;MFD_SETNO85;43.0147;-62.737083;304960;50;19-jul-07;23:14:18;33.1097;3.826;4.86786;4.86786;1;3.826;1;33.1097;1;0;NaN;NaN
TEL2007745_85;MFD_SETNO85;43.0147;-62.737083;304959;107;19-jul-07;23:14:18;33.8739;5.8692;4.25897;4.25897;1;5.8692;1;33.8739;1;0;NaN;NaN
TEL2007745_86;MFD_SETNO86;42.87745;-62.3833;304966;5;20-jul-07;03:31:49;31.7083;15.9201;4.42103;4.42103;1;15.9201;1;31.7083;1;0;NaN;NaN
TEL2007745_86;MFD_SETNO86;42.87745;-62.3833;304965;25;20-jul-07;03:31:49;32.5983;6.2525;5.53702;5.53702;1;6.2525;1;32.5983;1;0;NaN;NaN
TEL2007745_86;MFD_SETNO86;42.87745;-62.3833;304964;49;20-jul-07;03:31:49;33.6111;5.6469;5.0257;5.0257;1;5.6469;1;33.6111;1;0;NaN;NaN
TEL2007745_86;MFD_SETNO86;42.87745;-62.3833;304963;530;20-jul-07;03:31:49;34.8868;4.8484;4.11304;4.11304;1;4.8484;1;34.8868;1;0;NaN;NaN
TEL2007745_87;MFD_SETNO87;42.9112;-61.882117;304970;5;20-jul-07;08:42:32;32.2459;14.5526;4.59063;4.59063;1;14.5526;1;32.2459;1;0;NaN;NaN
TEL2007745_87;MFD_SETNO87;42.9112;-61.882117;304969;24;20-jul-07;08:42:32;32.877;13.0817;4.81684;4.81684;1;13.0817;1;32.877;1;0;NaN;NaN
TEL2007745_87;MFD_SETNO87;42.9112;-61.882117;304968;50;20-jul-07;08:42:32;33.2721;4.4791;5.53589;5.53589;1;4.4791;1;33.2721;1;0;NaN;NaN
TEL2007745_87;MFD_SETNO87;42.9112;-61.882117;304967;564;20-jul-07;08:42:32;34.9269;4.9912;4.06546;4.06546;1;4.9912;1;34.9269;1;0;NaN;NaN
TEL2007745_88;MFD_SETNO88;42.988233;-61.86705;304974;5;20-jul-07;12:18:15;32.1765;14.7036;4.5686;4.5686;1;14.7036;1;32.1765;1;0;NaN;NaN
TEL2007745_88;MFD_SETNO88;42.988233;-61.86705;304973;25;20-jul-07;12:18:15;33.3734;10.5894;5.18264;5.18264;1;10.5894;1;33.3734;1;0;NaN;NaN
TEL2007745_88;MFD_SETNO88;42.988233;-61.86705;304972;49;20-jul-07;12:18:15;33.374;4.6873;5.30187;5.30187;1;4.6873;1;33.374;1;0;NaN;NaN
TEL2007745_88;MFD_SETNO88;42.988233;-61.86705;304971;189;20-jul-07;12:18:15;34.9355;9.0666;3.26305;3.26305;1;9.0666;1;34.9355;1;0;NaN;NaN
TEL2007745_90;MFD_SETNO90;43.070083;-62.063183;304978;5;20-jul-07;15:27:07;32.1211;14.7736;4.56323;4.56323;1;14.7736;1;32.1211;1;0;NaN;NaN
TEL2007745_90;MFD_SETNO90;43.070083;-62.063183;304977;25;20-jul-07;15:27:07;32.4204;10.6552;5.0942;5.0942;1;10.6552;1;32.4204;1;0;NaN;NaN
TEL2007745_90;MFD_SETNO90;43.070083;-62.063183;304976;51;20-jul-07;15:27:07;32.8513;3.1998;5.39397;5.39397;1;3.1998;1;32.8513;1;0;NaN;NaN
TEL2007745_90;MFD_SETNO90;43.070083;-62.063183;304975;103;20-jul-07;15:27:07;34.064;6.4608;4.3486;4.3486;1;6.4608;1;34.064;1;0;NaN;NaN
TEL2007745_92;MFD_SETNO92;43.3132;-62.142383;304982;6;20-jul-07;19:20:09;31.5227;16.3115;4.41324;4.41324;1;16.3115;1;31.5227;1;0;NaN;NaN
TEL2007745_92;MFD_SETNO92;43.3132;-62.142383;304981;24;20-jul-07;19:20:09;32.7703;5.9177;5.69336;5.69336;1;5.9177;1;32.7703;1;0;NaN;NaN
TEL2007745_92;MFD_SETNO92;43.3132;-62.142383;304980;51;20-jul-07;19:20:09;33.0622;3.1372;5.33369;5.33369;1;3.1372;1;33.0622;1;0;NaN;NaN
TEL2007745_92;MFD_SETNO92;43.3132;-62.142383;304979;101;20-jul-07;19:20:09;33.6033;4.681;4.44246;4.44246;1;4.681;1;33.6033;1;0;NaN;NaN
TEL2007745_93;MFD_SETNO93;43.4998;-62.353683;304986;5;20-jul-07;22:33:20;31.4967;15.8277;4.49943;4.49943;1;15.8277;1;31.4967;1;0;NaN;NaN
TEL2007745_93;MFD_SETNO93;43.4998;-62.353683;304985;26;20-jul-07;22:33:20;32.3502;8.0741;5.63387;5.63387;1;8.0741;1;32.3502;1;0;NaN;NaN
TEL2007745_93;MFD_SETNO93;43.4998;-62.353683;304984;50;20-jul-07;22:33:20;32.8858;3.015;4.78825;4.78825;1;3.015;1;32.8858;1;0;NaN;NaN
TEL2007745_93;MFD_SETNO93;43.4998;-62.353683;304983;83;20-jul-07;22:33:20;33.5668;5.144;4.30734;4.30734;1;5.144;1;33.5668;1;0;NaN;NaN
TEL2007745_94;MFD_SETNO94;43.750933;-62.11655;304990;4;21-jul-07;01:28:15;31.5423;15.9885;4.46369;4.46369;1;15.9885;1;31.5423;1;0;NaN;NaN
TEL2007745_94;MFD_SETNO94;43.750933;-62.11655;304989;26;21-jul-07;01:28:15;32.7014;10.1314;5.30028;5.30028;1;10.1314;1;32.7014;1;0;NaN;NaN
TEL2007745_94;MFD_SETNO94;43.750933;-62.11655;304988;52;21-jul-07;01:28:15;32.8407;3.2735;5.44927;5.44927;1;3.2735;1;32.8407;1;0;NaN;NaN
TEL2007745_94;MFD_SETNO94;43.750933;-62.11655;304987;105;21-jul-07;01:28:15;34.199;7.2666;3.52977;3.52977;1;7.2666;1;34.199;1;0;NaN;NaN
TEL2007745_95;MFD_SETNO95;43.582333;-61.87635;304994;4;21-jul-07;04:00:57;31.41;16.1544;4.41411;4.41411;1;16.1544;1;31.41;1;0;NaN;NaN
TEL2007745_95;MFD_SETNO95;43.582333;-61.87635;304993;26;21-jul-07;04:00:57;32.5863;8.5314;5.40127;5.40127;1;8.5314;1;32.5863;1;0;NaN;NaN
TEL2007745_95;MFD_SETNO95;43.582333;-61.87635;304992;48;21-jul-07;04:00:57;32.7554;3.2056;5.43137;5.43137;1;3.2056;1;32.7554;1;0;NaN;NaN
TEL2007745_95;MFD_SETNO95;43.582333;-61.87635;304991;77;21-jul-07;04:00:57;33.0578;3.2404;4.85543;4.85543;1;3.2404;1;33.0578;1;0;NaN;NaN
TEL2007745_97;MFD_SETNO97;43.34895;-61.691;304998;5;21-jul-07;07:52:39;31.8935;15.7029;4.41643;4.41643;1;15.7029;1;31.8935;1;0;NaN;NaN
TEL2007745_97;MFD_SETNO97;43.34895;-61.691;304997;24;21-jul-07;07:52:39;32.4068;10.7111;5.2549;5.2549;1;10.7111;1;32.4068;1;0;NaN;NaN
TEL2007745_97;MFD_SETNO97;43.34895;-61.691;304996;48;21-jul-07;07:52:39;33.0603;3.8303;5.29661;5.29661;1;3.8303;1;33.0603;1;0;NaN;NaN
TEL2007745_97;MFD_SETNO97;43.34895;-61.691;304995;80;21-jul-07;07:52:39;33.4674;4.4537;4.8021;4.8021;1;4.4537;1;33.4674;1;0;NaN;NaN
TEL2007745_98;MFD_SETNO98;43.226983;-61.3193;307004;5;21-jul-07;11:19:50;32.404;14.6256;4.56424;4.56424;1;14.6256;1;32.404;1;0;NaN;NaN
TEL2007745_98;MFD_SETNO98;43.226983;-61.3193;307003;24;21-jul-07;11:19:50;32.3109;2.1183;6.29151;6.29151;1;2.1183;1;32.3109;1;0;NaN;NaN
TEL2007745_98;MFD_SETNO98;43.226983;-61.3193;307002;50;21-jul-07;11:19:50;33.0802;3.7067;5.73784;5.73784;1;3.7067;1;33.0802;1;0;NaN;NaN
TEL2007745_98;MFD_SETNO98;43.226983;-61.3193;307001;219;21-jul-07;11:19:50;34.9119;7.6812;3.09786;3.09786;1;7.6812;1;34.9119;1;0;NaN;NaN
TEL2007745_99;MFD_SETNO99;43.385183;-60.617933;307008;7;21-jul-07;15:41:04;32.2186;14.5318;4.56085;4.56085;1;14.5318;1;32.2186;1;0;NaN;NaN
TEL2007745_99;MFD_SETNO99;43.385183;-60.617933;307007;26;21-jul-07;15:41:04;33.5707;11.9541;5.0776;5.0776;1;11.9541;1;33.5707;1;0;NaN;NaN
TEL2007745_99;MFD_SETNO99;43.385183;-60.617933;307006;50;21-jul-07;15:41:04;33.7195;6.4455;4.97263;4.97263;1;6.4455;1;33.7195;1;0;NaN;NaN
TEL2007745_99;MFD_SETNO99;43.385183;-60.617933;307005;172;21-jul-07;15:41:04;34.8958;9.0596;3.37034;3.37034;1;9.0596;1;34.8958;1;0;NaN;NaN
TEL2007745_100;MFD_SETNO100;43.395917;-60.836717;307012;6;21-jul-07;17:41:03;32.0442;13.8657;4.73789;4.73789;1;13.8657;1;32.0442;1;0;NaN;NaN
TEL2007745_100;MFD_SETNO100;43.395917;-60.836717;307011;26;21-jul-07;17:41:03;32.2309;13.7547;4.77783;4.77783;1;13.7547;1;32.2309;1;0;NaN;NaN
TEL2007745_100;MFD_SETNO100;43.395917;-60.836717;307010;49;21-jul-07;17:41:03;33.1437;5.2049;5.42203;5.42203;1;5.2049;1;33.1437;1;0;NaN;NaN
TEL2007745_100;MFD_SETNO100;43.395917;-60.836717;307009;92;21-jul-07;17:41:03;33.8325;5.9191;4.73669;4.73669;1;5.9191;1;33.8325;1;0;NaN;NaN
TEL2007745_101;MFD_SETNO101;43.47805;-61.269567;307016;5;21-jul-07;20:25:03;31.9481;14.4301;4.62488;4.62488;1;14.4301;1;31.9481;1;0;NaN;NaN
TEL2007745_101;MFD_SETNO101;43.47805;-61.269567;307015;25;21-jul-07;20:25:03;32.797;6.8334;5.68448;5.68448;1;6.8334;1;32.797;1;0;NaN;NaN
TEL2007745_101;MFD_SETNO101;43.47805;-61.269567;307014;51;21-jul-07;20:25:03;32.9879;3.8909;5.13065;5.13065;1;3.8909;1;32.9879;1;0;NaN;NaN
TEL2007745_101;MFD_SETNO101;43.47805;-61.269567;307013;70;21-jul-07;20:25:03;33.1126;3.9194;5.03558;5.03558;1;3.9194;1;33.1126;1;0;NaN;NaN
TEL2007745_102;MFD_SETNO102;43.74355;-61.476833;307020;5;21-jul-07;22:59:03;31.8137;16.372;4.37338;4.37338;1;16.372;1;31.8137;1;0;NaN;NaN
TEL2007745_102;MFD_SETNO102;43.74355;-61.476833;307019;25;21-jul-07;22:59:03;32.2745;6.9973;5.33585;5.33585;1;6.9973;1;32.2745;1;0;NaN;NaN
TEL2007745_102;MFD_SETNO102;43.74355;-61.476833;307017;46;21-jul-07;22:59:03;32.3356;6.1554;5.20631;5.20631;1;6.1554;1;32.3356;1;0;NaN;NaN
TEL2007745_102;MFD_SETNO102;43.74355;-61.476833;307018;46;21-jul-07;22:59:03;32.3356;6.1554;5.20631;5.20631;1;6.1554;1;32.3356;1;0;NaN;NaN
TEL2007745_103;MFD_SETNO103;43.872283;-61.507317;307024;6;22-jul-07;00:53:21;31.7737;16.198;4.41243;4.41243;1;16.198;1;31.7737;1;0;NaN;NaN
TEL2007745_103;MFD_SETNO103;43.872283;-61.507317;307023;26;22-jul-07;00:53:21;32.2451;6.7741;5.47452;5.47452;1;6.7741;1;32.2451;1;0;NaN;NaN
TEL2007745_103;MFD_SETNO103;43.872283;-61.507317;307022;49;22-jul-07;00:53:21;32.4279;5.0952;5.10756;5.10756;1;5.0952;1;32.4279;1;0;NaN;NaN
TEL2007745_103;MFD_SETNO103;43.872283;-61.507317;307021;51;22-jul-07;00:53:21;32.4274;5.0939;5.09699;5.09699;1;5.0939;1;32.4274;1;0;NaN;NaN
TEL2007745_104;MFD_SETNO104;44.130367;-61.85655;307028;3;22-jul-07;03:39:27;31.4907;15.7779;4.47671;4.47671;1;15.7779;1;31.4907;1;0;NaN;NaN
TEL2007745_104;MFD_SETNO104;44.130367;-61.85655;307027;24;22-jul-07;03:39:27;32.1298;6.4498;5.72342;5.72342;1;6.4498;1;32.1298;1;0;NaN;NaN
TEL2007745_104;MFD_SETNO104;44.130367;-61.85655;307026;50;22-jul-07;03:39:27;32.5205;2.0277;5.12909;5.12909;1;2.0277;1;32.5205;1;0;NaN;NaN
TEL2007745_104;MFD_SETNO104;44.130367;-61.85655;307025;120;22-jul-07;03:39:27;33.8971;6.183;2.92541;2.92541;1;6.183;1;33.8971;1;0;NaN;NaN
TEL2007745_105;MFD_SETNO105;44.24555;-61.36275;307032;6;22-jul-07;07:39:58;31.1853;15.6622;4.50408;4.50408;1;15.6622;1;31.1853;1;0;NaN;NaN
TEL2007745_105;MFD_SETNO105;44.24555;-61.36275;307031;26;22-jul-07;07:39:58;32.1846;4.3712;5.75712;5.75712;1;4.3712;1;32.1846;1;0;NaN;NaN
TEL2007745_105;MFD_SETNO105;44.24555;-61.36275;307030;50;22-jul-07;07:39:58;32.6149;2.5438;5.40504;5.40504;1;2.5438;1;32.6149;1;0;NaN;NaN
TEL2007745_105;MFD_SETNO105;44.24555;-61.36275;307029;159;22-jul-07;07:39:58;34.0983;6.9009;2.40576;2.40576;1;6.9009;1;34.0983;1;0;NaN;NaN
TEL2007745_106;MFD_SETNO106;44.080433;-61.10165;307036;6;22-jul-07;10:08:32;31.2616;15.6098;4.47348;4.47348;1;15.6098;1;31.2616;1;0;NaN;NaN
TEL2007745_106;MFD_SETNO106;44.080433;-61.10165;307035;26;22-jul-07;10:08:32;32.528;6.1485;5.57698;5.57698;1;6.1485;1;32.528;1;0;NaN;NaN
TEL2007745_106;MFD_SETNO106;44.080433;-61.10165;307034;50;22-jul-07;10:08:32;32.6893;3.4688;4.97272;4.97272;1;3.4688;1;32.6893;1;0;NaN;NaN
TEL2007745_106;MFD_SETNO106;44.080433;-61.10165;307033;58;22-jul-07;10:08:32;32.707;3.422;4.90227;4.90227;1;3.422;1;32.707;1;0;NaN;NaN
TEL2007745_107;MFD_SETNO107;44.013067;-61.286717;307040;5;22-jul-07;11:53:42;31.3956;15.7409;4.44094;4.44094;1;15.7409;1;31.3956;1;0;NaN;NaN
TEL2007745_107;MFD_SETNO107;44.013067;-61.286717;307039;25;22-jul-07;11:53:42;32.4472;7.7024;5.76854;5.76854;1;7.7024;1;32.4472;1;0;NaN;NaN
TEL2007745_107;MFD_SETNO107;44.013067;-61.286717;307038;50;22-jul-07;11:53:42;32.4875;2.5607;5.09237;5.09237;1;2.5607;1;32.4875;1;0;NaN;NaN
TEL2007745_107;MFD_SETNO107;44.013067;-61.286717;307037;80;22-jul-07;11:53:42;33.4462;4.7721;3.43843;3.43843;1;4.7721;1;33.4462;1;0;NaN;NaN
TEL2007745_108;MFD_SETNO108;43.798217;-61.173517;307043;6;22-jul-07;14:12:19;31.876;16.1775;4.37842;4.37842;1;16.1775;1;31.876;1;0;NaN;NaN
TEL2007745_108;MFD_SETNO108;43.798217;-61.173517;307042;26;22-jul-07;14:12:19;32.3747;6.1517;5.2386;5.2386;1;6.1517;1;32.3747;1;0;NaN;NaN
TEL2007745_108;MFD_SETNO108;43.798217;-61.173517;307041;50;22-jul-07;14:12:19;32.5157;5.3231;5.14584;5.14584;1;5.3231;1;32.5157;1;0;NaN;NaN
TEL2007745_110;MFD_SETNO110;43.686833;-60.858167;307046;5;22-jul-07;17:36:05;31.8861;14.5446;4.53645;4.53645;1;14.5446;1;31.8861;1;0;NaN;NaN
TEL2007745_110;MFD_SETNO110;43.686833;-60.858167;307045;26;22-jul-07;17:36:05;32.4314;6.2364;5.20762;5.20762;1;6.2364;1;32.4314;1;0;NaN;NaN
TEL2007745_110;MFD_SETNO110;43.686833;-60.858167;307044;46;22-jul-07;17:36:05;32.6374;4.762;5.23022;5.23022;1;4.762;1;32.6374;1;0;NaN;NaN
TEL2007745_111;MFD_SETNO111;43.633483;-60.501717;307050;6;22-jul-07;20:31:24;31.9072;15.5293;4.48335;4.48335;1;15.5293;1;31.9072;1;0;NaN;NaN
TEL2007745_111;MFD_SETNO111;43.633483;-60.501717;307049;26;22-jul-07;20:31:24;32.5216;4.9765;5.61119;5.61119;1;4.9765;1;32.5216;1;0;NaN;NaN
TEL2007745_111;MFD_SETNO111;43.633483;-60.501717;307048;50;22-jul-07;20:31:24;32.9116;3.7399;5.38837;5.38837;1;3.7399;1;32.9116;1;0;NaN;NaN
TEL2007745_111;MFD_SETNO111;43.633483;-60.501717;307047;60;22-jul-07;20:31:24;33.0289;3.6185;5.31629;5.31629;1;3.6185;1;33.0289;1;0;NaN;NaN
TEL2007745_112;MFD_SETNO112;43.635367;-59.651417;307054;5;23-jul-07;02:19:49;31.7435;13.7243;4.75754;4.75754;1;13.7243;1;31.7435;1;0;NaN;NaN
TEL2007745_112;MFD_SETNO112;43.635367;-59.651417;307053;25;23-jul-07;02:19:49;32.9142;7.8371;5.54913;5.54913;1;7.8371;1;32.9142;1;0;NaN;NaN
TEL2007745_112;MFD_SETNO112;43.635367;-59.651417;307052;51;23-jul-07;02:19:49;33.4234;4.9247;5.26772;5.26772;1;4.9247;1;33.4234;1;0;NaN;NaN
TEL2007745_112;MFD_SETNO112;43.635367;-59.651417;307051;199;23-jul-07;02:19:49;34.8177;7.1376;3.1796;3.1796;1;7.1376;1;34.8177;1;0;NaN;NaN
TEL2007745_113;MFD_SETNO113;43.722467;-59.515983;307058;5;23-jul-07;04:40:57;31.7672;14.203;4.66479;4.66479;1;14.203;1;31.7672;1;0;NaN;NaN
TEL2007745_113;MFD_SETNO113;43.722467;-59.515983;307057;25;23-jul-07;04:40:57;32.9884;11.1435;5.1613;5.1613;1;11.1435;1;32.9884;1;0;NaN;NaN
TEL2007745_113;MFD_SETNO113;43.722467;-59.515983;307056;50;23-jul-07;04:40:57;33.1985;3.9188;5.48144;5.48144;1;3.9188;1;33.1985;1;0;NaN;NaN
TEL2007745_113;MFD_SETNO113;43.722467;-59.515983;307055;99;23-jul-07;04:40:57;33.7633;4.9267;4.71262;4.71262;1;4.9267;1;33.7633;1;0;NaN;NaN
TEL2007745_115;MFD_SETNO115;43.871583;-59.159983;307062;5;23-jul-07;08:30:55;31.317;15.3195;4.51699;4.51699;1;15.3195;1;31.317;1;0;NaN;NaN
TEL2007745_115;MFD_SETNO115;43.871583;-59.159983;307061;26;23-jul-07;08:30:55;32.3288;4.9931;5.92378;5.92378;1;4.9931;1;32.3288;1;0;NaN;NaN
TEL2007745_115;MFD_SETNO115;43.871583;-59.159983;307060;50;23-jul-07;08:30:55;32.852;2.6403;5.34641;5.34641;1;2.6403;1;32.852;1;0;NaN;NaN
TEL2007745_115;MFD_SETNO115;43.871583;-59.159983;307059;81;23-jul-07;08:30:55;33.1165;2.8225;5.18034;5.18034;1;2.8225;1;33.1165;1;0;NaN;NaN
TEL2007745_116;MFD_SETNO116;44.257533;-59.339867;307066;5;23-jul-07;12:09:15;31.4018;14.8169;4.55457;4.55457;1;14.8169;1;31.4018;1;0;NaN;NaN
TEL2007745_116;MFD_SETNO116;44.257533;-59.339867;307065;26;23-jul-07;12:09:15;31.7866;7.3367;5.58408;5.58408;1;7.3367;1;31.7866;1;0;NaN;NaN
TEL2007745_116;MFD_SETNO116;44.257533;-59.339867;307064;51;23-jul-07;12:09:15;32.6056;2.6663;5.58072;5.58072;1;2.6663;1;32.6056;1;0;NaN;NaN
TEL2007745_116;MFD_SETNO116;44.257533;-59.339867;307063;223;23-jul-07;12:09:15;34.557;5.1593;4.26366;4.26366;1;5.1593;1;34.557;1;0;NaN;NaN
TEL2007745_117;MFD_SETNO117;44.204;-59.559883;307069;25;23-jul-07;14:43:07;32.1903;7.3058;5.46525;5.46525;1;7.3058;1;32.1903;1;0;NaN;NaN
TEL2007745_117;MFD_SETNO117;44.204;-59.559883;307068;50;23-jul-07;14:43:07;32.6591;3.0204;5.49877;5.49877;1;3.0204;1;32.6591;1;0;NaN;NaN
TEL2007745_117;MFD_SETNO117;44.204;-59.559883;307067;214;23-jul-07;14:43:07;34.5449;5.2261;4.13261;4.13261;1;5.2261;1;34.5449;1;0;NaN;NaN
TEL2007745_118;MFD_SETNO118;44.069333;-60.102517;307072;5;23-jul-07;18:09:01;31.4728;15.0905;4.54791;4.54791;1;15.0905;1;31.4728;1;0;NaN;NaN
TEL2007745_118;MFD_SETNO118;44.069333;-60.102517;307071;24;23-jul-07;18:09:01;32.0445;8.4213;5.57873;5.57873;1;8.4213;1;32.0445;1;0;NaN;NaN
TEL2007745_118;MFD_SETNO118;44.069333;-60.102517;307070;55;23-jul-07;18:09:01;32.8119;3.1155;5.05345;5.05345;1;3.1155;1;32.8119;1;0;NaN;NaN
TEL2007745_120;MFD_SETNO120;44.2229;-60.41705;307076;5;23-jul-07;22:12:35;31.2866;16.0614;4.51922;4.51922;1;16.0614;1;31.2866;1;0;NaN;NaN
TEL2007745_120;MFD_SETNO120;44.2229;-60.41705;307075;25;23-jul-07;22:12:35;32.1929;4.9668;5.78368;5.78368;1;4.9668;1;32.1929;1;0;NaN;NaN
TEL2007745_120;MFD_SETNO120;44.2229;-60.41705;307074;51;23-jul-07;22:12:35;32.4531;2.4095;5.28465;5.28465;1;2.4095;1;32.4531;1;0;NaN;NaN
TEL2007745_120;MFD_SETNO120;44.2229;-60.41705;307073;94;23-jul-07;22:12:35;32.92;2.3559;4.84168;4.84168;1;2.3559;1;32.92;1;0;NaN;NaN
TEL2007745_121;MFD_SETNO121;44.300033;-60.237067;307080;4;24-jul-07;00:47:02;30.508;14.9706;4.70404;4.70404;1;14.9706;1;30.508;1;0;NaN;NaN
TEL2007745_121;MFD_SETNO121;44.300033;-60.237067;307079;25;24-jul-07;00:47:02;32.09;8.0862;5.61293;5.61293;1;8.0862;1;32.09;1;0;NaN;NaN
TEL2007745_121;MFD_SETNO121;44.300033;-60.237067;307078;50;24-jul-07;00:47:02;32.5851;3.1946;5.51481;5.51481;1;3.1946;1;32.5851;1;0;NaN;NaN
TEL2007745_121;MFD_SETNO121;44.300033;-60.237067;307077;120;24-jul-07;00:47:02;33.5942;4.0927;4.53229;4.53229;1;4.0927;1;33.5942;1;0;NaN;NaN
TEL2007745_122;MFD_SETNO122;44.5303;-60.3206;307084;4;24-jul-07;03:03:12;30.5831;15.3762;4.65083;4.65083;1;15.3762;1;30.5831;1;0;NaN;NaN
TEL2007745_122;MFD_SETNO122;44.5303;-60.3206;307083;24;24-jul-07;03:03:12;31.5562;2.375;5.84713;5.84713;1;2.375;1;31.5562;1;0;NaN;NaN
TEL2007745_122;MFD_SETNO122;44.5303;-60.3206;307082;50;24-jul-07;03:03:12;32.077;1.1589;5.36378;5.36378;1;1.1589;1;32.077;1;0;NaN;NaN
TEL2007745_122;MFD_SETNO122;44.5303;-60.3206;307081;60;24-jul-07;03:03:12;32.3584;1.5622;5.08472;5.08472;1;1.5622;1;32.3584;1;0;NaN;NaN
TEL2007745_123;MFD_SETNO123;44.785967;-60.167983;307088;4;24-jul-07;06:48:08;30.5557;14.4235;4.70206;4.70206;1;14.4235;1;30.5557;1;0;NaN;NaN
TEL2007745_123;MFD_SETNO123;44.785967;-60.167983;307087;25;24-jul-07;06:48:08;32.0247;3.3221;5.77806;5.77806;1;3.3221;1;32.0247;1;0;NaN;NaN
TEL2007745_123;MFD_SETNO123;44.785967;-60.167983;307086;50;24-jul-07;06:48:08;32.4192;2.5951;5.30806;5.30806;1;2.5951;1;32.4192;1;0;NaN;NaN
TEL2007745_123;MFD_SETNO123;44.785967;-60.167983;307085;125;24-jul-07;06:48:08;33.2769;3.3933;4.75078;4.75078;1;3.3933;1;33.2769;1;0;NaN;NaN
TEL2007745_124;MFD_SETNO124;44.811817;-59.79335;307092;5;24-jul-07;10:02:18;31.0335;15.9118;4.45532;4.45532;1;15.9118;1;31.0335;1;0;NaN;NaN
TEL2007745_124;MFD_SETNO124;44.811817;-59.79335;307091;25;24-jul-07;10:02:18;32.0685;4.9861;5.63266;5.63266;1;4.9861;1;32.0685;1;0;NaN;NaN
TEL2007745_124;MFD_SETNO124;44.811817;-59.79335;307090;50;24-jul-07;10:02:18;32.4751;2.7857;5.31046;5.31046;1;2.7857;1;32.4751;1;0;NaN;NaN
TEL2007745_124;MFD_SETNO124;44.811817;-59.79335;307089;124;24-jul-07;10:02:18;32.9947;2.2854;4.77726;4.77726;1;2.2854;1;32.9947;1;0;NaN;NaN
TEL2007745_125;MFD_SETNO125;44.46355;-59.646467;307096;5;24-jul-07;13:38:42;31.0348;14.8527;4.6298;4.6298;1;14.8527;1;31.0348;1;0;NaN;NaN
TEL2007745_125;MFD_SETNO125;44.46355;-59.646467;307095;25;24-jul-07;13:38:42;32.1747;3.7266;5.85305;5.85305;1;3.7266;1;32.1747;1;0;NaN;NaN
TEL2007745_125;MFD_SETNO125;44.46355;-59.646467;307093;51;24-jul-07;13:38:42;32.4793;2.4486;5.38943;5.38943;1;2.4486;1;32.4793;1;0;NaN;NaN
TEL2007745_125;MFD_SETNO125;44.46355;-59.646467;307094;51;24-jul-07;13:38:42;32.4793;2.4486;5.38943;5.38943;1;2.4486;1;32.4793;1;0;NaN;NaN
TEL2007745_127;MFD_SETNO127;44.556167;-59.209083;307100;5;24-jul-07;16:37:46;30.8358;15.4279;4.61497;4.61497;1;15.4279;1;30.8358;1;0;NaN;NaN
TEL2007745_127;MFD_SETNO127;44.556167;-59.209083;307099;24;24-jul-07;16:37:46;31.727;5.0692;5.83663;5.83663;1;5.0692;1;31.727;1;0;NaN;NaN
TEL2007745_127;MFD_SETNO127;44.556167;-59.209083;307098;50;24-jul-07;16:37:46;32.2754;2.5962;5.28758;5.28758;1;2.5962;1;32.2754;1;0;NaN;NaN
TEL2007745_127;MFD_SETNO127;44.556167;-59.209083;307097;63;24-jul-07;16:37:46;32.4404;1.3625;4.95042;4.95042;1;1.3625;1;32.4404;1;0;NaN;NaN
TEL2007745_128;MFD_SETNO128;44.801833;-59.002933;307104;5;24-jul-07;21:12:10;30.7662;15.8351;4.57436;4.57436;1;15.8351;1;30.7662;1;0;NaN;NaN
TEL2007745_128;MFD_SETNO128;44.801833;-59.002933;307103;24;24-jul-07;21:12:10;31.2207;6.8012;5.69156;5.69156;1;6.8012;1;31.2207;1;0;NaN;NaN
TEL2007745_128;MFD_SETNO128;44.801833;-59.002933;307102;50;24-jul-07;21:12:10;32.3378;1.2259;5.29902;5.29902;1;1.2259;1;32.3378;1;0;NaN;NaN
TEL2007745_128;MFD_SETNO128;44.801833;-59.002933;307101;279;24-jul-07;21:12:10;32.7548;1.3881;4.81801;4.81801;1;1.3881;1;32.7548;1;0;NaN;NaN
TEL2007745_130;MFD_SETNO130;45.058433;-58.97575;307108;5;25-jul-07;02:19:34;30.9405;15.7725;4.51816;4.51816;1;15.7725;1;30.9405;1;0;NaN;NaN
TEL2007745_130;MFD_SETNO130;45.058433;-58.97575;307107;25;25-jul-07;02:19:34;31.4644;4.2811;5.94086;5.94086;1;4.2811;1;31.4644;1;0;NaN;NaN
TEL2007745_130;MFD_SETNO130;45.058433;-58.97575;307106;50;25-jul-07;02:19:34;32.1749;1.3709;5.48041;5.48041;1;1.3709;1;32.1749;1;0;NaN;NaN
TEL2007745_130;MFD_SETNO130;45.058433;-58.97575;307105;85;25-jul-07;02:19:34;32.3761;1.1062;5.10435;5.10435;1;1.1062;1;32.3761;1;0;NaN;NaN
TEL2007745_131;MFD_SETNO131;44.903417;-58.7467;307112;5;25-jul-07;05:36:37;31.0338;15.8187;4.49225;4.49225;1;15.8187;1;31.0338;1;0;NaN;NaN
TEL2007745_131;MFD_SETNO131;44.903417;-58.7467;307111;24;25-jul-07;05:36:37;31.5656;5.6186;5.85332;5.85332;1;5.6186;1;31.5656;1;0;NaN;NaN
TEL2007745_131;MFD_SETNO131;44.903417;-58.7467;307110;51;25-jul-07;05:36:37;32.2674;1.4812;5.43193;5.43193;1;1.4812;1;32.2674;1;0;NaN;NaN
TEL2007745_131;MFD_SETNO131;44.903417;-58.7467;307109;276;25-jul-07;05:36:37;32.9288;1.7121;4.70692;4.70692;1;1.7121;1;32.9288;1;0;NaN;NaN
TEL2007745_132;MFD_SETNO132;44.602033;-58.512267;307116;5;25-jul-07;09:41:04;30.9218;14.8123;4.63597;4.63597;1;14.8123;1;30.9218;1;0;NaN;NaN
TEL2007745_132;MFD_SETNO132;44.602033;-58.512267;307115;25;25-jul-07;09:41:04;31.8247;4.7887;5.79483;5.79483;1;4.7887;1;31.8247;1;0;NaN;NaN
TEL2007745_132;MFD_SETNO132;44.602033;-58.512267;307114;51;25-jul-07;09:41:04;32.2473;2.1367;5.29846;5.29846;1;2.1367;1;32.2473;1;0;NaN;NaN
TEL2007745_132;MFD_SETNO132;44.602033;-58.512267;307113;61;25-jul-07;09:41:04;32.3022;1.8801;5.19197;5.19197;1;1.8801;1;32.3022;1;0;NaN;NaN
TEL2007745_133;MFD_SETNO133;44.372717;-58.722683;307120;5;25-jul-07;12:12:07;31.2605;15.1608;4.58307;4.58307;1;15.1608;1;31.2605;1;0;NaN;NaN
TEL2007745_133;MFD_SETNO133;44.372717;-58.722683;307119;25;25-jul-07;12:12:07;31.9902;3.6407;5.75391;5.75391;1;3.6407;1;31.9902;1;0;NaN;NaN
TEL2007745_133;MFD_SETNO133;44.372717;-58.722683;307118;50;25-jul-07;12:12:07;32.234;1.957;5.441;5.441;1;1.957;1;32.234;1;0;NaN;NaN
TEL2007745_133;MFD_SETNO133;44.372717;-58.722683;307117;61;25-jul-07;12:12:07;32.2641;1.7869;5.54149;5.54149;1;1.7869;1;32.2641;1;0;NaN;NaN
TEL2007745_135;MFD_SETNO135;44.34685;-59.001667;307124;5;25-jul-07;15:30:48;31.2944;14.5462;4.67474;4.67474;1;14.5462;1;31.2944;1;0;NaN;NaN
TEL2007745_135;MFD_SETNO135;44.34685;-59.001667;307123;26;25-jul-07;15:30:48;31.7528;6.2796;5.86106;5.86106;1;6.2796;1;31.7528;1;0;NaN;NaN
TEL2007745_135;MFD_SETNO135;44.34685;-59.001667;307122;50;25-jul-07;15:30:48;32.424;2.3549;5.63141;5.63141;1;2.3549;1;32.424;1;0;NaN;NaN
TEL2007745_135;MFD_SETNO135;44.34685;-59.001667;307121;139;25-jul-07;15:30:48;33.8736;4.7848;4.51011;4.51011;1;4.7848;1;33.8736;1;0;NaN;NaN
TEL2007745_136;MFD_SETNO136;44.048583;-58.818183;307128;6;25-jul-07;18:19:06;31.2121;15.4216;4.59873;4.59873;1;15.4216;1;31.2121;1;0;NaN;NaN
TEL2007745_136;MFD_SETNO136;44.048583;-58.818183;307127;24;25-jul-07;18:19:06;31.8406;9.0052;5.41902;5.41902;1;9.0052;1;31.8406;1;0;NaN;NaN
TEL2007745_136;MFD_SETNO136;44.048583;-58.818183;307126;50;25-jul-07;18:19:06;32.5364;1.6217;5.76618;5.76618;1;1.6217;1;32.5364;1;0;NaN;NaN
TEL2007745_136;MFD_SETNO136;44.048583;-58.818183;307125;108;25-jul-07;18:19:06;33.8007;5.0761;4.61849;4.61849;1;5.0761;1;33.8007;1;0;NaN;NaN
TEL2007745_137;MFD_SETNO137;44.210117;-58.3261;307132;6;25-jul-07;22:28:00;31.2214;14.9469;4.65466;4.65466;1;14.9469;1;31.2214;1;0;NaN;NaN
TEL2007745_137;MFD_SETNO137;44.210117;-58.3261;307131;25;25-jul-07;22:28:00;32.057;8.5239;5.45834;5.45834;1;8.5239;1;32.057;1;0;NaN;NaN
TEL2007745_137;MFD_SETNO137;44.210117;-58.3261;307130;49;25-jul-07;22:28:00;32.4818;2.2635;5.49313;5.49313;1;2.2635;1;32.4818;1;0;NaN;NaN
TEL2007745_137;MFD_SETNO137;44.210117;-58.3261;307129;111;25-jul-07;22:28:00;34.0087;5.7573;4.39985;4.39985;1;5.7573;1;34.0087;1;0;NaN;NaN
TEL2007745_139;MFD_SETNO139;44.269283;-58.121033;307136;4;26-jul-07;02:45:32;31.1729;14.6927;4.66657;4.66657;1;14.6927;1;31.1729;1;0;NaN;NaN
TEL2007745_139;MFD_SETNO139;44.269283;-58.121033;307135;25;26-jul-07;02:45:32;32.3811;8.8638;5.37796;5.37796;1;8.8638;1;32.3811;1;0;NaN;NaN
TEL2007745_139;MFD_SETNO139;44.269283;-58.121033;307134;51;26-jul-07;02:45:32;32.7159;3.7427;5.97152;5.97152;1;3.7427;1;32.7159;1;0;NaN;NaN
TEL2007745_139;MFD_SETNO139;44.269283;-58.121033;307133;103;26-jul-07;02:45:32;33.4077;3.1421;4.91976;4.91976;1;3.1421;1;33.4077;1;0;NaN;NaN
TEL2007745_140;MFD_SETNO140;44.3984;-58.226717;307140;5;26-jul-07;04:54:53;31.0477;15.5274;4.52038;4.52038;1;15.5274;1;31.0477;1;0;NaN;NaN
TEL2007745_140;MFD_SETNO140;44.3984;-58.226717;307139;25;26-jul-07;04:54:53;31.5886;5.0965;5.67442;5.67442;1;5.0965;1;31.5886;1;0;NaN;NaN
TEL2007745_140;MFD_SETNO140;44.3984;-58.226717;307138;50;26-jul-07;04:54:53;32.2377;1.821;5.43552;5.43552;1;1.821;1;32.2377;1;0;NaN;NaN
TEL2007745_140;MFD_SETNO140;44.3984;-58.226717;307137;56;26-jul-07;04:54:53;32.2423;1.7973;5.41337;5.41337;1;1.7973;1;32.2423;1;0;NaN;NaN
TEL2007745_141;MFD_SETNO141;44.5718;-57.9608;307143;5;26-jul-07;07:24:19;31.0128;15.7251;4.47955;4.47955;1;15.7251;1;31.0128;1;0;NaN;NaN
TEL2007745_141;MFD_SETNO141;44.5718;-57.9608;307142;24;26-jul-07;07:24:19;31.6735;7.1757;5.2137;5.2137;1;7.1757;1;31.6735;1;0;NaN;NaN
TEL2007745_141;MFD_SETNO141;44.5718;-57.9608;307141;45;26-jul-07;07:24:19;31.8454;5.1903;5.24874;5.24874;1;5.1903;1;31.8454;1;0;NaN;NaN
TEL2007745_142;MFD_SETNO142;44.469267;-57.977033;307146;5;26-jul-07;08:52:09;31.0721;15.2469;4.56582;4.56582;1;15.2469;1;31.0721;1;0;NaN;NaN
TEL2007745_142;MFD_SETNO142;44.469267;-57.977033;307145;25;26-jul-07;08:52:09;31.5456;8.3217;5.19449;5.19449;1;8.3217;1;31.5456;1;0;NaN;NaN
TEL2007745_142;MFD_SETNO142;44.469267;-57.977033;307144;43;26-jul-07;08:52:09;32.0562;2.9348;5.37095;5.37095;1;2.9348;1;32.0562;1;0;NaN;NaN
TEL2007745_143;MFD_SETNO143;44.290133;-57.822517;307150;4;26-jul-07;11:29:46;31.1033;15.1953;4.56779;4.56779;1;15.1953;1;31.1033;1;0;NaN;NaN
TEL2007745_143;MFD_SETNO143;44.290133;-57.822517;307149;25;26-jul-07;11:29:46;31.5653;7.0402;5.7336;5.7336;1;7.0402;1;31.5653;1;0;NaN;NaN
TEL2007745_143;MFD_SETNO143;44.290133;-57.822517;307148;50;26-jul-07;11:29:46;32.6335;2.2156;6.11014;6.11014;1;2.2156;1;32.6335;1;0;NaN;NaN
TEL2007745_143;MFD_SETNO143;44.290133;-57.822517;307147;234;26-jul-07;11:29:46;34.7932;6.7753;3.26561;3.26561;1;6.7753;1;34.7932;1;0;NaN;NaN
TEL2007745_144;MFD_SETNO144;44.418617;-57.4481;307154;5;26-jul-07;14:47:33;30.8198;15.0391;4.59964;4.59964;1;15.0391;1;30.8198;1;0;NaN;NaN
TEL2007745_144;MFD_SETNO144;44.418617;-57.4481;307153;26;26-jul-07;14:47:33;32.5211;7.306;5.54204;5.54204;1;7.306;1;32.5211;1;0;NaN;NaN
TEL2007745_144;MFD_SETNO144;44.418617;-57.4481;307152;50;26-jul-07;14:47:33;32.7529;0.7936;5.86518;5.86518;1;0.7936;1;32.7529;1;0;NaN;NaN
TEL2007745_144;MFD_SETNO144;44.418617;-57.4481;307151;111;26-jul-07;14:47:33;32.7972;0.614;5.83054;5.83054;1;0.614;1;32.7972;1;0;NaN;NaN
TEL2007745_145;MFD_SETNO145;44.427033;-57.2572;307158;5;26-jul-07;17:30:52;31.1593;15.6373;4.50355;4.50355;1;15.6373;1;31.1593;1;0;NaN;NaN
TEL2007745_145;MFD_SETNO145;44.427033;-57.2572;307157;25;26-jul-07;17:30:52;32.3074;11.9035;5.04518;5.04518;1;11.9035;1;32.3074;1;0;NaN;NaN
TEL2007745_145;MFD_SETNO145;44.427033;-57.2572;307156;49;26-jul-07;17:30:52;32.7619;4.9595;5.89557;5.89557;1;4.9595;1;32.7619;1;0;NaN;NaN
TEL2007745_145;MFD_SETNO145;44.427033;-57.2572;307155;254;26-jul-07;17:30:52;34.7461;6.6533;3.37533;3.37533;1;6.6533;1;34.7461;1;0;NaN;NaN
TEL2007745_146;MFD_SETNO146;44.668133;-57.646233;307161;5;26-jul-07;20:58:48;30.8723;15.2809;4.64478;4.64478;1;15.2809;1;30.8723;1;0;NaN;NaN
TEL2007745_146;MFD_SETNO146;44.668133;-57.646233;307160;25;26-jul-07;20:58:48;31.9786;3.6647;5.47573;5.47573;1;3.6647;1;31.9786;1;0;NaN;NaN
TEL2007745_146;MFD_SETNO146;44.668133;-57.646233;307159;42;26-jul-07;20:58:48;32.0686;3.0758;5.30529;5.30529;1;3.0758;1;32.0686;1;0;NaN;NaN
TEL2007745_147;MFD_SETNO147;44.7778;-57.890933;307164;5;26-jul-07;23:32:56;30.8432;15.5078;4.58938;4.58938;1;15.5078;1;30.8432;1;0;NaN;NaN
TEL2007745_147;MFD_SETNO147;44.7778;-57.890933;307163;24;26-jul-07;23:32:56;31.6038;7.7053;5.23604;5.23604;1;7.7053;1;31.6038;1;0;NaN;NaN
TEL2007745_147;MFD_SETNO147;44.7778;-57.890933;307162;51;26-jul-07;23:32:56;31.8847;4.3235;5.42396;5.42396;1;4.3235;1;31.8847;1;0;NaN;NaN
TEL2007745_148;MFD_SETNO148;44.95855;-57.551983;307167;5;27-jul-07;02:12:49;30.7108;15.0476;4.60053;4.60053;1;15.0476;1;30.7108;1;0;NaN;NaN
TEL2007745_148;MFD_SETNO148;44.95855;-57.551983;307166;25;27-jul-07;02:12:49;31.6761;7.0013;5.41438;5.41438;1;7.0013;1;31.6761;1;0;NaN;NaN
TEL2007745_148;MFD_SETNO148;44.95855;-57.551983;307165;46;27-jul-07;02:12:49;32.049;3.2889;5.31282;5.31282;1;3.2889;1;32.049;1;0;NaN;NaN
TEL2007745_149;MFD_SETNO149;44.976883;-58.092967;307171;5;27-jul-07;05:11:42;30.7656;15.0059;4.61167;4.61167;1;15.0059;1;30.7656;1;0;NaN;NaN
TEL2007745_149;MFD_SETNO149;44.976883;-58.092967;307170;25;27-jul-07;05:11:42;31.8628;3.3761;5.87413;5.87413;1;3.3761;1;31.8628;1;0;NaN;NaN
TEL2007745_149;MFD_SETNO149;44.976883;-58.092967;307169;51;27-jul-07;05:11:42;32.3854;1.1783;5.19384;5.19384;1;1.1783;1;32.3854;1;0;NaN;NaN
TEL2007745_149;MFD_SETNO149;44.976883;-58.092967;307168;107;27-jul-07;05:11:42;32.7554;1.4881;4.81511;4.81511;1;1.4881;1;32.7554;1;0;NaN;NaN
TEL2007745_150;MFD_SETNO150;45.192067;-58.3083;307175;5;27-jul-07;07:33:22;30.7681;14.7863;4.64514;4.64514;1;14.7863;1;30.7681;1;0;NaN;NaN
TEL2007745_150;MFD_SETNO150;45.192067;-58.3083;307174;24;27-jul-07;07:33:22;31.5566;3.0933;6.2484;6.2484;1;3.0933;1;31.5566;1;0;NaN;NaN
TEL2007745_150;MFD_SETNO150;45.192067;-58.3083;307173;50;27-jul-07;07:33:22;32.2078;1.173;5.55721;5.55721;1;1.173;1;32.2078;1;0;NaN;NaN
TEL2007745_150;MFD_SETNO150;45.192067;-58.3083;307172;127;27-jul-07;07:33:22;33.12;1.5515;4.92243;4.92243;1;1.5515;1;33.12;1;0;NaN;NaN
TEL2007745_151;MFD_SETNO151;45.245833;-57.624217;307179;4;27-jul-07;11:59:34;30.8456;15.8393;4.44784;4.44784;1;15.8393;1;30.8456;1;0;NaN;NaN
TEL2007745_151;MFD_SETNO151;45.245833;-57.624217;307178;25;27-jul-07;11:59:34;32.28;7.9699;5.61769;5.61769;1;7.9699;1;32.28;1;0;NaN;NaN
TEL2007745_151;MFD_SETNO151;45.245833;-57.624217;307177;50;27-jul-07;11:59:34;32.5503;0.9879;5.67838;5.67838;1;0.9879;1;32.5503;1;0;NaN;NaN
TEL2007745_151;MFD_SETNO151;45.245833;-57.624217;307176;335;27-jul-07;11:59:34;34.758;5.2405;3.06449;3.06449;1;5.2405;1;34.758;1;0;NaN;NaN
TEL2007745_152;MFD_SETNO152;45.385183;-57.82935;307183;5;27-jul-07;16:51:42;30.6119;16.4445;4.47605;4.47605;1;16.4445;1;30.6119;1;0;NaN;NaN
TEL2007745_152;MFD_SETNO152;45.385183;-57.82935;307182;24;27-jul-07;16:51:42;31.8854;2.659;5.93301;5.93301;1;2.659;1;31.8854;1;0;NaN;NaN
TEL2007745_152;MFD_SETNO152;45.385183;-57.82935;307181;50;27-jul-07;16:51:42;32.3857;1.0622;5.33255;5.33255;1;1.0622;1;32.3857;1;0;NaN;NaN
TEL2007745_152;MFD_SETNO152;45.385183;-57.82935;307180;197;27-jul-07;16:51:42;33.7282;3.5186;3.91254;3.91254;1;3.5186;1;33.7282;1;0;NaN;NaN
TEL2007745_153;MFD_SETNO153;45.586633;-57.89435;307187;5;27-jul-07;19:18:38;30.994;16.2549;4.46648;4.46648;1;16.2549;1;30.994;1;0;NaN;NaN
TEL2007745_153;MFD_SETNO153;45.586633;-57.89435;307186;25;27-jul-07;19:18:38;32.2654;1.4642;6.08192;6.08192;1;1.4642;1;32.2654;1;0;NaN;NaN
TEL2007745_153;MFD_SETNO153;45.586633;-57.89435;307185;50;27-jul-07;19:18:38;32.6928;1.1004;5.32141;5.32141;1;1.1004;1;32.6928;1;0;NaN;NaN
TEL2007745_153;MFD_SETNO153;45.586633;-57.89435;307184;336;27-jul-07;19:18:38;34.8145;5.1213;2.98599;2.98599;1;5.1213;1;34.8145;1;0;NaN;NaN
TEL2007745_154;MFD_SETNO154;45.995833;-58.46945;307191;5;27-jul-07;23:45:00;30.6545;16.7443;4.47872;4.47872;1;16.7443;1;30.6545;1;0;NaN;NaN
TEL2007745_154;MFD_SETNO154;45.995833;-58.46945;307190;26;27-jul-07;23:45:00;32.1059;2.3448;6.01513;6.01513;1;2.3448;1;32.1059;1;0;NaN;NaN
TEL2007745_154;MFD_SETNO154;45.995833;-58.46945;307189;50;27-jul-07;23:45:00;32.5147;0.8975;5.69325;5.69325;1;0.8975;1;32.5147;1;0;NaN;NaN
TEL2007745_154;MFD_SETNO154;45.995833;-58.46945;307188;264;27-jul-07;23:45:00;34.6311;5.5955;2.59289;2.59289;1;5.5955;1;34.6311;1;0;NaN;NaN
TEL2007745_155;MFD_SETNO155;46.154083;-58.344683;307195;5;28-jul-07;02:10:43;31.1214;16.4469;4.48844;4.48844;1;16.4469;1;31.1214;1;0;NaN;NaN
TEL2007745_155;MFD_SETNO155;46.154083;-58.344683;307194;25;28-jul-07;02:10:43;32.5005;7.6108;5.51011;5.51011;1;7.6108;1;32.5005;1;0;NaN;NaN
TEL2007745_155;MFD_SETNO155;46.154083;-58.344683;307193;50;28-jul-07;02:10:43;32.5591;1.3436;5.87519;5.87519;1;1.3436;1;32.5591;1;0;NaN;NaN
TEL2007745_155;MFD_SETNO155;46.154083;-58.344683;307192;391;28-jul-07;02:10:43;34.8383;5.1023;2.86344;2.86344;1;5.1023;1;34.8383;1;0;NaN;NaN
TEL2007745_156;MFD_SETNO156;46.099517;-58.773533;307199;4;28-jul-07;05:18:57;30.5062;18.0704;4.43261;4.43261;1;18.0704;1;30.5062;1;0;NaN;NaN
TEL2007745_156;MFD_SETNO156;46.099517;-58.773533;307198;25;28-jul-07;05:18:57;31.7023;2.3113;6.09657;6.09657;1;2.3113;1;31.7023;1;0;NaN;NaN
TEL2007745_156;MFD_SETNO156;46.099517;-58.773533;307197;50;28-jul-07;05:18:57;32.4483;1.073;5.87417;5.87417;1;1.073;1;32.4483;1;0;NaN;NaN
TEL2007745_156;MFD_SETNO156;46.099517;-58.773533;307196;155;28-jul-07;05:18:57;34.0785;4.5482;3.20233;3.20233;1;4.5482;1;34.0785;1;0;NaN;NaN
TEL2007745_157;MFD_SETNO157;46.187283;-59.032283;307203;5;28-jul-07;07:29:38;30.6176;18.6378;4.28742;4.28742;1;18.6378;1;30.6176;1;0;NaN;NaN
TEL2007745_157;MFD_SETNO157;46.187283;-59.032283;307202;25;28-jul-07;07:29:38;31.937;1.9666;5.8354;5.8354;1;1.9666;1;31.937;1;0;NaN;NaN
TEL2007745_157;MFD_SETNO157;46.187283;-59.032283;307201;50;28-jul-07;07:29:38;32.4838;0.9172;5.57156;5.57156;1;0.9172;1;32.4838;1;0;NaN;NaN
TEL2007745_157;MFD_SETNO157;46.187283;-59.032283;307200;122;28-jul-07;07:29:38;33.2624;2.025;4.25769;4.25769;1;2.025;1;33.2624;1;0;NaN;NaN
TEL2007745_158;MFD_SETNO158;46.393917;-58.825317;307207;5;28-jul-07;10:04:35;30.8822;15.1412;4.77166;4.77166;1;15.1412;1;30.8822;1;0;NaN;NaN
TEL2007745_158;MFD_SETNO158;46.393917;-58.825317;307206;25;28-jul-07;10:04:35;32.4415;4.6997;6.22993;6.22993;1;4.6997;1;32.4415;1;0;NaN;NaN
TEL2007745_158;MFD_SETNO158;46.393917;-58.825317;307205;50;28-jul-07;10:04:35;32.7845;2.6583;5.99967;5.99967;1;2.6583;1;32.7845;1;0;NaN;NaN
TEL2007745_158;MFD_SETNO158;46.393917;-58.825317;307204;366;28-jul-07;10:04:35;34.8315;5.3024;2.6202;2.6202;1;5.3024;1;34.8315;1;0;NaN;NaN
TEL2007745_159;MFD_SETNO159;46.405967;-59.372583;307211;5;28-jul-07;14:28:46;29.62;19.2124;4.32235;4.32235;1;19.2124;1;29.62;1;0;NaN;NaN
TEL2007745_159;MFD_SETNO159;46.405967;-59.372583;307210;25;28-jul-07;14:28:46;31.2815;6.5113;5.54287;5.54287;1;6.5113;1;31.2815;1;0;NaN;NaN
TEL2007745_159;MFD_SETNO159;46.405967;-59.372583;307209;49;28-jul-07;14:28:46;32.0772;1.7753;5.7837;5.7837;1;1.7753;1;32.0772;1;0;NaN;NaN
TEL2007745_159;MFD_SETNO159;46.405967;-59.372583;307208;127;28-jul-07;14:28:46;33.1407;1.5647;4.6715;4.6715;1;1.5647;1;33.1407;1;0;NaN;NaN
TEL2007745_160;MFD_SETNO160;46.72105;-59.690567;307215;4;28-jul-07;17:35:11;30.7425;16.862;4.50981;4.50981;1;16.862;1;30.7425;1;0;NaN;NaN
TEL2007745_160;MFD_SETNO160;46.72105;-59.690567;307214;25;28-jul-07;17:35:11;31.979;5.0157;6.22842;6.22842;1;5.0157;1;31.979;1;0;NaN;NaN
TEL2007745_160;MFD_SETNO160;46.72105;-59.690567;307213;50;28-jul-07;17:35:11;32.4299;0.6136;5.77706;5.77706;1;0.6136;1;32.4299;1;0;NaN;NaN
TEL2007745_160;MFD_SETNO160;46.72105;-59.690567;307212;142;28-jul-07;17:35:11;33.3077;2.1459;4.36073;4.36073;1;2.1459;1;33.3077;1;0;NaN;NaN
TEL2007745_161;MFD_SETNO161;46.68985;-59.9939;307219;4;28-jul-07;20:07:20;29.6525;19.8408;4.28363;4.28363;1;19.8408;1;29.6525;1;0;NaN;NaN
TEL2007745_161;MFD_SETNO161;46.68985;-59.9939;307218;25;28-jul-07;20:07:20;29.8252;16.3916;4.52532;4.52532;1;16.3916;1;29.8252;1;0;NaN;NaN
TEL2007745_161;MFD_SETNO161;46.68985;-59.9939;307217;50;28-jul-07;20:07:20;31.9776;3.1695;6.06321;6.06321;1;3.1695;1;31.9776;1;0;NaN;NaN
TEL2007745_161;MFD_SETNO161;46.68985;-59.9939;307216;114;28-jul-07;20:07:20;32.9684;1.6201;4.16915;4.16915;1;1.6201;1;32.9684;1;0;NaN;NaN
TEL2007745_162;MFD_SETNO162;46.986083;-60.333467;307223;5;28-jul-07;23:17:14;29.5522;19.1643;4.33732;4.33732;1;19.1643;1;29.5522;1;0;NaN;NaN
TEL2007745_162;MFD_SETNO162;46.986083;-60.333467;307222;25;28-jul-07;23:17:14;29.787;17.6625;4.45784;4.45784;1;17.6625;1;29.787;1;0;NaN;NaN
TEL2007745_162;MFD_SETNO162;46.986083;-60.333467;307221;49;28-jul-07;23:17:14;31.4741;3.2891;5.49428;5.49428;1;3.2891;1;31.4741;1;0;NaN;NaN
TEL2007745_162;MFD_SETNO162;46.986083;-60.333467;307220;60;28-jul-07;23:17:14;32.5266;1.0868;5.31683;5.31683;1;1.0868;1;32.5266;1;0;NaN;NaN
TEL2007745_163;MFD_SETNO163;47.184817;-60.1171;307227;5;29-jul-07;01:53:08;31.1465;12.0311;5.16949;5.16949;1;12.0311;1;31.1465;1;0;NaN;NaN
TEL2007745_163;MFD_SETNO163;47.184817;-60.1171;307226;25;29-jul-07;01:53:08;32.0584;2.5325;6.0257;6.0257;1;2.5325;1;32.0584;1;0;NaN;NaN
TEL2007745_163;MFD_SETNO163;47.184817;-60.1171;307225;50;29-jul-07;01:53:08;32.409;1.2306;5.80445;5.80445;1;1.2306;1;32.409;1;0;NaN;NaN
TEL2007745_163;MFD_SETNO163;47.184817;-60.1171;307224;176;29-jul-07;01:53:08;34.1853;4.6951;3.00548;3.00548;1;4.6951;1;34.1853;1;0;NaN;NaN
TEL2007745_164;MFD_SETNO164;47.029533;-60.0662;307231;5;29-jul-07;03:54:23;29.6612;18.0192;4.45364;4.45364;1;18.0192;1;29.6612;1;0;NaN;NaN
TEL2007745_164;MFD_SETNO164;47.029533;-60.0662;307230;25;29-jul-07;03:54:23;30.4763;8.2092;5.14507;5.14507;1;8.2092;1;30.4763;1;0;NaN;NaN
TEL2007745_164;MFD_SETNO164;47.029533;-60.0662;307229;51;29-jul-07;03:54:23;32.0676;0.8277;5.4503;5.4503;1;0.8277;1;32.0676;1;0;NaN;NaN
TEL2007745_164;MFD_SETNO164;47.029533;-60.0662;307228;213;29-jul-07;03:54:23;34.1066;4.5079;3.13362;3.13362;1;4.5079;1;34.1066;1;0;NaN;NaN
TEL2007745_165;MFD_SETNO165;46.797267;-59.902567;307235;4;29-jul-07;06:15:26;29.5975;18.9875;4.34055;4.34055;1;18.9875;1;29.5975;1;0;NaN;NaN
TEL2007745_165;MFD_SETNO165;46.797267;-59.902567;307234;24;29-jul-07;06:15:26;30.3146;10.7344;4.98259;4.98259;1;10.7344;1;30.3146;1;0;NaN;NaN
TEL2007745_165;MFD_SETNO165;46.797267;-59.902567;307233;49;29-jul-07;06:15:26;32.2217;2.263;5.97446;5.97446;1;2.263;1;32.2217;1;0;NaN;NaN
TEL2007745_165;MFD_SETNO165;46.797267;-59.902567;307232;129;29-jul-07;06:15:26;33.1099;1.6813;4.41616;4.41616;1;1.6813;1;33.1099;1;0;NaN;NaN
TEL2007745_166;MFD_SETNO166;46.433033;-60.16935;307239;5;29-jul-07;09:43:31;30.1476;19.3526;4.29575;4.29575;1;19.3526;1;30.1476;1;0;NaN;NaN
TEL2007745_166;MFD_SETNO166;46.433033;-60.16935;307238;25;29-jul-07;09:43:31;31.0427;6.5388;5.51797;5.51797;1;6.5388;1;31.0427;1;0;NaN;NaN
TEL2007745_166;MFD_SETNO166;46.433033;-60.16935;307237;50;29-jul-07;09:43:31;31.691;1.7846;5.55707;5.55707;1;1.7846;1;31.691;1;0;NaN;NaN
TEL2007745_166;MFD_SETNO166;46.433033;-60.16935;307236;73;29-jul-07;09:43:31;32.2709;1.1759;5.16712;5.16712;1;1.1759;1;32.2709;1;0;NaN;NaN
TEL2007745_167;MFD_SETNO167;46.4123;-59.841533;307243;5;29-jul-07;12:24:45;30.0428;18.6426;4.47386;4.47386;1;18.6426;1;30.0428;1;0;NaN;NaN
TEL2007745_167;MFD_SETNO167;46.4123;-59.841533;307242;25;29-jul-07;12:24:45;30.928;11.7951;5.0536;5.0536;1;11.7951;1;30.928;1;0;NaN;NaN
TEL2007745_167;MFD_SETNO167;46.4123;-59.841533;307241;51;29-jul-07;12:24:45;31.7412;2.0491;5.46165;5.46165;1;2.0491;1;31.7412;1;0;NaN;NaN
TEL2007745_167;MFD_SETNO167;46.4123;-59.841533;307240;52;29-jul-07;12:24:45;31.7382;2.0526;5.45299;5.45299;1;2.0526;1;31.7382;1;0;NaN;NaN
TEL2007745_168;MFD_SETNO168;45.855883;-59.740517;307247;4;29-jul-07;16:48:53;30.3239;16.8471;4.57836;4.57836;1;16.8471;1;30.3239;1;0;NaN;NaN
TEL2007745_168;MFD_SETNO168;45.855883;-59.740517;307246;23;29-jul-07;16:48:53;31.1922;6.3086;5.51459;5.51459;1;6.3086;1;31.1922;1;0;NaN;NaN
TEL2007745_168;MFD_SETNO168;45.855883;-59.740517;307245;49;29-jul-07;16:48:53;31.6743;3.5538;5.57648;5.57648;1;3.5538;1;31.6743;1;0;NaN;NaN
TEL2007745_168;MFD_SETNO168;45.855883;-59.740517;307244;63;29-jul-07;16:48:53;31.8427;2.8386;5.6047;5.6047;1;2.8386;1;31.8427;1;0;NaN;NaN
TEL2007745_169;MFD_SETNO169;45.860883;-59.537867;307251;5;29-jul-07;18:31:36;30.0715;18.665;4.23192;4.23192;1;18.665;1;30.0715;1;0;NaN;NaN
TEL2007745_169;MFD_SETNO169;45.860883;-59.537867;307250;26;29-jul-07;18:31:36;31.8128;2.712;5.61704;5.61704;1;2.712;1;31.8128;1;0;NaN;NaN
TEL2007745_169;MFD_SETNO169;45.860883;-59.537867;307249;50;29-jul-07;18:31:36;31.8629;2.4088;5.59196;5.59196;1;2.4088;1;31.8629;1;0;NaN;NaN
TEL2007745_169;MFD_SETNO169;45.860883;-59.537867;307248;64;29-jul-07;18:31:36;31.8963;2.3632;5.58582;5.58582;1;2.3632;1;31.8963;1;0;NaN;NaN
TEL2007745_170;MFD_SETNO170;45.793483;-59.38805;307255;5;29-jul-07;21:00:25;30.2507;17.2241;4.45202;4.45202;1;17.2241;1;30.2507;1;0;NaN;NaN
TEL2007745_170;MFD_SETNO170;45.793483;-59.38805;307254;25;29-jul-07;21:00:25;31.0368;6.0553;5.48364;5.48364;1;6.0553;1;31.0368;1;0;NaN;NaN
TEL2007745_170;MFD_SETNO170;45.793483;-59.38805;307253;50;29-jul-07;21:00:25;31.831;1.4404;5.64064;5.64064;1;1.4404;1;31.831;1;0;NaN;NaN
TEL2007745_170;MFD_SETNO170;45.793483;-59.38805;307252;130;29-jul-07;21:00:25;33.1716;1.6951;4.63408;4.63408;1;1.6951;1;33.1716;1;0;NaN;NaN
TEL2007745_171;MFD_SETNO171;45.817617;-59.156917;307259;5;29-jul-07;22:51:12;30.1873;18.224;4.34773;4.34773;1;18.224;1;30.1873;1;0;NaN;NaN
TEL2007745_171;MFD_SETNO171;45.817617;-59.156917;307258;25;29-jul-07;22:51:12;31.6711;4.012;5.683;5.683;1;4.012;1;31.6711;1;0;NaN;NaN
TEL2007745_171;MFD_SETNO171;45.817617;-59.156917;307257;50;29-jul-07;22:51:12;32.2448;1.5222;5.66801;5.66801;1;1.5222;1;32.2448;1;0;NaN;NaN
TEL2007745_171;MFD_SETNO171;45.817617;-59.156917;307256;153;29-jul-07;22:51:12;33.3855;2.3393;4.09495;4.09495;1;2.3393;1;33.3855;1;0;NaN;NaN
TEL2007745_173;MFD_SETNO173;45.658183;-58.720017;307263;5;30-jul-07;02:55:24;30.3452;18.8238;4.24183;4.24183;1;18.8238;1;30.3452;1;0;NaN;NaN
TEL2007745_173;MFD_SETNO173;45.658183;-58.720017;307262;25;30-jul-07;02:55:24;31.7487;6.0605;6.06139;6.06139;1;6.0605;1;31.7487;1;0;NaN;NaN
TEL2007745_173;MFD_SETNO173;45.658183;-58.720017;307261;51;30-jul-07;02:55:24;32.493;1.1576;5.53764;5.53764;1;1.1576;1;32.493;1;0;NaN;NaN
TEL2007745_173;MFD_SETNO173;45.658183;-58.720017;307260;154;30-jul-07;02:55:24;33.5191;2.8275;4.02878;4.02878;1;2.8275;1;33.5191;1;0;NaN;NaN
TEL2007745_175;MFD_SETNO175;45.410217;-58.9179;307267;5;30-jul-07;06:47:31;30.6067;16.6754;4.47795;4.47795;1;16.6754;1;30.6067;1;0;NaN;NaN
TEL2007745_175;MFD_SETNO175;45.410217;-58.9179;307266;24;30-jul-07;06:47:31;31.9049;3.212;5.85157;5.85157;1;3.212;1;31.9049;1;0;NaN;NaN
TEL2007745_175;MFD_SETNO175;45.410217;-58.9179;307265;50;30-jul-07;06:47:31;32.4282;1.3104;5.22025;5.22025;1;1.3104;1;32.4282;1;0;NaN;NaN
TEL2007745_175;MFD_SETNO175;45.410217;-58.9179;307264;76;30-jul-07;06:47:31;32.4802;1.2219;5.16642;5.16642;1;1.2219;1;32.4802;1;0;NaN;NaN
TEL2007745_176;MFD_SETNO176;45.171;-58.924067;307271;4;30-jul-07;09:00:14;30.8506;17.0491;4.3573;4.3573;1;17.0491;1;30.8506;1;0;NaN;NaN
TEL2007745_176;MFD_SETNO176;45.171;-58.924067;307270;25;30-jul-07;09:00:14;31.5378;3.1017;5.91536;5.91536;1;3.1017;1;31.5378;1;0;NaN;NaN
TEL2007745_176;MFD_SETNO176;45.171;-58.924067;307269;50;30-jul-07;09:00:14;32.3254;1.145;5.20469;5.20469;1;1.145;1;32.3254;1;0;NaN;NaN
TEL2007745_176;MFD_SETNO176;45.171;-58.924067;307268;76;30-jul-07;09:00:14;32.3449;1.145;5.144;5.144;1;1.145;1;32.3449;1;0;NaN;NaN
TEL2007745_177;MFD_SETNO177;45.484717;-59.253817;307275;4;30-jul-07;12:58:56;30.4832;16.2198;4.53546;4.53546;1;16.2198;1;30.4832;1;0;NaN;NaN
TEL2007745_177;MFD_SETNO177;45.484717;-59.253817;307274;24;30-jul-07;12:58:56;31.7973;4.6329;5.94496;5.94496;1;4.6329;1;31.7973;1;0;NaN;NaN
TEL2007745_177;MFD_SETNO177;45.484717;-59.253817;307273;50;30-jul-07;12:58:56;32.355;1.1314;5.10832;5.10832;1;1.1314;1;32.355;1;0;NaN;NaN
TEL2007745_177;MFD_SETNO177;45.484717;-59.253817;307272;73;30-jul-07;12:58:56;32.4479;1.2425;5.00571;5.00571;1;1.2425;1;32.4479;1;0;NaN;NaN
TEL2007745_178;MFD_SETNO178;45.555433;-59.37355;307279;5;30-jul-07;14:41:09;30.2216;18.2367;3.65291;3.65291;1;18.2367;1;30.2216;1;0;NaN;NaN
TEL2007745_178;MFD_SETNO178;45.555433;-59.37355;307278;25;30-jul-07;14:41:09;31.7339;4.9717;5.94884;5.94884;1;4.9717;1;31.7339;1;0;NaN;NaN
TEL2007745_178;MFD_SETNO178;45.555433;-59.37355;307277;50;30-jul-07;14:41:09;32.3756;1.7328;5.15544;5.15544;1;1.7328;1;32.3756;1;0;NaN;NaN
TEL2007745_178;MFD_SETNO178;45.555433;-59.37355;307276;125;30-jul-07;14:41:09;33.2594;2.0377;4.49476;4.49476;1;2.0377;1;33.2594;1;0;NaN;NaN
TEL2007745_179;MFD_SETNO179;45.4287;-60.34735;307283;4;30-jul-07;21:24:05;30.3437;17.1851;4.45041;4.45041;1;17.1851;1;30.3437;1;0;NaN;NaN
TEL2007745_179;MFD_SETNO179;45.4287;-60.34735;307282;25;30-jul-07;21:24:05;31.728;5.3078;6.0056;6.0056;1;5.3078;1;31.728;1;0;NaN;NaN
TEL2007745_179;MFD_SETNO179;45.4287;-60.34735;307281;50;30-jul-07;21:24:05;32.305;1.6351;5.94706;5.94706;1;1.6351;1;32.305;1;0;NaN;NaN
TEL2007745_179;MFD_SETNO179;45.4287;-60.34735;307280;122;30-jul-07;21:24:05;33.0858;1.5978;4.66506;4.66506;1;1.5978;1;33.0858;1;0;NaN;NaN
TEL2007745_180;MFD_SETNO180;45.169683;-60.296383;307287;5;30-jul-07;23:56:15;30.487;16.3763;4.535;4.535;1;16.3763;1;30.487;1;0;NaN;NaN
TEL2007745_180;MFD_SETNO180;45.169683;-60.296383;307286;26;30-jul-07;23:56:15;31.701;3.834;5.74125;5.74125;1;3.834;1;31.701;1;0;NaN;NaN
TEL2007745_180;MFD_SETNO180;45.169683;-60.296383;307285;49;30-jul-07;23:56:15;32.1432;1.7374;5.60835;5.60835;1;1.7374;1;32.1432;1;0;NaN;NaN
TEL2007745_180;MFD_SETNO180;45.169683;-60.296383;307284;70;30-jul-07;23:56:15;32.3891;1.2513;5.10613;5.10613;1;1.2513;1;32.3891;1;0;NaN;NaN
TEL2007745_181;MFD_SETNO181;45.199017;-60.487433;307291;4;31-jul-07;02:02:36;30.545;15.022;4.68722;4.68722;1;15.022;1;30.545;1;0;NaN;NaN
TEL2007745_181;MFD_SETNO181;45.199017;-60.487433;307290;25;31-jul-07;02:02:36;31.4416;3.794;5.94453;5.94453;1;3.794;1;31.4416;1;0;NaN;NaN
TEL2007745_181;MFD_SETNO181;45.199017;-60.487433;307289;50;31-jul-07;02:02:36;32.0119;1.0359;5.48326;5.48326;1;1.0359;1;32.0119;1;0;NaN;NaN
TEL2007745_181;MFD_SETNO181;45.199017;-60.487433;307288;127;31-jul-07;02:02:36;33.0152;1.6252;4.56393;4.56393;1;1.6252;1;33.0152;1;0;NaN;NaN
TEL2007745_182;MFD_SETNO182;44.65955;-60.726433;307294;5;01-aug-07;05:30:23;30.8149;16.6709;4.51172;4.51172;1;16.6709;1;30.8149;1;0;NaN;NaN
TEL2007745_182;MFD_SETNO182;44.65955;-60.726433;307293;25;01-aug-07;05:30:23;31.8317;3.6937;5.50136;5.50136;1;3.6937;1;31.8317;1;0;NaN;NaN
TEL2007745_182;MFD_SETNO182;44.65955;-60.726433;307292;49;01-aug-07;05:30:23;32.143;2.8195;5.33673;5.33673;1;2.8195;1;32.143;1;0;NaN;NaN
TEL2007745_184;MFD_SETNO184;44.523117;-60.469367;307297;5;01-aug-07;09:10:21;30.6486;17.2819;4.3795;4.3795;1;17.2819;1;30.6486;1;0;NaN;NaN
TEL2007745_184;MFD_SETNO184;44.523117;-60.469367;307296;25;01-aug-07;09:10:21;31.7006;4.5086;5.73594;5.73594;1;4.5086;1;31.7006;1;0;NaN;NaN
TEL2007745_184;MFD_SETNO184;44.523117;-60.469367;307295;33;01-aug-07;09:10:21;31.8338;3.5433;5.71534;5.71534;1;3.5433;1;31.8338;1;0;NaN;NaN
TEL2007745_185;MFD_SETNO185;44.497;-60.67905;307300;5;01-aug-07;10:48:58;30.7859;17.458;4.33413;4.33413;1;17.458;1;30.7859;1;0;NaN;NaN
TEL2007745_185;MFD_SETNO185;44.497;-60.67905;307299;25;01-aug-07;10:48:58;31.9021;2.8058;5.56131;5.56131;1;2.8058;1;31.9021;1;0;NaN;NaN
TEL2007745_185;MFD_SETNO185;44.497;-60.67905;307298;54;01-aug-07;10:48:58;32.3183;1.9668;5.22744;5.22744;1;1.9668;1;32.3183;1;0;NaN;NaN
TEL2007745_186;MFD_SETNO186;44.313367;-60.8206;307304;5;01-aug-07;13:17:38;31.5464;18.1484;4.22397;4.22397;1;18.1484;1;31.5464;1;0;NaN;NaN
TEL2007745_186;MFD_SETNO186;44.313367;-60.8206;307303;24;01-aug-07;13:17:38;32.1059;9.4214;4.97338;4.97338;1;9.4214;1;32.1059;1;0;NaN;NaN
TEL2007745_186;MFD_SETNO186;44.313367;-60.8206;307302;49;01-aug-07;13:17:38;32.0982;4.2926;5.58866;5.58866;1;4.2926;1;32.0982;1;0;NaN;NaN
TEL2007745_186;MFD_SETNO186;44.313367;-60.8206;307301;108;01-aug-07;13:17:38;33.1371;3.0072;4.73784;4.73784;1;3.0072;1;33.1371;1;0;NaN;NaN
TEL2007745_187;MFD_SETNO187;44.2047;-60.858533;307307;5;01-aug-07;14:44:03;31.6384;16.749;4.24065;4.24065;1;16.749;1;31.6384;1;0;NaN;NaN
TEL2007745_187;MFD_SETNO187;44.2047;-60.858533;307306;23;01-aug-07;14:44:03;32.0169;10.8494;4.9372;4.9372;1;10.8494;1;32.0169;1;0;NaN;NaN
TEL2007745_187;MFD_SETNO187;44.2047;-60.858533;307305;30;01-aug-07;14:44:03;32.0421;10.3671;4.93724;4.93724;1;10.3671;1;32.0421;1;0;NaN;NaN
TEL2007745_188;MFD_SETNO188;44.476367;-60.952533;307311;5;01-aug-07;16:59:33;31.098;18.4604;4.28109;4.28109;1;18.4604;1;31.098;1;0;NaN;NaN
TEL2007745_188;MFD_SETNO188;44.476367;-60.952533;307310;26;01-aug-07;16:59:33;32.1342;9.2286;5.09344;5.09344;1;9.2286;1;32.1342;1;0;NaN;NaN
TEL2007745_188;MFD_SETNO188;44.476367;-60.952533;307309;50;01-aug-07;16:59:33;32.3524;2.568;5.48688;5.48688;1;2.568;1;32.3524;1;0;NaN;NaN
TEL2007745_188;MFD_SETNO188;44.476367;-60.952533;307308;88;01-aug-07;16:59:33;32.8325;2.323;4.91754;4.91754;1;2.323;1;32.8325;1;0;NaN;NaN
TEL2007745_190;MFD_SETNO190;44.53995;-61.7059;307315;5;01-aug-07;23:12:09;30.6142;15.3645;4.69119;4.69119;1;15.3645;1;30.6142;1;0;NaN;NaN
TEL2007745_190;MFD_SETNO190;44.53995;-61.7059;307314;25;01-aug-07;23:12:09;32.1191;3.5944;5.44281;5.44281;1;3.5944;1;32.1191;1;0;NaN;NaN
TEL2007745_190;MFD_SETNO190;44.53995;-61.7059;307313;51;01-aug-07;23:12:09;32.4644;1.6326;4.92243;4.92243;1;1.6326;1;32.4644;1;0;NaN;NaN
TEL2007745_190;MFD_SETNO190;44.53995;-61.7059;307312;159;01-aug-07;23:12:09;34.4861;7.5621;2.24117;2.24117;1;7.5621;1;34.4861;1;0;NaN;NaN
TEL2007745_191;MFD_SETNO191;44.269667;-63.3222;307325;1;02-aug-07;05:41:24;30.897;18.422;4.50536;4.50536;1;18.422;1;30.897;1;0;NaN;NaN
TEL2007745_191;MFD_SETNO191;44.269667;-63.3222;307324;4;02-aug-07;05:41:24;30.9032;18.4161;4.47237;4.47237;1;18.4161;1;30.9032;1;0;NaN;NaN
TEL2007745_191;MFD_SETNO191;44.269667;-63.3222;307323;10;02-aug-07;05:41:24;30.999;16.6568;4.59805;4.59805;1;16.6568;1;30.999;1;0;NaN;NaN
TEL2007745_191;MFD_SETNO191;44.269667;-63.3222;307322;19;02-aug-07;05:41:24;31.4686;4.5209;5.96917;5.96917;1;4.5209;1;31.4686;1;0;NaN;NaN
TEL2007745_191;MFD_SETNO191;44.269667;-63.3222;307321;30;02-aug-07;05:41:24;31.9456;3.075;5.73821;5.73821;1;3.075;1;31.9456;1;0;NaN;NaN
TEL2007745_191;MFD_SETNO191;44.269667;-63.3222;307320;39;02-aug-07;05:41:24;32.0953;2.8474;5.6515;5.6515;1;2.8474;1;32.0953;1;0;NaN;NaN
TEL2007745_191;MFD_SETNO191;44.269667;-63.3222;307319;49;02-aug-07;05:41:24;32.2983;2.3686;5.39515;5.39515;1;2.3686;1;32.2983;1;0;NaN;NaN
TEL2007745_191;MFD_SETNO191;44.269667;-63.3222;307318;75;02-aug-07;05:41:24;32.6291;1.9836;4.88573;4.88573;1;1.9836;1;32.6291;1;0;NaN;NaN
TEL2007745_191;MFD_SETNO191;44.269667;-63.3222;307317;100;02-aug-07;05:41:24;32.868;2.6146;4.42404;4.42404;1;2.6146;1;32.868;1;0;NaN;NaN
TEL2007745_191;MFD_SETNO191;44.269667;-63.3222;307316;162;02-aug-07;05:41:24;33.7774;5.6313;3.23577;3.23577;1;5.6313;1;33.7774;1;0;NaN;NaN
