CTD;CTD;CTD;CTD;CTD;CTD;CTD;CTD;CTD;CTD;CTD;labo;labo;labo;labo;labo;labo;labo;labo;labo;labo;labo;labo;labo;calc;calc
Fichier;Station;Latitude;Longitude;Echantillon;zbouteille;Date;Heure;PSAL;TEMP_XX;DOXY;CHL_01;Q_CHL;PSAL_BS;Q_PSAL;OXY_03;Q_OXY;NOx_01;Q_NOX;PO4_01;Q_PO4;Si_01;Q_Si;QCFF;N_P;N_Si
(nom);(nom/no);(degres);(degres);(no_unique);(dbar);(jj-mmm-yyyy);(GMT);(psu);(celsius);(ml/l);(mg/m**3);((none));(PSU);((none));(ml/l);((none));(mmol/m**3);((none));(mmol/m**3);((none));(mmol/m**3);((none));((none));((none));((none))
TEL2008805_1;MFD_SETNO1;44.271217;-63.3224;301319;3;19-mar-08;14:43:31;31.5905;0.2608;4.84346;0.0484676865671642;1;31.606;1;7.8395;7;6.39;1;0.846;1;7.0965;1;256;7.55;0.90
TEL2008805_1;MFD_SETNO1;44.271217;-63.3224;301318;6;19-mar-08;14:43:31;31.5909;0.263;4.84114;1.17014843283582;1;NaN;9;NaN;9;6.3325;1;0.8285;1;7.147;1;0;7.64;0.89
TEL2008805_1;MFD_SETNO1;44.271217;-63.3224;301317;11;19-mar-08;14:43:31;31.5911;0.2561;4.84218;0.484676865671642;1;NaN;9;NaN;9;6.2145;1;0.8145;1;7.183;1;0;7.63;0.87
TEL2008805_1;MFD_SETNO1;44.271217;-63.3224;301316;20;19-mar-08;14:43:31;31.5964;0.2506;4.83516;0.484676865671642;1;NaN;9;NaN;9;6.3185;1;0.8325;1;7.4535;1;0;7.59;0.85
TEL2008805_1;MFD_SETNO1;44.271217;-63.3224;301315;29;19-mar-08;14:43:31;31.5983;0.257;4.8333;0.360045671641791;1;NaN;9;NaN;9;6.3115;1;0.827;1;7.1695;1;0;7.63;0.88
TEL2008805_1;MFD_SETNO1;44.271217;-63.3224;301314;40;19-mar-08;14:43:31;31.6011;0.2651;4.8326;0.775482985074627;1;31.615;1;7.8445;7;6.189;1;0.814;1;7.073;1;256;7.60;0.88
TEL2008805_1;MFD_SETNO1;44.271217;-63.3224;301313;50;19-mar-08;14:43:31;31.6038;0.2747;4.82495;0.567764328358209;1;NaN;9;NaN;9;6.3475;1;0.825;1;7.172;1;0;7.69;0.89
TEL2008805_1;MFD_SETNO1;44.271217;-63.3224;301312;81;19-mar-08;14:43:31;31.6474;0.5329;4.72427;0.437338796641791;1;NaN;9;NaN;9;6.806;1;0.857;1;7.5485;1;0;7.94;0.90
TEL2008805_1;MFD_SETNO1;44.271217;-63.3224;301311;101;19-mar-08;14:43:31;31.6807;0.6783;4.66687;0.237566753731343;1;NaN;9;NaN;9;6.9185;1;0.8695;1;7.6395;1;0;7.96;0.91
TEL2008805_1;MFD_SETNO1;44.271217;-63.3224;301310;185;19-mar-08;14:43:31;33.5987;5.3337;2.98993;0.0964039835820895;1;33.603;1;4.91;7;13.4695;1;1.2365;1;14.359;1;256;10.89;0.94
TEL2008805_2;MFD_SETNO2;44.26825;-62.034033;301323;6;19-mar-08;21:41:23;32.2336;2.4124;4.65622;0.804680597014926;1;32.271;1;7.568;7;5.348;1;0.7475;1;5.328;1;256;7.15;1.00
TEL2008805_2;MFD_SETNO2;44.26825;-62.034033;301322;25;19-mar-08;21:41:23;32.2682;2.5421;4.65381;1.48418865671642;1;NaN;9;NaN;9;5.345;1;0.748;1;5.251;1;0;7.15;1.02
TEL2008805_2;MFD_SETNO2;44.26825;-62.034033;301321;52;19-mar-08;21:41:23;32.3543;2.8378;4.54478;0.107290746268657;1;NaN;9;NaN;9;5.598;1;0.7275;1;5.2975;1;0;7.69;1.06
TEL2008805_2;MFD_SETNO2;44.26825;-62.034033;301320;174;19-mar-08;21:41:23;34.542;7.8019;2.37874;0.019718996641791;1;34.555;1;3.9705;7;17.31;1;1.3525;1;14.9805;1;256;12.80;1.16
TEL2008805_3;MFD_SETNO3;44.1401;-62.11045;301327;6;20-mar-08;00:03:17;32.3346;2.8229;4.54871;0.822562388059701;1;32.366;1;7.4325;7;5.083;1;0.7165;1;4.9665;1;256;7.09;1.02
TEL2008805_3;MFD_SETNO3;44.1401;-62.11045;301326;26;20-mar-08;00:03:17;32.3422;2.865;4.55432;0.858325970149254;1;NaN;9;NaN;9;5.0465;1;0.7205;1;5.0215;1;0;7.00;1.00
TEL2008805_3;MFD_SETNO3;44.1401;-62.11045;301325;50;20-mar-08;00:03:17;32.4002;3.1146;4.53604;1.03714388059702;1;NaN;9;NaN;9;4.7825;1;0.6925;1;4.812;1;0;6.91;0.99
TEL2008805_3;MFD_SETNO3;44.1401;-62.11045;301324;146;20-mar-08;00:03:17;33.9151;6.4363;2.86196;0.105167982089552;1;33.93;1;4.7735;7;14.0405;1;1.186;1;12.222;1;256;11.84;1.15
TEL2008805_4;MFD_SETNO4;44.109267;-61.512517;301331;6;20-mar-08;04:00:58;32.2596;2.5151;4.56595;0.965616716417911;1;32.287;1;7.48;7;5.3875;1;0.7305;1;5.1075;1;256;7.38;1.05
TEL2008805_4;MFD_SETNO4;44.109267;-61.512517;301330;26;20-mar-08;04:00:58;32.2649;2.5343;4.62905;0.858570447761194;1;NaN;9;NaN;9;5.3465;1;0.746;1;5.1625;1;0;7.17;1.04
TEL2008805_4;MFD_SETNO4;44.109267;-61.512517;301329;51;20-mar-08;04:00:58;32.2974;2.7173;4.59737;0.900114179104478;1;NaN;9;NaN;9;5.3435;1;0.7475;1;5.0855;1;0;7.15;1.05
TEL2008805_4;MFD_SETNO4;44.109267;-61.512517;301328;132;20-mar-08;04:00:58;33.9753;6.533;2.66161;0.0431939552238806;1;33.993;1;4.3945;7;14.8765;1;1.277;1;14.656;1;256;11.65;1.02
TEL2008805_5;MFD_SETNO5;44.329933;-61.324183;301335;5;20-mar-08;07:03:40;32.0788;1.086;4.81772;1.68088835820896;1;32.108;1;7.76;7;5.9875;1;0.8355;1;5.714;1;256;7.17;1.05
TEL2008805_5;MFD_SETNO5;44.329933;-61.324183;301334;25;20-mar-08;07:03:40;32.0825;1.1079;4.82428;1.96699701492537;1;NaN;9;NaN;9;5.9705;1;0.8125;1;5.6205;1;0;7.35;1.06
TEL2008805_5;MFD_SETNO5;44.329933;-61.324183;301333;51;20-mar-08;07:03:40;32.2808;1.4582;4.72417;1.10867104477612;1;NaN;9;NaN;9;7.56;1;0.9265;1;7.1165;1;0;8.16;1.06
TEL2008805_5;MFD_SETNO5;44.329933;-61.324183;301332;179;20-mar-08;07:03:40;34.0477;6.6511;2.49894;0.0539924440298507;1;34.067;1;4.0695;7;15.2615;1;1.3185;1;15.7995;1;256;11.57;0.97
TEL2008805_6;MFD_SETNO6;44.537767;-60.806717;301339;5;20-mar-08;10:40:29;32.0911;-0.1956;4.83715;1.21596179104478;1;31.581;7;7.942;7;6.115;1;0.8275;1;6.6235;1;256;7.39;0.92
TEL2008805_6;MFD_SETNO6;44.537767;-60.806717;301338;26;20-mar-08;10:40:29;31.5752;-0.1104;4.98094;1.18019820895522;1;NaN;9;NaN;9;6.2745;1;0.843;1;6.803;1;0;7.44;0.92
TEL2008805_6;MFD_SETNO6;44.537767;-60.806717;301337;51;20-mar-08;10:40:29;31.7131;0.0303;4.88987;1.03714388059702;1;NaN;9;NaN;9;6.769;1;0.8995;1;7.3555;1;0;7.53;0.92
TEL2008805_6;MFD_SETNO6;44.537767;-60.806717;301336;61;20-mar-08;10:40:29;32.1302;1.2654;4.61492;0.540068507462687;1;32.154;1;7.3455;7;7.0125;1;0.902;1;6.765;1;256;7.77;1.04
TEL2008805_7;MFD_SETNO7;44.514067;-60.451467;301342;6;20-mar-08;13:03:12;32.1732;1.0752;4.6602;0.484676865671642;1;32.189;1;7.5735;7;7.563;1;0.924;1;7.376;1;256;8.19;1.03
TEL2008805_7;MFD_SETNO7;44.514067;-60.451467;301341;25;20-mar-08;13:03:12;32.1651;1.0677;4.7128;0.484676865671642;1;NaN;9;NaN;9;7.5455;1;0.9315;1;7.547;1;0;8.10;1.00
TEL2008805_7;MFD_SETNO7;44.514067;-60.451467;301340;30;20-mar-08;13:03:12;32.1653;1.0689;4.72038;0.512372686567164;1;32.199;1;7.61;7;7.519;1;0.9205;1;7.396;1;256;8.17;1.02
TEL2008805_8;MFD_SETNO8;44.265183;-60.641683;301346;6;20-mar-08;15:53:43;32.2069;1.2873;4.72295;1.5735976119403;1;32.228;1;7.9945;7;6.4425;1;0.8715;1;5.8045;1;256;7.39;1.11
TEL2008805_8;MFD_SETNO8;44.265183;-60.641683;301345;25;20-mar-08;15:53:43;32.2065;1.2853;4.74968;1.5735976119403;1;NaN;9;NaN;9;6.49;1;0.8765;1;5.8925;1;0;7.40;1.10
TEL2008805_8;MFD_SETNO8;44.265183;-60.641683;301344;50;20-mar-08;15:53:43;32.2075;1.2779;4.74801;1.78817910447761;1;NaN;9;NaN;9;6.524;1;0.878;1;6.1625;1;0;7.43;1.06
TEL2008805_8;MFD_SETNO8;44.265183;-60.641683;301343;137;20-mar-08;15:53:43;32.6864;2.3738;4.16424;0.498524776119403;1;32.627;1;7.175;7;7.906;1;0.9025;1;7.387;1;256;8.76;1.07
TEL2008805_9;MFD_SETNO9;44.291717;-60.3377;301350;5;20-mar-08;18:22:33;32.0724;0.9046;4.73907;0.789330895522388;1;32.121;1;8.194;7;6.86;1;0.887;1;6.7725;1;256;7.73;1.01
TEL2008805_9;MFD_SETNO9;44.291717;-60.3377;301349;25;20-mar-08;18:22:33;32.0772;0.8889;4.78155;0.789330895522388;1;NaN;9;NaN;9;6.903;1;0.885;1;6.836;1;0;7.80;1.01
TEL2008805_9;MFD_SETNO9;44.291717;-60.3377;301348;50;20-mar-08;18:22:33;32.0816;0.8888;4.78559;0.803178805970149;1;NaN;9;NaN;9;6.919;1;0.883;1;6.726;1;0;7.84;1.03
TEL2008805_9;MFD_SETNO9;44.291717;-60.3377;301347;138;20-mar-08;18:22:33;33.2297;3.5077;3.7344;0.115183880597015;1;33.246;1;6.323;7;11.839;1;1.142;1;11.5605;1;256;10.37;1.02
TEL2008805_10;MFD_SETNO10;44.189983;-60.231417;301354;5;20-mar-08;20:09:45;32.2315;1.285;4.78836;2.71803223880597;1;32.26;1;8.2555;7;5.3705;1;0.7635;1;4.095;1;256;7.03;1.31
TEL2008805_10;MFD_SETNO10;44.189983;-60.231417;301353;25;20-mar-08;20:09:45;32.2414;1.2853;4.83335;2.96837731343284;1;NaN;9;NaN;9;5.2465;1;0.763;1;4.191;1;0;6.88;1.25
TEL2008805_10;MFD_SETNO10;44.189983;-60.231417;301352;50;20-mar-08;20:09:45;32.2799;1.3935;4.81516;4.0483571641791;1;NaN;9;NaN;9;5.1545;1;0.818;1;4.056;1;0;6.30;1.27
TEL2008805_10;MFD_SETNO10;44.189983;-60.231417;301351;143;20-mar-08;20:09:45;32.8853;2.7861;3.96148;0.151178843283582;1;32.892;1;6.728;7;10.2095;1;1.064;1;9.5945;1;256;9.60;1.06
TEL2008805_11;MFD_SETNO11;44.0604;-59.936533;301358;6;20-mar-08;22:45:23;32.2014;1.3415;4.75689;1.85970626865672;1;32.228;1;8.0795;7;5.885;1;0.8175;1;5.1015;1;256;7.20;1.15
TEL2008805_11;MFD_SETNO11;44.0604;-59.936533;301357;25;20-mar-08;22:45:23;32.2057;1.3437;4.76539;1.85970626865672;1;NaN;9;NaN;9;5.8865;1;0.826;1;5.107;1;0;7.13;1.15
TEL2008805_11;MFD_SETNO11;44.0604;-59.936533;301356;50;20-mar-08;22:45:23;32.222;1.3887;4.75857;1.71665194029851;1;NaN;9;NaN;9;5.869;1;0.826;1;4.9975;1;0;7.11;1.17
TEL2008805_11;MFD_SETNO11;44.0604;-59.936533;301355;53;20-mar-08;22:45:23;32.2217;1.3743;4.753;1.93123343283582;1;32.256;1;8.063;7;5.9075;1;0.834;1;4.978;1;256;7.08;1.19
TEL2008805_12;MFD_SETNO12;44.253783;-59.621433;301362;6;21-mar-08;01:23:01;32.1548;1.0816;4.79204;0.929853134328358;1;32.183;1;8.22;7;6.281;1;0.8515;1;5.9735;1;256;7.38;1.05
TEL2008805_12;MFD_SETNO12;44.253783;-59.621433;301361;25;21-mar-08;01:23:01;32.159;1.0775;4.8094;1.00138029850746;1;NaN;9;NaN;9;6.3005;1;0.85;1;5.642;1;0;7.41;1.12
TEL2008805_12;MFD_SETNO12;44.253783;-59.621433;301360;50;21-mar-08;01:23:01;32.172;1.1039;4.8023;0.965616716417911;1;NaN;9;NaN;9;6.265;1;0.841;1;5.31;1;0;7.45;1.18
TEL2008805_12;MFD_SETNO12;44.253783;-59.621433;301359;190;21-mar-08;01:23:01;33.8289;4.3737;3.54577;0.104385391791045;1;33.836;1;6.087;7;13.546;1;1.1285;1;10.7395;1;256;12.00;1.26
TEL2008805_13;MFD_SETNO13;44.247767;-59.32155;301366;6;21-mar-08;03:53:56;32.3996;0.8721;4.76612;0.894089552238806;1;32.41;1;8.2955;7;5.752;1;0.829;1;5.475;1;256;6.94;1.05
TEL2008805_13;MFD_SETNO13;44.247767;-59.32155;301365;26;21-mar-08;03:53:56;32.4353;0.8491;4.81951;0.858325970149254;1;NaN;9;NaN;9;5.7855;1;0.811;1;5.538;1;0;7.13;1.04
TEL2008805_13;MFD_SETNO13;44.247767;-59.32155;301364;48;21-mar-08;03:53:56;32.4748;0.955;4.80227;0.803178805970149;1;NaN;9;NaN;9;6.102;1;0.7935;1;5.5185;1;0;7.69;1.11
TEL2008805_13;MFD_SETNO13;44.247767;-59.32155;301363;236;21-mar-08;03:53:56;34.4545;4.7665;3.4165;0.679508059701493;1;34.474;1;5.8105;7;16.499;1;1.2245;1;11.685;1;256;13.47;1.41
TEL2008805_14;MFD_SETNO14;44.2518;-59.2069;301370;5;21-mar-08;06:09:28;32.4163;0.7612;4.52454;1.5735976119403;1;32.326;7;8.4655;7;5.489;1;0.777;1;4.958;1;256;7.06;1.11
TEL2008805_14;MFD_SETNO14;44.2518;-59.2069;301369;26;21-mar-08;06:09:28;32.3207;0.7389;4.86005;1.43054328358209;1;NaN;9;NaN;9;5.4765;1;0.7915;1;4.996;1;0;6.92;1.10
TEL2008805_14;MFD_SETNO14;44.2518;-59.2069;301368;49;21-mar-08;06:09:28;32.3214;0.7424;4.86155;1.78817910447761;1;NaN;9;NaN;9;5.816;1;0.7925;1;5.0425;1;0;7.34;1.15
TEL2008805_14;MFD_SETNO14;44.2518;-59.2069;301367;206;21-mar-08;06:09:28;33.8407;4.3041;3.59381;0.221566567164179;1;33.851;1;6.214;7;13.529;1;1.125;1;10.328;1;256;12.03;1.31
TEL2008805_15;MFD_SETNO15;44.305617;-59.02995;301374;6;21-mar-08;08:12:40;31.9922;0.5026;4.89333;0.894089552238806;1;32.016;1;8.456;7;6.1145;1;0.845;1;5.8225;1;256;7.24;1.05
TEL2008805_15;MFD_SETNO15;44.305617;-59.02995;301373;26;21-mar-08;08:12:40;31.9995;0.4227;4.91096;0.81702671641791;1;NaN;9;NaN;9;6.296;1;0.833;1;5.9425;1;0;7.56;1.06
TEL2008805_15;MFD_SETNO15;44.305617;-59.02995;301372;49;21-mar-08;08:12:40;31.9966;0.3693;4.91311;0.609308059701493;1;NaN;9;NaN;9;6.3255;1;0.8415;1;6.1205;1;0;7.52;1.03
TEL2008805_15;MFD_SETNO15;44.305617;-59.02995;301371;156;21-mar-08;08:12:40;33.347;3.2159;4.07016;0.429285223880597;1;33.548;7;6.637;7;11.9465;1;1.073;1;8.7075;1;256;11.13;1.37
TEL2008805_16;MFD_SETNO16;44.180017;-58.877883;301378;5;21-mar-08;10:37:24;32.1521;0.3656;4.87937;0.761635074626866;1;32.166;1;8.627;7;5.8935;1;3.0245;1;5.6335;1;256;1.95;1.05
TEL2008805_16;MFD_SETNO16;44.180017;-58.877883;301377;25;21-mar-08;10:37:24;32.1601;0.3658;4.90203;0.81702671641791;1;NaN;9;NaN;9;5.941;1;0.8275;1;5.639;1;0;7.18;1.05
TEL2008805_16;MFD_SETNO16;44.180017;-58.877883;301376;49;21-mar-08;10:37:24;32.339;0.5899;4.84525;0.775482985074627;1;NaN;9;NaN;9;5.6275;1;0.78;1;5.4315;1;0;7.21;1.04
TEL2008805_16;MFD_SETNO16;44.180017;-58.877883;301375;65;21-mar-08;10:37:24;32.3723;0.5821;4.86734;0.66807;1;32.385;1;8.5165;7;5.6265;1;0.77;1;5.3985;1;256;7.31;1.04
TEL2008805_17;MFD_SETNO17;44.28395;-58.867817;301382;5;21-mar-08;12:14:15;32.0406;0.2805;4.93415;1.14443462686567;1;32.043;1;8.6355;7;5.6615;1;0.794;1;5.333;1;256;7.13;1.06
TEL2008805_17;MFD_SETNO17;44.28395;-58.867817;301381;26;21-mar-08;12:14:15;32.1161;0.321;4.93503;1.14443462686567;1;NaN;9;NaN;9;5.598;1;0.78;1;5.2735;1;0;7.18;1.06
TEL2008805_17;MFD_SETNO17;44.28395;-58.867817;301380;49;21-mar-08;12:14:15;32.4474;0.7139;4.87751;0.715271641791045;1;NaN;9;NaN;9;5.4465;1;0.763;1;5.2785;1;0;7.14;1.03
TEL2008805_17;MFD_SETNO17;44.28395;-58.867817;301379;60;21-mar-08;12:14:15;32.4881;0.8104;4.86411;0.786798805970149;1;32.49;1;8.306;7;5.443;1;0.748;1;5.194;1;256;7.28;1.05
TEL2008805_18;MFD_SETNO18;44.4343;-58.902983;301386;5;21-mar-08;14:14:18;31.9624;0.1405;4.89578;0.858325970149254;1;31.972;1;8.5995;7;6.329;1;0.839;1;6.6555;1;256;7.54;0.95
TEL2008805_18;MFD_SETNO18;44.4343;-58.902983;301385;24;21-mar-08;14:14:18;31.9644;0.1457;4.92632;0.822562388059702;1;NaN;9;NaN;9;6.2845;1;0.82;1;6.496;1;0;7.66;0.97
TEL2008805_18;MFD_SETNO18;44.4343;-58.902983;301384;51;21-mar-08;14:14:18;31.9702;0.1745;4.93168;0.858325970149254;1;NaN;9;NaN;9;6.308;1;0.835;1;6.515;1;0;7.55;0.97
TEL2008805_18;MFD_SETNO18;44.4343;-58.902983;301383;61;21-mar-08;14:14:18;31.9696;0.1728;4.93381;0.822562388059702;1;31.986;1;8.606;7;5.9935;1;0.819;1;5.8025;1;256;7.32;1.03
TEL2008805_19;MFD_SETNO19;44.41475;-59.335517;301390;6;21-mar-08;18:50:15;32.0601;0.599;4.83657;0.512372686567164;1;32.069;1;8.119;7;6.977;1;0.8625;1;7.265;1;256;8.09;0.96
TEL2008805_19;MFD_SETNO19;44.41475;-59.335517;301389;25;21-mar-08;18:50:15;32.0603;0.6023;4.86556;0.512372686567164;1;NaN;9;NaN;9;6.9915;1;0.861;1;7.2105;1;0;8.12;0.97
TEL2008805_19;MFD_SETNO19;44.41475;-59.335517;301388;51;21-mar-08;18:50:15;32.0624;0.6055;4.8721;0.553916417910448;1;NaN;9;NaN;9;7.038;1;0.859;1;7.269;1;0;8.19;0.97
TEL2008805_19;MFD_SETNO19;44.41475;-59.335517;301387;154;21-mar-08;18:50:15;33.6022;3.9243;3.75004;0.373893582089552;1;33.6;1;6.2915;7;12.3815;1;1.068;1;10.4875;1;256;11.59;1.18
TEL2008805_20;MFD_SETNO20;44.77665;-59.444067;301394;6;21-mar-08;22:25:47;31.9459;0.405;4.83312;0.415437313432836;1;31.954;1;8.084;7;7.1185;1;0.8655;1;7.636;1;256;8.22;0.93
TEL2008805_20;MFD_SETNO20;44.77665;-59.444067;301393;26;21-mar-08;22:25:47;31.9464;0.4027;4.84603;0.401589402985075;1;NaN;9;NaN;9;7.16;1;0.8815;1;7.6625;1;0;8.12;0.93
TEL2008805_20;MFD_SETNO20;44.77665;-59.444067;301392;52;21-mar-08;22:25:47;31.959;0.3484;4.85188;0.373893582089552;1;NaN;9;NaN;9;7.0705;1;0.869;1;7.6325;1;0;8.14;0.93
TEL2008805_20;MFD_SETNO20;44.77665;-59.444067;301391;175;21-mar-08;22:25:47;32.6362;2.2121;4.07682;0.0863879104477612;1;32.639;1;6.8605;7;9.803;1;1.0305;1;10.2155;1;256;9.51;0.96
TEL2008805_21;MFD_SETNO21;44.7962;-59.974833;301398;5;22-mar-08;03:24:35;32.0857;0.9351;4.55048;0.429285223880597;1;32.03;1;7.7635;7;7.3395;1;0.8885;1;7.7525;1;256;8.26;0.95
TEL2008805_21;MFD_SETNO21;44.7962;-59.974833;301397;26;22-mar-08;03:24:35;32.0203;0.9601;4.74901;0.443133134328358;1;NaN;9;NaN;9;7.3265;1;0.8875;1;7.7785;1;0;8.26;0.94
TEL2008805_21;MFD_SETNO21;44.7962;-59.974833;301396;49;22-mar-08;03:24:35;32.1093;1.1057;4.71856;0.429285223880597;1;NaN;9;NaN;9;7.5275;1;0.896;1;7.9105;1;0;8.40;0.95
TEL2008805_21;MFD_SETNO21;44.7962;-59.974833;301395;225;22-mar-08;03:24:35;32.896;1.8893;3.85745;NaN;9;32.899;1;6.386;7;10.849;1;1.0895;1;11.73;1;256;9.96;0.92
TEL2008805_22;MFD_SETNO22;44.777433;-60.399717;301402;6;22-mar-08;07:19:13;32.0131;0.5534;4.56284;0.470828955223881;1;31.94;1;8.098;7;7.123;1;0.8775;1;7.479;1;256;8.12;0.95
TEL2008805_22;MFD_SETNO22;44.777433;-60.399717;301401;24;22-mar-08;07:19:13;31.9369;0.5552;4.82242;NaN;9;NaN;9;NaN;9;NaN;9;NaN;9;NaN;9;0;NaN;NaN
TEL2008805_22;MFD_SETNO22;44.777433;-60.399717;301400;50;22-mar-08;07:19:13;32.1148;0.8269;4.70784;0.332349850746269;1;NaN;9;NaN;9;7.3825;1;0.8905;1;7.853;1;0;8.29;0.94
TEL2008805_22;MFD_SETNO22;44.777433;-60.399717;301399;81;22-mar-08;07:19:13;32.4537;1.5971;4.2317;0.0647909328358209;1;32.462;1;7.061;7;8.8735;1;0.9905;1;9.5375;1;256;8.96;0.93
TEL2008805_23;MFD_SETNO23;44.846267;-60.599917;301406;5;22-mar-08;09:56:13;31.7976;0.2335;4.88792;0.512372686567164;1;31.818;1;8.1885;7;6.858;1;0.856;1;7.321;1;256;8.01;0.94
TEL2008805_23;MFD_SETNO23;44.846267;-60.599917;301405;24;22-mar-08;09:56:13;31.7983;0.239;4.89707;0.540068507462687;1;NaN;9;NaN;9;6.873;1;0.884;1;7.3475;1;0;7.77;0.94
TEL2008805_23;MFD_SETNO23;44.846267;-60.599917;301404;49;22-mar-08;09:56:13;31.8628;0.508;4.86803;0.26476052238806;1;NaN;9;NaN;9;6.885;1;0.856;1;7.3215;1;0;8.04;0.94
TEL2008805_23;MFD_SETNO23;44.846267;-60.599917;301403;185;22-mar-08;09:56:13;32.5439;1.9383;4.10252;NaN;9;32.544;1;6.936;7;9.3515;1;1.0175;1;9.9275;1;256;9.19;0.94
TEL2008805_24;MFD_SETNO24;45.13895;-60.494533;301410;5;22-mar-08;13:15:39;31.594;-1.1839;4.92225;1.00138029850746;1;NaN;9;8.684;7;6.138;1;0.8095;1;7.4655;1;256;7.58;0.82
TEL2008805_24;MFD_SETNO24;45.13895;-60.494533;301409;24;22-mar-08;13:15:39;31.3348;-1.0727;5.10639;0.844722537313433;1;NaN;9;NaN;9;6.366;1;0.8295;1;7.3465;1;0;7.67;0.87
TEL2008805_24;MFD_SETNO24;45.13895;-60.494533;301408;48;22-mar-08;13:15:39;31.7195;0.0382;4.94086;0.498524776119403;1;NaN;9;NaN;9;6.698;1;0.842;1;7.341;1;0;7.95;0.91
TEL2008805_24;MFD_SETNO24;45.13895;-60.494533;301407;66;22-mar-08;13:15:39;31.8237;0.096;4.88857;0.332349850746269;1;NaN;9;8.2495;7;6.885;1;0.8525;1;7.44;1;256;8.08;0.93
TEL2008805_25;MFD_SETNO25;45.034133;-60.191167;301414;5;22-mar-08;16:02:42;31.2079;-1.3029;5.10543;1.25172537313433;1;31.218;1;8.702;7;5.924;1;0.805;1;7.2265;1;256;7.36;0.82
TEL2008805_25;MFD_SETNO25;45.034133;-60.191167;301413;27;22-mar-08;16:02:42;31.2081;-1.3107;5.13459;1.28748895522388;1;NaN;9;NaN;9;5.9795;1;0.8235;1;7.447;1;0;7.26;0.80
TEL2008805_25;MFD_SETNO25;45.034133;-60.191167;301412;52;22-mar-08;16:02:42;31.6184;-0.2265;4.97144;0.526220597014925;1;NaN;9;NaN;9;6.9795;1;0.863;1;7.6795;1;0;8.09;0.91
TEL2008805_25;MFD_SETNO25;45.034133;-60.191167;301411;117;22-mar-08;16:02:42;32.4409;1.1839;4.34726;0.0899874067164179;1;32.434;1;7.2035;7;8.85;1;0.985;1;9.4925;1;256;8.98;0.93
TEL2008805_26;MFD_SETNO26;45.063233;-59.8382;301418;6;22-mar-08;18:48:35;31.8057;0.3793;4.81972;0.498524776119403;1;31.805;1;8.071;7;7.049;1;0.878;1;7.67;1;256;8.03;0.92
TEL2008805_26;MFD_SETNO26;45.063233;-59.8382;301417;26;22-mar-08;18:48:35;31.8836;0.5739;4.83269;0.387741492537313;1;NaN;9;NaN;9;7.3075;1;0.904;1;8.0035;1;0;8.08;0.91
TEL2008805_26;MFD_SETNO26;45.063233;-59.8382;301416;51;22-mar-08;18:48:35;31.9967;0.8972;4.76145;0.34619776119403;1;NaN;9;NaN;9;7.504;1;0.915;1;7.9655;1;0;8.20;0.94
TEL2008805_26;MFD_SETNO26;45.063233;-59.8382;301415;115;22-mar-08;18:48:35;32.6202;1.8751;4.07793;0.0719899253731344;1;32.633;1;6.779;7;9.3745;1;1.017;1;10.1995;1;256;9.22;0.92
TEL2008805_27;MFD_SETNO27;45.2001;-59.88695;301422;6;22-mar-08;21:10:29;31.2678;-1.2276;5.09013;1.78817910447761;1;31.213;1;8.635;7;5.648;1;0.801;1;7.326;1;256;7.05;0.77
TEL2008805_27;MFD_SETNO27;45.2001;-59.88695;301421;25;22-mar-08;21:10:29;31.2643;-1.213;5.11305;1.60936119402985;1;NaN;9;NaN;9;5.6855;1;0.798;1;7.256;1;0;7.12;0.78
TEL2008805_27;MFD_SETNO27;45.2001;-59.88695;301420;51;22-mar-08;21:10:29;31.8829;0.5901;4.82389;0.373893582089552;1;NaN;9;NaN;9;7.26;1;0.89;1;7.7875;1;0;8.16;0.93
TEL2008805_27;MFD_SETNO27;45.2001;-59.88695;301419;88;22-mar-08;21:10:29;32.3562;1.6197;4.32118;0.0719899253731343;1;32.39;1;7.141;7;8.9615;1;1.0075;1;9.6245;1;256;8.89;0.93
TEL2008805_28;MFD_SETNO28;45.389533;-59.726167;301426;6;23-mar-08;00:11:05;31.4289;-1.084;5.07032;0.872418358208955;1;31.438;1;8.553;7;6.346;1;0.822;1;7.471;1;256;7.72;0.85
TEL2008805_28;MFD_SETNO28;45.389533;-59.726167;301425;27;23-mar-08;00:11:05;31.8373;0.073;4.8923;0.526220597014925;1;NaN;9;NaN;9;6.8765;1;0.8695;1;8.0385;1;0;7.91;0.86
TEL2008805_28;MFD_SETNO28;45.389533;-59.726167;301424;49;23-mar-08;00:11:05;31.8627;0.0417;4.85875;0.212370279850746;1;NaN;9;NaN;9;7.199;1;0.883;1;7.9035;1;0;8.15;0.91
TEL2008805_28;MFD_SETNO28;45.389533;-59.726167;301423;136;23-mar-08;00:11:05;32.8367;1.5865;3.97512;0.050392947761194;1;32.791;1;6.6095;7;10.6355;1;1.0935;1;11.7325;1;256;9.73;0.91
TEL2008805_29;MFD_SETNO29;45.25975;-59.627217;301430;6;23-mar-08;01:59:21;31.4626;-1.0332;5.05064;0.775482985074627;1;31.469;1;8.6235;7;6.4045;1;0.8375;1;7.377;1;256;7.65;0.87
TEL2008805_29;MFD_SETNO29;45.25975;-59.627217;301429;25;23-mar-08;01:59:21;31.4658;-1.0202;5.07479;0.789330895522388;1;NaN;9;NaN;9;6.48;1;0.8395;1;7.475;1;0;7.72;0.87
TEL2008805_29;MFD_SETNO29;45.25975;-59.627217;301428;50;23-mar-08;01:59:21;31.7607;-0.2001;4.93231;0.373893582089552;1;NaN;9;NaN;9;6.988;1;0.866;1;7.6145;1;0;8.07;0.92
TEL2008805_29;MFD_SETNO29;45.25975;-59.627217;301427;87;23-mar-08;01:59:21;31.8229;0.0169;4.88108;0.332349850746269;1;31.821;1;8.1565;7;NaN;9;NaN;9;NaN;9;256;NaN;NaN
TEL2008805_30;MFD_SETNO30;45.13315;-59.602467;301434;5;23-mar-08;03:35:57;31.8947;0.4714;4.82303;0.401589402985075;1;31.899;1;7.961;7;7.154;1;0.8975;1;8.018;1;256;7.97;0.89
TEL2008805_30;MFD_SETNO30;45.13315;-59.602467;301433;25;23-mar-08;03:35:57;31.8938;0.4711;4.82434;0.387741492537313;1;NaN;9;NaN;9;7.146;1;0.944;1;7.899;1;0;7.57;0.90
TEL2008805_30;MFD_SETNO30;45.13315;-59.602467;301432;50;23-mar-08;03:35:57;31.8936;0.4807;4.8287;0.34619776119403;1;NaN;9;NaN;9;7.1625;1;0.913;1;7.833;1;0;7.85;0.91
TEL2008805_30;MFD_SETNO30;45.13315;-59.602467;301431;106;23-mar-08;03:35:57;32.1158;1.006;4.5539;0.147579347014925;1;32.114;1;7.519;7;7.9645;1;0.958;1;8.9015;1;256;8.31;0.89
TEL2008805_31;MFD_SETNO31;44.967217;-59.114517;301438;5;23-mar-08;07:12:43;31.7571;-0.4827;5.00293;0.327901231343284;1;31.772;1;8.366;7;6.598;1;0.8585;1;7.0485;1;256;7.69;0.94
TEL2008805_31;MFD_SETNO31;44.967217;-59.114517;301437;26;23-mar-08;07:12:43;31.7579;-0.4806;5.01683;0.498524776119403;1;NaN;9;NaN;9;6.5315;1;0.86;1;7.1715;1;0;7.59;0.91
TEL2008805_31;MFD_SETNO31;44.967217;-59.114517;301436;52;23-mar-08;07:12:43;31.7618;-0.4673;5.01882;0.470828955223881;1;NaN;9;NaN;9;6.5775;1;0.8595;1;7.174;1;0;7.65;0.92
TEL2008805_31;MFD_SETNO31;44.967217;-59.114517;301435;119;23-mar-08;07:12:43;32.1972;0.7723;4.5502;0.151178843283582;1;32.184;1;7.6475;7;7.99;1;1.4375;1;8.856;1;256;5.56;0.90
TEL2008805_32;MFD_SETNO32;44.820067;-59.194217;301442;5;23-mar-08;09:59:19;31.9241;-0.032;4.91247;0.401589402985075;1;31.952;1;8.094;7;6.764;1;0.8665;1;7.06;1;256;7.81;0.96
TEL2008805_32;MFD_SETNO32;44.820067;-59.194217;301441;24;23-mar-08;09:59:19;31.9242;-0.0273;4.91634;0.415437313432836;1;NaN;9;NaN;9;6.7425;1;0.8915;1;7.0865;1;0;7.56;0.95
TEL2008805_32;MFD_SETNO32;44.820067;-59.194217;301440;51;23-mar-08;09:59:19;31.9324;0.0183;4.91456;0.360045671641791;1;NaN;9;NaN;9;6.8315;1;0.8735;1;7.0765;1;0;7.82;0.97
TEL2008805_32;MFD_SETNO32;44.820067;-59.194217;301439;228;23-mar-08;09:59:19;32.6487;1.7953;3.99605;NaN;9;32.65;1;6.588;7;9.8265;1;1.0735;1;10.57;1;256;9.15;0.93
TEL2008805_33;MFD_SETNO33;44.80125;-58.86595;301446;5;23-mar-08;13:13:26;31.9466;-0.1539;4.93289;0.58161223880597;1;31.975;1;8.073;7;6.6835;1;0.851;1;6.8415;1;256;7.85;0.98
TEL2008805_33;MFD_SETNO33;44.80125;-58.86595;301445;25;23-mar-08;13:13:26;31.9462;-0.1562;4.9476;0.470828955223881;1;NaN;9;NaN;9;6.716;1;0.8675;1;6.9245;1;0;7.74;0.97
TEL2008805_33;MFD_SETNO33;44.80125;-58.86595;301444;50;23-mar-08;13:13:26;32.0244;0.1591;4.9175;0.429285223880597;1;NaN;9;NaN;9;6.8525;1;0.856;1;7.0235;1;0;8.01;0.98
TEL2008805_33;MFD_SETNO33;44.80125;-58.86595;301443;261;23-mar-08;13:13:26;32.6563;1.5884;4.08201;NaN;9;32.669;1;6.651;7;9.7335;1;1.0525;1;10.168;1;256;9.25;0.96
TEL2008805_34;MFD_SETNO34;44.746883;-58.694933;301450;5;23-mar-08;15:29:03;31.9657;-0.0691;4.86182;0.498524776119403;1;31.978;1;7.9925;7;6.627;1;0.8495;1;7.114;1;256;7.80;0.93
TEL2008805_34;MFD_SETNO34;44.746883;-58.694933;301449;26;23-mar-08;15:29:03;32.0104;0.0917;4.90704;0.484676865671642;1;NaN;9;NaN;9;6.732;1;0.851;1;7.4875;1;0;7.91;0.90
TEL2008805_34;MFD_SETNO34;44.746883;-58.694933;301448;51;23-mar-08;15:29:03;32.1331;0.5023;4.77603;0.332349850746269;1;NaN;9;NaN;9;7.3455;1;0.903;1;7.4425;1;0;8.13;0.99
TEL2008805_34;MFD_SETNO34;44.746883;-58.694933;301447;103;23-mar-08;15:29:03;32.2192;0.5681;4.69208;0.197972294776119;1;32.228;1;7.62;7;7.3375;1;0.88;1;7.5095;1;256;8.34;0.98
TEL2008805_35;MFD_SETNO35;44.85;-58.525817;301454;5;23-mar-08;18:30:32;32.0638;0.1537;4.8567;0.415437313432836;1;32.077;1;8.084;7;6.727;1;0.849;1;6.952;1;256;7.92;0.97
TEL2008805_35;MFD_SETNO35;44.85;-58.525817;301453;26;23-mar-08;18:30:32;32.0649;0.1512;4.8799;0.443133134328358;1;NaN;9;NaN;9;6.71;1;0.8615;1;7.027;1;0;7.79;0.95
TEL2008805_35;MFD_SETNO35;44.85;-58.525817;301452;50;23-mar-08;18:30:32;32.0709;0.1418;4.88089;0.429285223880597;1;NaN;9;NaN;9;6.7245;1;0.861;1;7.0285;1;0;7.81;0.96
TEL2008805_35;MFD_SETNO35;44.85;-58.525817;301451;166;23-mar-08;18:30:32;32.6342;1.4576;4.16276;0.0575919402985075;1;32.64;1;6.7875;7;9.493;1;1.04;1;9.8815;1;256;9.13;0.96
TEL2008805_36;MFD_SETNO36;45.31235;-58.781233;301458;6;23-mar-08;23:14:53;31.807;-0.5261;4.97976;0.58161223880597;1;31.821;1;8.2425;7;6.606;1;0.8445;1;7.181;1;256;7.82;0.92
TEL2008805_36;MFD_SETNO36;45.31235;-58.781233;301457;26;23-mar-08;23:14:53;31.8057;-0.5244;4.99027;0.567764328358209;1;NaN;9;NaN;9;6.669;1;0.868;1;7.2335;1;0;7.68;0.92
TEL2008805_36;MFD_SETNO36;45.31235;-58.781233;301456;50;23-mar-08;23:14:53;31.8424;-0.4714;4.97406;0.470828955223881;1;NaN;9;NaN;9;6.6485;1;0.855;1;7.3025;1;0;7.78;0.91
TEL2008805_36;MFD_SETNO36;45.31235;-58.781233;301455;74;23-mar-08;23:14:53;31.9212;-0.3838;4.89679;0.20877078358209;1;31.922;1;8.0475;7;6.974;1;0.8735;1;7.571;1;256;7.98;0.92
TEL2008805_37;MFD_SETNO37;45.417383;-58.969;301462;6;24-mar-08;02:01:12;31.7244;-0.5215;5.01673;0.498524776119403;1;31.744;1;8.244;7;6.669;1;0.8645;1;7.3575;1;256;7.71;0.91
TEL2008805_37;MFD_SETNO37;45.417383;-58.969;301461;25;24-mar-08;02:01:12;31.7248;-0.5147;5.01767;0.567764328358209;1;NaN;9;NaN;9;6.6035;1;0.8525;1;7.25;1;0;7.75;0.91
TEL2008805_37;MFD_SETNO37;45.417383;-58.969;301460;50;24-mar-08;02:01:12;31.7324;-0.4998;5.02628;0.567764328358209;1;NaN;9;NaN;9;6.622;1;0.852;1;7.174;1;0;7.77;0.92
TEL2008805_37;MFD_SETNO37;45.417383;-58.969;301459;140;24-mar-08;02:01:12;33.0611;1.8515;3.70821;0.0431939552238806;1;33.001;1;6.119;7;12.1395;1;1.187;1;13.195;1;256;10.23;0.92
TEL2008805_38;MFD_SETNO38;45.464967;-58.583483;301466;5;24-mar-08;04:55:28;31.6593;-0.7495;5.05869;0.553916417910448;1;31.701;1;8.2435;7;6.353;1;0.843;1;7.0945;1;256;7.54;0.90
TEL2008805_38;MFD_SETNO38;45.464967;-58.583483;301465;24;24-mar-08;04:55:28;31.6766;-0.7453;5.0641;0.637003880597015;1;NaN;9;NaN;9;6.238;1;0.8415;1;7.0265;1;0;7.41;0.89
TEL2008805_38;MFD_SETNO38;45.464967;-58.583483;301464;50;24-mar-08;04:55:28;31.7816;-0.865;5.06328;0.401589402985075;1;NaN;9;NaN;9;6.4745;1;0.846;1;6.84;1;0;7.65;0.95
TEL2008805_38;MFD_SETNO38;45.464967;-58.583483;301463;78;24-mar-08;04:55:28;32.0595;-0.1665;4.87091;0.107515403731343;1;32.073;1;7.788;7;7.048;1;0.88;1;7.3365;1;256;8.01;0.96
TEL2008805_39;MFD_SETNO39;45.346783;-57.7108;301470;6;24-mar-08;10:42:20;32.0243;-0.4373;4.96121;0.498524776119403;1;32.045;1;8.1235;7;6.247;1;0.8315;1;6.494;1;256;7.51;0.96
TEL2008805_39;MFD_SETNO39;45.346783;-57.7108;301469;25;24-mar-08;10:42:20;32.0246;-0.4292;4.97287;0.443133134328358;1;NaN;9;NaN;9;6.2835;1;0.831;1;6.3945;1;0;7.56;0.98
TEL2008805_39;MFD_SETNO39;45.346783;-57.7108;301468;51;24-mar-08;10:42:20;32.0991;-0.1547;4.92068;0.276958208955224;1;NaN;9;NaN;9;6.6485;1;0.8495;1;6.6115;1;0;7.83;1.01
TEL2008805_39;MFD_SETNO39;45.346783;-57.7108;301467;275;24-mar-08;10:42:20;34.6988;5.5046;2.25819;NaN;9;34.735;1;3.714;7;22.308;1;1.6215;1;24.3625;1;256;13.76;0.92
TEL2008805_40;MFD_SETNO40;44.8948;-57.503717;301473;5;24-mar-08;15:22:07;32.3371;0.3359;4.89021;0.900114179104478;1;32.347;1;7.88;7;6.04;1;0.7785;1;6.155;1;256;7.76;0.98
TEL2008805_40;MFD_SETNO40;44.8948;-57.503717;301472;25;24-mar-08;15:22:07;32.3461;0.2715;4.91139;0.92781;1;NaN;9;NaN;9;6.0175;1;0.7755;1;6.0655;1;0;7.76;0.99
TEL2008805_40;MFD_SETNO40;44.8948;-57.503717;301471;41;24-mar-08;15:22:07;32.3508;0.28;4.90503;0.900114179104478;1;32.363;1;7.8975;7;6.045;1;0.795;1;6.156;1;256;7.60;0.98
TEL2008805_42;MFD_SETNO42;44.737417;-57.315483;301478;5;24-mar-08;18:02:21;32.3563;0.4868;4.84157;0.553916417910448;1;32.368;1;8.009;7;5.8505;1;0.7865;1;5.8705;1;256;7.44;1.00
TEL2008805_42;MFD_SETNO42;44.737417;-57.315483;301477;25;24-mar-08;18:02:21;32.3868;0.2811;4.86911;0.706243432835821;1;NaN;9;NaN;9;5.967;1;0.7945;1;6.126;1;0;7.51;0.97
TEL2008805_42;MFD_SETNO42;44.737417;-57.315483;301476;50;24-mar-08;18:02:21;32.4269;0.387;4.84363;1.07290746268657;1;NaN;9;NaN;9;6.0345;1;0.7835;1;6.052;1;0;7.70;1.00
TEL2008805_42;MFD_SETNO42;44.737417;-57.315483;301475;134;24-mar-08;18:02:21;33.4334;2.7751;3.6382;0.035525478358209;1;33.426;1;5.965;7;12.654;1;1.147;1;11.7055;1;256;11.03;1.08
TEL2008805_43;MFD_SETNO43;44.4324;-57.411317;301482;5;24-mar-08;20:46:42;32.4737;0.8663;4.83791;0.678547611940298;1;32.49;1;7.8625;7;5.3835;1;0.75;1;5.3665;1;256;7.18;1.00
TEL2008805_43;MFD_SETNO43;44.4324;-57.411317;301481;24;24-mar-08;20:46:42;32.4766;0.4303;4.89259;0.941657910447761;1;NaN;9;NaN;9;5.4425;1;0.76;1;5.3865;1;0;7.16;1.01
TEL2008805_43;MFD_SETNO43;44.4324;-57.411317;301480;50;24-mar-08;20:46:42;32.4738;0.3993;4.89051;0.775482985074627;1;NaN;9;NaN;9;5.5005;1;0.761;1;5.5;1;0;7.23;1.00
TEL2008805_43;MFD_SETNO43;44.4324;-57.411317;301479;94;24-mar-08;20:46:42;32.4913;0.3487;4.86849;0.637003880597015;1;32.498;1;7.877;7;5.8055;1;0.7745;1;5.874;1;256;7.50;0.99
TEL2008805_44;MFD_SETNO44;44.3436;-57.53065;301486;6;24-mar-08;23:14:18;32.48;0.6096;4.92144;1.00138029850746;1;32.498;1;7.905;7;5.453;1;0.745;1;5.45;1;256;7.32;1.00
TEL2008805_44;MFD_SETNO44;44.3436;-57.53065;301485;25;24-mar-08;23:14:18;32.4799;0.4497;4.93065;1.07290746268657;1;NaN;9;NaN;9;5.5205;1;0.749;1;5.384;1;0;7.37;1.03
TEL2008805_44;MFD_SETNO44;44.3436;-57.53065;301484;50;24-mar-08;23:14:18;32.5021;0.346;4.88981;0.595460149253731;1;NaN;9;NaN;9;5.9675;1;0.7775;1;5.7175;1;0;7.68;1.04
TEL2008805_44;MFD_SETNO44;44.3436;-57.53065;301483;461;24-mar-08;23:14:18;34.8708;4.5899;3.54023;0.0365166604477612;1;34.877;1;5.651;7;18.336;1;1.1955;1;11.604;1;256;15.34;1.58
TEL2008805_45;MFD_SETNO45;44.493233;-57.70935;301490;5;25-mar-08;01:27:03;32.5548;1.1093;4.77989;0.775482985074627;1;32.639;7;7.914;7;5.2;1;0.692;1;4.8915;1;256;7.51;1.06
TEL2008805_45;MFD_SETNO45;44.493233;-57.70935;301489;25;25-mar-08;01:27:03;32.5716;0.8586;4.86582;0.761635074626866;1;NaN;9;NaN;9;5.2315;1;0.7045;1;5.146;1;0;7.43;1.02
TEL2008805_45;MFD_SETNO45;44.493233;-57.70935;301488;51;25-mar-08;01:27:03;32.652;0.9965;4.81071;0.470828955223881;1;NaN;9;NaN;9;5.7995;1;0.7325;1;5.5815;1;0;7.92;1.04
TEL2008805_45;MFD_SETNO45;44.493233;-57.70935;301487;66;25-mar-08;01:27:03;32.6617;1.0307;4.77283;0.526220597014925;1;32.672;1;7.734;7;5.8855;1;0.7395;1;5.892;1;256;7.96;1.00
TEL2008805_46;MFD_SETNO46;44.442817;-58.0358;301493;6;25-mar-08;03:51:38;32.4788;0.9422;4.9147;0.595460149253731;1;NaN;9;NaN;9;5.601;7;0.7275;7;5.305;1;512;7.70;1.06
TEL2008805_46;MFD_SETNO46;44.442817;-58.0358;301494;6;25-mar-08;03:51:38;32.4788;0.9422;4.9147;0.913962089552239;1;32.6;7;7.8525;7;5.346;7;0.7025;7;5.285;1;768;7.61;1.01
TEL2008805_46;MFD_SETNO46;44.442817;-58.0358;301492;25;25-mar-08;03:51:38;32.5785;0.9407;4.83803;NaN;9;NaN;9;NaN;9;NaN;9;NaN;9;NaN;9;0;NaN;NaN
TEL2008805_46;MFD_SETNO46;44.442817;-58.0358;301491;48;25-mar-08;03:51:38;32.5851;0.971;4.81925;0.429285223880597;1;32.489;7;7.612;7;5.6325;1;0.7485;1;5.364;1;256;7.53;1.05
TEL2008805_47;MFD_SETNO47;43.834367;-62.294683;301498;5;26-mar-08;05:45:39;32.5694;3.4802;4.34039;0.720091343283582;1;32.577;1;7.227;7;4.015;1;0.6155;1;4.2805;1;256;6.52;0.94
TEL2008805_47;MFD_SETNO47;43.834367;-62.294683;301497;26;26-mar-08;05:45:39;32.578;3.5329;4.35914;0.747787164179105;1;NaN;9;NaN;9;3.9755;1;0.6055;1;4.1835;1;0;6.57;0.95
TEL2008805_47;MFD_SETNO47;43.834367;-62.294683;301496;51;26-mar-08;05:45:39;32.5996;3.6049;4.3649;0.664699701492537;1;NaN;9;NaN;9;4.1025;1;0.617;1;4.181;1;0;6.65;0.98
TEL2008805_47;MFD_SETNO47;43.834367;-62.294683;301495;139;26-mar-08;05:45:39;34.3066;8.3865;3.10552;NaN;9;34.31;1;5.159;7;10.9255;1;0.859;1;7.309;1;256;12.72;1.49
TEL2008805_48;MFD_SETNO48;43.671033;-62.1265;57574;5;26-mar-08;08:02:04;32.5151;3.3935;4.44657;0.706243432835821;1;32.523;1;7.3045;7;4.102;1;0.6345;1;4.8025;1;256;6.46;0.85
TEL2008805_48;MFD_SETNO48;43.671033;-62.1265;57573;26;26-mar-08;08:02:04;32.5154;3.4054;4.45172;0.733939253731343;1;NaN;9;NaN;9;4.0575;1;0.623;1;4.2285;1;0;6.51;0.96
TEL2008805_48;MFD_SETNO48;43.671033;-62.1265;57572;50;26-mar-08;08:02:04;32.5166;3.4147;4.45274;0.650851791044776;1;NaN;9;NaN;9;4.0715;1;0.622;1;4.209;1;0;6.55;0.97
TEL2008805_48;MFD_SETNO48;43.671033;-62.1265;57571;98;26-mar-08;08:02:04;33.3919;5.4715;3.83997;0.304654029850746;1;33.393;1;6.3195;7;6.3805;1;0.7585;1;5.5275;1;256;8.41;1.15
TEL2008805_49;MFD_SETNO49;43.7097;-61.933567;57578;6;26-mar-08;09:52:10;32.4912;3.3182;4.47794;0.720091343283582;1;32.497;1;7.3155;7;4.393;1;0.653;1;4.291;1;256;6.73;1.02
TEL2008805_49;MFD_SETNO49;43.7097;-61.933567;57577;26;26-mar-08;09:52:10;32.4911;3.34;4.48428;0.678547611940298;1;NaN;9;NaN;9;4.3225;1;0.636;1;4.2565;1;0;6.80;1.02
TEL2008805_49;MFD_SETNO49;43.7097;-61.933567;57576;51;26-mar-08;09:52:10;32.4917;3.3463;4.48328;0.733939253731343;1;NaN;9;NaN;9;4.3375;1;0.646;1;4.223;1;0;6.71;1.03
TEL2008805_49;MFD_SETNO49;43.7097;-61.933567;57575;88;26-mar-08;09:52:10;33.6831;6.0684;3.34789;0.165576828358209;1;33.668;1;5.4935;7;10.77;1;0.952;1;8.276;1;256;11.31;1.30
TEL2008805_50;MFD_SETNO50;43.883983;-61.74865;57582;5;26-mar-08;12:05:47;32.4452;3.1286;4.54587;0.96561671641791;1;32.456;1;7.448;7;2.395;1;0.5825;1;3.5465;1;256;4.11;0.68
TEL2008805_50;MFD_SETNO50;43.883983;-61.74865;57581;26;26-mar-08;12:05:47;32.4671;3.2669;4.52676;1.31555149253731;1;NaN;9;NaN;9;3.0625;1;0.6265;1;4.0355;1;0;4.89;0.76
TEL2008805_50;MFD_SETNO50;43.883983;-61.74865;57580;50;26-mar-08;12:05:47;32.5059;3.4288;4.47589;0.595460149253731;1;NaN;9;NaN;9;4.213;1;0.658;1;4.3525;1;0;6.40;0.97
TEL2008805_50;MFD_SETNO50;43.883983;-61.74865;57579;81;26-mar-08;12:05:47;32.8917;3.9888;4.1667;0.540068507462687;1;32.72;7;7.0015;7;4.6385;1;0.73;1;4.396;1;256;6.35;1.06
TEL2008805_51;MFD_SETNO51;43.705167;-61.272133;57585;5;26-mar-08;15:04:43;32.144;1.9526;4.8466;6.22824179104478;1;32.149;1;8.0395;7;0.6655;1;0.476;1;1.4255;1;256;1.40;0.47
TEL2008805_51;MFD_SETNO51;43.705167;-61.272133;57584;25;26-mar-08;15:04:43;32.1671;2.0725;4.88638;6.22824179104478;1;NaN;9;NaN;9;1.0125;1;0.489;1;2.0155;1;0;2.07;0.50
TEL2008805_51;MFD_SETNO51;43.705167;-61.272133;57583;47;26-mar-08;15:04:43;32.2082;2.2852;4.80875;5.6054176119403;1;32.218;1;7.918;7;1.876;1;0.552;1;2.262;1;256;3.40;0.83
TEL2008805_52;MFD_SETNO52;43.726917;-60.7815;57589;7;26-mar-08;17:49:50;32.0807;1.1604;4.93368;4.20406320895522;1;32.088;1;8.1305;7;4.816;1;0.7485;1;4.9335;1;256;6.43;0.98
TEL2008805_52;MFD_SETNO52;43.726917;-60.7815;57588;24;26-mar-08;17:49:50;32.088;1.1498;4.94957;4.51547529850746;1;NaN;9;NaN;9;4.933;1;0.7535;1;4.985;1;0;6.55;0.99
TEL2008805_52;MFD_SETNO52;43.726917;-60.7815;57587;47;26-mar-08;17:49:50;32.0978;1.1551;4.92884;4.35976925373134;1;32.102;1;8.068;7;5.2115;1;0.756;1;5.115;1;256;6.89;1.02
TEL2008805_53;MFD_SETNO53;43.837683;-60.853917;57593;5;26-mar-08;19:57:02;32.0421;1.1878;4.71368;5.18234411904762;1;32.047;1;8.259;7;3.0985;1;0.6615;1;2.967;1;256;4.68;1.04
TEL2008805_53;MFD_SETNO53;43.837683;-60.853917;57592;25;26-mar-08;19:57:02;32.0392;1.1704;5.00794;5.93340848412698;1;NaN;9;NaN;9;3.148;1;0.659;1;3.026;1;0;4.78;1.04
TEL2008805_53;MFD_SETNO53;43.837683;-60.853917;57591;38;26-mar-08;19:57:02;32.0395;1.1706;5.02328;6.38394783582089;1;32.043;1;8.307;7;3.2115;1;0.6635;1;2.9135;1;256;4.84;1.10
TEL2008805_54;MFD_SETNO54;43.86255;-60.454517;57597;6;26-mar-08;22:19:10;32.1487;1.315;4.95835;5.10723768253968;1;32.153;1;8.26;7;4.089;1;0.6985;1;4.398;1;256;5.85;0.93
TEL2008805_54;MFD_SETNO54;43.86255;-60.454517;57596;26;26-mar-08;22:19:10;32.1619;1.2767;4.93684;4.39372653571429;1;NaN;9;NaN;9;4.924;1;0.738;1;5.3405;1;0;6.67;0.92
TEL2008805_54;MFD_SETNO54;43.86255;-60.454517;57595;35;26-mar-08;22:19:10;32.1617;1.2653;4.9226;4.35617331746032;1;32.166;1;8.0535;7;5.029;1;0.743;1;4.861;1;256;6.77;1.03
TEL2008805_55;MFD_SETNO55;43.707083;-60.4704;203949;6;27-mar-08;00:16:06;32.0872;1.3416;4.90568;2.2531930952381;1;32.091;1;8.227;7;2.3885;1;0.595;1;2.2925;1;256;4.01;1.04
TEL2008805_55;MFD_SETNO55;43.707083;-60.4704;203948;25;27-mar-08;00:16:06;32.0899;1.3365;4.92939;2.21563987698413;1;NaN;9;NaN;9;2.452;1;0.591;1;2.3125;1;0;4.15;1.06
TEL2008805_55;MFD_SETNO55;43.707083;-60.4704;203947;58;27-mar-08;00:16:06;32.1235;1.2787;4.81568;7.89959861904762;1;32.138;1;8.0585;7;4.2995;1;0.8325;1;3.4875;1;256;5.16;1.23
TEL2008805_56;MFD_SETNO56;43.70875;-60.36105;203954;5;27-mar-08;01:32:09;32.0618;1.1906;4.86981;4.08599928571429;1;32.076;1;8.1735;7;2.8905;1;0.646;1;2.5;1;256;4.47;1.16
TEL2008805_56;MFD_SETNO56;43.70875;-60.36105;203953;25;27-mar-08;01:32:09;32.0632;1.1926;4.91928;3.94979930952381;1;NaN;9;NaN;9;2.839;1;0.6505;1;2.474;1;0;4.36;1.15
TEL2008805_56;MFD_SETNO56;43.70875;-60.36105;203952;50;27-mar-08;01:32:09;32.0741;1.2117;4.88367;1.72744803968254;1;NaN;9;NaN;9;2.8485;1;0.711;1;2.3695;1;0;4.01;1.20
TEL2008805_56;MFD_SETNO56;43.70875;-60.36105;203951;60;27-mar-08;01:32:09;32.0892;1.2511;4.83192;1.95276734920635;1;32.09;1;7.999;7;2.894;1;0.7245;1;2.2565;1;256;3.99;1.28
TEL2008805_57;MFD_SETNO57;43.598517;-60.304433;203958;6;27-mar-08;03:26:38;32.2223;1.4113;4.99366;2.06542700396825;1;32.229;1;8.3045;7;2.5555;1;0.5785;1;2.147;1;256;4.42;1.19
TEL2008805_57;MFD_SETNO57;43.598517;-60.304433;203957;26;27-mar-08;03:26:38;32.2355;1.4267;5.03421;2.62872527777778;1;NaN;9;NaN;9;2.601;1;0.567;1;2.0265;1;0;4.59;1.28
TEL2008805_57;MFD_SETNO57;43.598517;-60.304433;203956;51;27-mar-08;03:26:38;32.3753;1.4823;4.72599;4.90319914285714;1;NaN;9;NaN;9;5.2585;1;0.8785;1;4.0055;1;0;5.99;1.31
TEL2008805_57;MFD_SETNO57;43.598517;-60.304433;203955;73;27-mar-08;03:26:38;32.3786;1.4902;4.69059;4.90319914285714;1;32.39;1;7.7245;7;5.309;1;0.8865;1;3.5645;1;256;5.99;1.49
TEL2008805_58;MFD_SETNO58;43.438417;-60.279567;203962;5;27-mar-08;05:36:02;32.24;1.2694;4.94294;3.49244929761905;1;32.266;1;8.2225;7;2.9025;1;0.5895;1;2.4225;1;256;4.92;1.20
TEL2008805_58;MFD_SETNO58;43.438417;-60.279567;203961;25;27-mar-08;05:36:02;32.2416;1.2816;4.99014;3.45489607936508;1;NaN;9;NaN;9;3.0465;1;0.627;1;2.4615;1;0;4.86;1.24
TEL2008805_58;MFD_SETNO58;43.438417;-60.279567;203960;50;27-mar-08;05:36:02;32.3058;1.2793;4.95833;4.35617331746032;1;NaN;9;NaN;9;3.922;1;0.673;1;2.7315;1;0;5.83;1.44
TEL2008805_58;MFD_SETNO58;43.438417;-60.279567;203959;197;27-mar-08;05:36:02;34.5787;6.7349;2.97361;NaN;9;34.575;1;4.8795;7;17.049;1;1.2095;1;10.4765;1;256;14.10;1.63
TEL2008805_59;MFD_SETNO59;43.469017;-60.441083;203966;5;27-mar-08;07:23:04;32.2415;1.2486;5.00737;4.61904584523809;1;32.257;1;8.279;7;1.93;1;0.518;1;1.3345;1;256;3.73;1.45
TEL2008805_59;MFD_SETNO59;43.469017;-60.441083;203965;26;27-mar-08;07:23:04;32.2688;1.264;5.01322;3.71776860714286;1;NaN;9;NaN;9;1.9475;1;0.5205;1;1.5005;1;0;3.74;1.30
TEL2008805_59;MFD_SETNO59;43.469017;-60.441083;203964;50;27-mar-08;07:23:04;32.2828;1.2676;5.04982;5.59542951984127;1;NaN;9;NaN;9;1.996;1;0.518;1;1.4265;1;0;3.85;1.40
TEL2008805_59;MFD_SETNO59;43.469017;-60.441083;203963;116;27-mar-08;07:23:04;32.9895;2.4788;4.32824;2.06542700396825;1;33.012;1;7.1255;7;8.1495;1;0.887;1;6.4605;1;256;9.19;1.26
TEL2008805_60;MFD_SETNO60;43.427767;-60.573517;203970;5;27-mar-08;08:58:29;32.1719;1.2453;4.96093;2.44095918650794;1;32.182;1;8.1415;7;2.8355;1;0.5555;1;2.0355;1;256;5.10;1.39
TEL2008805_60;MFD_SETNO60;43.427767;-60.573517;203969;25;27-mar-08;08:58:29;32.1742;1.2216;4.99509;2.85404458730159;1;NaN;9;NaN;9;2.98;1;0.575;1;2.1895;1;0;5.18;1.36
TEL2008805_60;MFD_SETNO60;43.427767;-60.573517;203968;50;27-mar-08;08:58:29;32.2777;1.2665;4.91728;4.31862009920635;1;NaN;9;NaN;9;3.2315;1;0.597;1;1.9395;1;0;5.41;1.67
TEL2008805_60;MFD_SETNO60;43.427767;-60.573517;203967;129;27-mar-08;08:58:29;33.3665;3.4695;3.95832;1.76500125793651;1;33.387;1;6.4155;7;8.7685;1;0.863;1;6.6945;1;256;10.16;1.31
TEL2008805_61;MFD_SETNO61;43.258067;-60.977783;203974;6;27-mar-08;11:53:12;32.0593;1.7512;4.82235;0.89527075;1;32.081;1;7.843;7;1.3385;1;0.49;1;2.1645;1;256;2.73;0.62
TEL2008805_61;MFD_SETNO61;43.258067;-60.977783;203973;25;27-mar-08;11:53:12;32.1668;1.5479;4.89791;0.9353575;1;NaN;9;NaN;9;2.2935;1;0.563;1;2.4025;1;0;4.07;0.95
TEL2008805_61;MFD_SETNO61;43.258067;-60.977783;203972;49;27-mar-08;11:53:12;32.3762;1.3388;4.83456;2.85404458730159;1;NaN;9;NaN;9;4.2005;1;0.6295;1;3.1935;1;0;6.67;1.32
TEL2008805_61;MFD_SETNO61;43.258067;-60.977783;203971;254;27-mar-08;11:53:12;34.826;7.0316;2.71739;NaN;9;34.827;1;4.412;7;19.876;1;1.2645;1;12.1235;1;256;15.72;1.64
TEL2008805_62;MFD_SETNO62;43.443983;-60.855167;203978;5;27-mar-08;14:29:39;31.9805;1.8116;4.81359;1.4163985;1;31.992;1;7.8505;7;0.576;1;0.384;1;1.7775;1;256;1.50;0.32
TEL2008805_62;MFD_SETNO62;43.443983;-60.855167;203977;25;27-mar-08;14:29:39;31.9841;1.6796;4.84164;1.389674;1;NaN;9;NaN;9;0.5885;1;0.4035;1;1.8185;1;0;1.46;0.32
TEL2008805_62;MFD_SETNO62;43.443983;-60.855167;203976;50;27-mar-08;14:29:39;31.9975;1.5442;4.86538;1.229327;1;NaN;9;NaN;9;1.0055;1;0.4295;1;1.8805;1;0;2.34;0.53
TEL2008805_62;MFD_SETNO62;43.443983;-60.855167;203975;85;27-mar-08;14:29:39;32.6027;2.2435;4.43056;1.02889325;1;32.608;1;7.1305;7;5.275;1;0.801;1;9.6415;1;256;6.59;0.55
TEL2008805_63;MFD_SETNO63;43.4225;-61.23915;203982;5;27-mar-08;16:57:56;32.0762;2.1148;4.72613;0.694837;1;32.088;1;7.801;7;1.591;1;0.507;1;2.9465;1;256;3.14;0.54
TEL2008805_63;MFD_SETNO63;43.4225;-61.23915;203981;25;27-mar-08;16:57:56;32.0797;2.0198;4.76607;0.694837;1;NaN;9;NaN;9;1.6215;1;0.5215;1;3.1445;1;0;3.11;0.52
TEL2008805_63;MFD_SETNO63;43.4225;-61.23915;203980;51;27-mar-08;16:57:56;32.0863;2.0208;4.76213;0.694837;1;NaN;9;NaN;9;1.714;1;0.5265;1;3.1345;1;0;3.26;0.55
TEL2008805_63;MFD_SETNO63;43.4225;-61.23915;203979;70;27-mar-08;16:57:56;32.2015;2.2937;4.64627;1.2560515;1;32.199;1;7.558;7;2.044;1;0.559;1;4.847;1;256;3.66;0.42
TEL2008805_64;MFD_SETNO64;43.3881;-62.0067;203986;6;27-mar-08;20:44:36;32.5388;2.6239;4.84044;2.2531930952381;1;32.548;1;7.948;7;1.693;1;0.469;1;2.0145;1;256;3.61;0.84
TEL2008805_64;MFD_SETNO64;43.3881;-62.0067;203985;26;27-mar-08;20:44:36;32.5417;2.4187;4.87727;2.44095918650794;1;NaN;9;NaN;9;1.7015;1;0.5065;1;1.8325;1;0;3.36;0.93
TEL2008805_64;MFD_SETNO64;43.3881;-62.0067;203984;51;27-mar-08;20:44:36;32.5481;2.4519;4.82895;2.17808665873016;1;NaN;9;NaN;9;2.0805;1;0.454;1;2.3665;1;0;4.58;0.88
TEL2008805_64;MFD_SETNO64;43.3881;-62.0067;203983;90;27-mar-08;20:44:36;33.3565;5.3254;4.09698;2.40340596825397;1;33.357;1;6.619;7;4.943;1;0.6745;1;3.9825;1;256;7.33;1.24
TEL2008805_65;MFD_SETNO65;43.295183;-62.267617;203990;5;27-mar-08;22:45:23;32.4129;1.9244;5.01848;3.04181067857143;1;32.428;1;8.151;7;1.509;1;0.404;1;1.6555;1;256;3.74;0.91
TEL2008805_65;MFD_SETNO65;43.295183;-62.267617;203989;25;27-mar-08;22:45:23;32.4178;1.6043;5.04779;3.30468320634921;1;NaN;9;NaN;9;1.4205;1;0.4125;1;1.5015;1;0;3.44;0.95
TEL2008805_65;MFD_SETNO65;43.295183;-62.267617;203988;51;27-mar-08;22:45:23;32.4466;1.6454;5.0006;9.53399833333333;1;NaN;9;NaN;9;2.648;1;0.5185;1;1.7875;1;0;5.11;1.48
TEL2008805_65;MFD_SETNO65;43.295183;-62.267617;203987;98;27-mar-08;22:45:23;33.8863;7.1517;3.7294;2.06542700396825;1;33.891;1;5.9865;7;7.0065;1;0.6815;1;4.925;1;256;10.28;1.42
TEL2008805_66;MFD_SETNO66;43.274467;-62.603583;203994;5;28-mar-08;01:40:57;32.6571;3.0795;4.78551;1.50212873015873;1;32.67;1;7.6305;7;2.1595;1;0.4435;1;2.3005;1;256;4.87;0.94
TEL2008805_66;MFD_SETNO66;43.274467;-62.603583;203993;26;28-mar-08;01:40:57;32.712;3.1963;4.73056;1.5396819484127;1;NaN;9;NaN;9;2.11;1;0.467;1;3.055;1;0;4.52;0.69
TEL2008805_66;MFD_SETNO66;43.274467;-62.603583;203992;50;28-mar-08;01:40:57;32.8971;3.6183;4.75828;1.80255447619048;1;NaN;9;NaN;9;1.034;1;0.3275;1;1.6195;1;0;3.16;0.64
TEL2008805_66;MFD_SETNO66;43.274467;-62.603583;203991;92;28-mar-08;01:40:57;34.6076;9.29;3.0648;1.91521413095238;1;34.558;1;4.9945;7;11.598;1;0.8275;1;7.3405;1;256;14.02;1.58
TEL2008805_67;MFD_SETNO67;43.44525;-62.7144;203998;5;28-mar-08;03:33:11;32.6971;3.8226;4.66392;1.61478838492064;1;32.69;1;7.422;7;2.612;1;0.447;1;3.4465;1;256;5.84;0.76
TEL2008805_67;MFD_SETNO67;43.44525;-62.7144;203997;26;28-mar-08;03:33:11;32.7847;3.9105;4.6479;1.61478838492064;1;NaN;9;NaN;9;2.5055;1;0.431;1;3.1395;1;0;5.81;0.80
TEL2008805_67;MFD_SETNO67;43.44525;-62.7144;203996;51;28-mar-08;03:33:11;33.1748;4.9297;4.55143;2.96670424206349;1;NaN;9;NaN;9;2.6735;1;0.4145;1;2.529;1;0;6.45;1.06
TEL2008805_67;MFD_SETNO67;43.44525;-62.7144;203995;96;28-mar-08;03:33:11;34.79;9.5934;2.87773;0.481041;1;34.806;1;4.6385;7;13.4605;1;0.8585;1;7.692;1;256;15.68;1.75
