CTD;CTD;CTD;CTD;CTD;CTD;CTD;CTD;CTD;CTD;CTD;labo;labo;labo;labo;labo;labo;labo;labo;labo;labo;labo;labo;labo;calc;calc
Fichier;Station;Latitude;Longitude;Echantillon;zbouteille;Date;Heure;PSAL;TEMP_XX;DOXY;CHL_01;Q_CHL;PSAL_BS;Q_PSAL;OXY_03;Q_OXY;NOx_01;Q_NOX;PO4_01;Q_PO4;Si_01;Q_Si;QCFF;N_P;N_Si
(nom);(nom/no);(degres);(degres);(no_unique);(dbar);(jj-mmm-yyyy);(GMT);(psu);(celsius);(ml/l);(mg/m**3);((none));(PSU);((none));(ml/l);((none));(mmol/m**3);((none));(mmol/m**3);((none));(mmol/m**3);((none));((none));((none));((none))
TEL2005633_0;MFD_SETNO0;44.271667;63.322333;274434;1;13-jul-05;18:03:57;28.788;13.9;4.9775;0.216138322580645;1;30.611;7;6.2405;7;0.439;1;0.4105;1;0.964;1;256;1.07;0.46
TEL2005633_0;MFD_SETNO0;44.271667;63.322333;274433;5;13-jul-05;18:03:57;31.579;12.31;4.5136;0.24822135483871;1;NaN;9;NaN;9;0.4555;1;0.4165;1;0.8555;1;0;1.09;0.53
TEL2005633_0;MFD_SETNO0;44.271667;63.322333;274432;10;13-jul-05;18:03:57;31.946;11.155;4.1521;0.318983225806452;1;NaN;9;NaN;9;0.44;1;0.471;1;0.653;1;0;0.93;0.67
TEL2005633_0;MFD_SETNO0;44.271667;63.322333;274431;20;13-jul-05;18:03:57;31.36;4.841;5.7218;0.301261935483871;1;NaN;9;NaN;9;0.4475;1;0.5415;1;0.9175;1;0;0.83;0.49
TEL2005633_0;MFD_SETNO0;44.271667;63.322333;274430;30;13-jul-05;18:03:57;31.623;3.558;5.5951;0.496196129032258;1;NaN;9;NaN;9;1.0235;1;0.846;1;1.603;1;0;1.21;0.64
TEL2005633_0;MFD_SETNO0;44.271667;63.322333;274429;40;13-jul-05;18:03:57;31.658;1.873;5.4603;NaN;9;NaN;9;NaN;9;NaN;9;NaN;9;NaN;9;0;NaN;NaN
TEL2005633_0;MFD_SETNO0;44.271667;63.322333;274428;50;13-jul-05;18:03:57;31.855;2.422;5.3063;0.354425806451613;1;31.967;7;7.0095;7;4.045;1;0.959;1;4.5335;1;256;4.22;0.89
TEL2005633_0;MFD_SETNO0;44.271667;63.322333;274427;75;13-jul-05;18:03:57;32.162;1.838;4.9318;0.0878061935483871;1;NaN;9;NaN;9;6.5955;1;1.029;1;6.318;1;0;6.41;1.04
TEL2005633_0;MFD_SETNO0;44.271667;63.322333;274426;100;13-jul-05;18:03:57;32.463;2.91;4.7337;0.17054664516129;1;NaN;9;NaN;9;7.9875;1;1.159;1;7.6295;1;0;6.89;1.05
TEL2005633_0;MFD_SETNO0;44.271667;63.322333;274425;162;13-jul-05;18:03:57;33.743;6.191;3.6089;0.0287058709677419;1;33.756;1;4.855;7;12.575;1;1.329;1;12.908;1;256;9.46;0.97
TEL2005633_2;MFD_SETNO2;44.518167;62.777833;274438;5;13-jul-05;23:45:36;31.005;13.901;4.354;0.313076129032258;1;NaN;9;7.6795;7;0.105;1;0.2925;1;0.915;1;256;0.36;0.11
TEL2005633_2;MFD_SETNO2;44.518167;62.777833;274437;25;13-jul-05;23:45:36;31.184;3.723;4.6048;0.378054193548387;1;NaN;9;NaN;9;0.4665;1;0.5125;1;2.281;1;0;0.91;0.20
TEL2005633_2;MFD_SETNO2;44.518167;62.777833;274436;50;13-jul-05;23:45:36;31.693;1.872;5.3719;0.271726451612903;1;NaN;9;NaN;9;4.052;1;0.834;1;4.5435;1;0;4.86;0.89
TEL2005633_3;MFD_SETNO3;44.740667;62.0725;274442;5;14-jul-05;03:44:58;30.497;15.031;4.1655;0.224581225806452;1;NaN;9;6.3125;7;0.077;1;0.268;1;0.8485;1;256;0.29;0.09
TEL2005633_3;MFD_SETNO3;44.740667;62.0725;274441;25;14-jul-05;03:44:58;33.806;4.93;4.4974;0.401682580645161;1;NaN;9;NaN;9;0.1245;1;0.3925;1;0.8225;1;0;0.32;0.15
TEL2005633_3;MFD_SETNO3;44.740667;62.0725;274440;50;14-jul-05;03:44:58;31.839;1.399;5.3993;0.324890322580645;1;NaN;9;NaN;9;4.651;1;0.8965;1;4.2675;1;0;5.19;1.09
TEL2005633_3;MFD_SETNO3;44.740667;62.0725;274439;118;14-jul-05;03:44:58;32.447;2.186;4.5755;0.0422145161290323;1;32.467;1;6.2935;7;8.6115;1;1.0785;1;8.5995;1;256;7.98;1.00
TEL2005633_4;MFD_SETNO4;44.6315;61.638;274446;5;14-jul-05;07:20:20;31.385;15.439;4.0398;0.289447741935484;1;NaN;9;6.112;7;0.1035;1;0.2875;1;0.3485;1;256;0.36;0.30
TEL2005633_4;MFD_SETNO4;44.6315;61.638;274445;25;14-jul-05;07:20:20;32.126;7.947;5.2532;0.93269264516129;1;NaN;9;NaN;9;0.1125;1;0.413;1;0.219;1;0;0.27;0.51
TEL2005633_4;MFD_SETNO4;44.6315;61.638;274444;50;14-jul-05;07:20:20;32.091;4.403;5.2483;0.856529032258065;1;NaN;9;NaN;9;0.936;1;0.632;1;1.817;1;0;1.48;0.52
TEL2005633_4;MFD_SETNO4;44.6315;61.638;274443;154;14-jul-05;07:20:20;34.417;8.058;2.6072;0.0270172903225806;1;34.428;1;3.593;1;17.55;1;1.5095;1;19.966;1;0;11.63;0.88
TEL2005633_5;MFD_SETNO5;45.062167;61.068;274450;5;14-jul-05;11:53:12;30.555;13.907;4.1963;0.28354064516129;1;NaN;9;6.298;7;0.084;1;0.264;1;0.8285;1;256;0.32;0.10
TEL2005633_5;MFD_SETNO5;45.062167;61.068;274449;25;14-jul-05;11:53:12;31.054;7.25;5.1756;0.378054193548387;1;NaN;9;NaN;9;0.345;1;0.506;1;1.186;1;0;0.68;0.29
TEL2005633_5;MFD_SETNO5;45.062167;61.068;274448;50;14-jul-05;11:53:12;31.667;1.952;5.5334;0.218562580645161;1;NaN;9;NaN;9;2.8485;1;0.7435;1;2.837;1;0;3.83;1.00
TEL2005633_5;MFD_SETNO5;45.062167;61.068;274447;144;14-jul-05;11:53:12;32.455;1.525;4.5641;0.0269341935483871;1;32.465;1;6.257;7;9.055;1;1.069;1;10.029;1;256;8.47;0.90
TEL2005633_6;MFD_SETNO6;45.305333;60.360167;274454;5;14-jul-05;16:53:18;30.175;14.175;4.2811;0.301261935483871;1;NaN;9;6.9335;7;0.0845;1;0.32;1;1.468;1;256;0.26;0.06
TEL2005633_6;MFD_SETNO6;45.305333;60.360167;274453;25;14-jul-05;16:53:18;31.107;6.37;5.6121;0.572988387096774;1;NaN;9;NaN;9;0.1365;1;0.4315;1;0.7105;1;0;0.32;0.19
TEL2005633_6;MFD_SETNO6;45.305333;60.360167;274452;50;14-jul-05;16:53:18;31.654;2.217;5.5515;0.259912258064516;1;NaN;9;NaN;9;2.3305;1;0.726;1;2.1755;1;0;3.21;1.07
TEL2005633_6;MFD_SETNO6;45.305333;60.360167;274451;173;14-jul-05;16:53:18;32.998;2.167;4.0955;0.0219515483870968;1;33.046;1;6.038;7;11.8005;1;1.241;1;14.019;1;256;9.51;0.84
TEL2005633_8;MFD_SETNO8;45.3095;59.77;274458;5;14-jul-05;21:39:11;30.701;14.632;4.08;0.141770322580645;1;NaN;9;6.862;7;0.215;1;0.342;1;1.334;1;256;0.63;0.16
TEL2005633_8;MFD_SETNO8;45.3095;59.77;274457;25;14-jul-05;21:39:11;31.358;5.15;5.2623;0.508010322580645;1;NaN;9;NaN;9;0.241;1;0.4915;1;1.2315;1;0;0.49;0.20
TEL2005633_8;MFD_SETNO8;45.3095;59.77;274455;127;14-jul-05;21:39:11;32.884;1.986;4.0789;0.0371487741935484;1;NaN;9;6.048;7;11.9265;1;1.309;1;14.7675;1;256;9.11;0.81
TEL2005633_9;MFD_SETNO9;45.47;59.9985;274462;5;15-jul-05;00:23:29;30.191;13.774;4.2807;0.236283870967742;1;NaN;9;6.8695;7;0.1025;1;0.272;1;1.006;1;256;0.38;0.10
TEL2005633_9;MFD_SETNO9;45.47;59.9985;274461;25;15-jul-05;00:23:29;33.669;4.474;4.289;0.307169032258064;1;NaN;9;NaN;9;1.9015;1;0.644;1;3.314;1;0;2.95;0.57
TEL2005633_9;MFD_SETNO9;45.47;59.9985;274460;50;15-jul-05;00:23:29;31.66;2.574;5.3321;0.14352935483871;1;NaN;9;NaN;9;2.8295;1;0.7205;1;3.713;1;0;3.93;0.76
TEL2005633_9;MFD_SETNO9;45.47;59.9985;274459;193;15-jul-05;00:23:29;33.281;2.961;4.0301;0.0202629677419355;1;33.364;7;5.9885;7;13.3045;1;1.297;1;13.8325;1;256;10.26;0.96
TEL2005633_10;MFD_SETNO10;45.601;60.089833;274466;5;15-jul-05;02:48:08;30.245;13.316;3.9746;0.354425806451613;1;NaN;9;6.574;7;0.11;1;0.348;1;1.5185;1;256;0.32;0.07
TEL2005633_10;MFD_SETNO10;45.601;60.089833;274465;25;15-jul-05;02:48:08;30.659;7.122;5.1102;0.324890322580645;1;NaN;9;NaN;9;1.1545;1;0.542;1;2.634;1;0;2.13;0.44
TEL2005633_10;MFD_SETNO10;45.601;60.089833;274464;50;15-jul-05;02:48:08;31.588;2.729;5.409;0.128332129032258;1;NaN;9;NaN;9;3.2745;1;0.7585;1;4.304;1;0;4.32;0.76
TEL2005633_10;MFD_SETNO10;45.601;60.089833;274463;150;15-jul-05;02:48:08;33.023;2.425;4.28;0.0303944516129032;1;33.044;1;5.882;7;11.163;1;1.1965;1;12.02;1;256;9.33;0.93
TEL2005633_11;MFD_SETNO11;45.654333;59.924;274470;5;15-jul-05;04:34:24;30.258;12.35;3.9238;0.401682580645161;1;NaN;9;3.743;1;0.09;1;0.3185;1;1.5015;1;0;0.28;0.06
TEL2005633_11;MFD_SETNO11;45.654333;59.924;274469;25;15-jul-05;04:34:24;31.225;4.089;5.2603;0.360332903225806;1;NaN;9;NaN;9;1.804;1;0.599;1;3.1915;1;0;3.01;0.57
TEL2005633_11;MFD_SETNO11;45.654333;59.924;274468;50;15-jul-05;04:34:24;31.548;3.058;5.3839;0.150283677419355;1;NaN;9;NaN;9;3.1775;1;0.741;1;4.3755;1;0;4.29;0.73
TEL2005633_11;MFD_SETNO11;45.654333;59.924;274467;156;15-jul-05;04:34:24;33.166;2.724;4.1813;0.0303944516129032;1;NaN;9;5.7185;7;10.1215;1;1.09;1;10.151;1;256;9.29;1.00
TEL2005633_12;MFD_SETNO12;45.773167;59.766333;274474;5;15-jul-05;06:35:52;30.061;13.179;4.1806;0.330797419354839;1;NaN;9;6.388;7;0.097;1;0.2735;1;1.1765;1;256;0.35;0.08
TEL2005633_12;MFD_SETNO12;45.773167;59.766333;274473;25;15-jul-05;06:35:52;31.317;4.793;5.17;0.348518709677419;1;NaN;9;NaN;9;1.8445;1;0.6345;1;3.056;1;0;2.91;0.60
TEL2005633_12;MFD_SETNO12;45.773167;59.766333;274472;50;15-jul-05;06:35:52;31.904;3.178;5.5868;0.383961290322581;1;NaN;9;NaN;9;1.0415;1;0.5585;1;1.2305;1;0;1.86;0.85
TEL2005633_12;MFD_SETNO12;45.773167;59.766333;274471;96;15-jul-05;06:35:52;32.534;1.804;5.026;0.0371487741935484;1;32.532;1;6.915;7;5.338;1;0.794;1;4.651;1;256;6.72;1.15
TEL2005633_13;MFD_SETNO13;45.657333;59.455167;274478;5;15-jul-05;09:49:08;30.488;13.513;4.106;0.443032258064516;1;NaN;9;6.336;7;0.0935;1;0.2515;1;0.948;1;256;0.37;0.10
TEL2005633_13;MFD_SETNO13;45.657333;59.455167;274477;25;15-jul-05;09:49:08;32.249;6.247;5.0435;1.07509161290323;1;NaN;9;NaN;9;0.101;1;0.351;1;0.382;1;0;0.29;0.26
TEL2005633_13;MFD_SETNO13;45.657333;59.455167;274476;50;15-jul-05;09:49:08;32.156;2.532;5.5054;0.407589677419355;1;NaN;9;NaN;9;2.381;1;0.6745;1;2.053;1;0;3.53;1.16
TEL2005633_13;MFD_SETNO13;45.657333;59.455167;274475;207;15-jul-05;09:49:08;33.585;3.74;3.6638;0.0185743870967742;1;33.568;1;3.464;1;15.18;1;1.362;1;16.099;1;0;11.15;0.94
TEL2005633_14;MFD_SETNO14;45.8015;59.452833;274482;5;15-jul-05;12:03:37;30.479;13.409;4.0584;0.419403870967742;1;NaN;9;6.3335;7;0.105;1;0.3015;1;1.188;1;256;0.35;0.09
TEL2005633_14;MFD_SETNO14;45.8015;59.452833;274481;25;15-jul-05;12:03:37;32.111;3.756;5.2751;0.277633548387097;1;NaN;9;NaN;9;2.083;1;0.642;1;3.3005;1;0;3.24;0.63
TEL2005633_14;MFD_SETNO14;45.8015;59.452833;274480;50;15-jul-05;12:03:37;31.819;1.984;5.3926;0.231335548387097;1;NaN;9;NaN;9;3.6605;1;0.777;1;4.7255;1;0;4.71;0.77
TEL2005633_14;MFD_SETNO14;45.8015;59.452833;274479;107;15-jul-05;12:03:37;32.83;2.058;4.7643;0.0439030967741935;1;32.837;1;6.564;7;7.9635;1;0.9945;1;7.8695;1;256;8.01;1.01
TEL2005633_15;MFD_SETNO15;45.889;59.425;274486;5;15-jul-05;13:18:27;30.172;13.835;3.935;0.484381935483871;1;NaN;9;6.3975;7;0.1055;1;0.2705;1;1.168;1;256;0.39;0.09
TEL2005633_15;MFD_SETNO15;45.889;59.425;274485;25;15-jul-05;13:18:27;33.521;5.065;4.2566;0.330797419354839;1;NaN;9;NaN;9;1.2385;1;0.543;1;2.6745;1;0;2.28;0.46
TEL2005633_15;MFD_SETNO15;45.889;59.425;274484;50;15-jul-05;13:18:27;31.633;2.826;5.3564;0.177212903225806;1;NaN;9;NaN;9;3.491;1;0.756;1;4.8135;1;0;4.62;0.73
TEL2005633_15;MFD_SETNO15;45.889;59.425;274483;58;15-jul-05;13:18:27;31.851;2.603;5.172;0.108069161290323;1;31.857;1;7.197;7;3.722;1;0.7415;1;4.857;1;256;5.02;0.77
TEL2005633_16;MFD_SETNO16;46.227333;59.404333;274490;5;15-jul-05;16:50:27;30.811;13.563;3.7514;0.490289032258065;1;NaN;9;6.847;7;0.126;1;0.301;1;0.883;1;256;0.42;0.14
TEL2005633_16;MFD_SETNO16;46.227333;59.404333;274489;25;15-jul-05;16:50:27;32.249;2.727;5.5821;0.71475870967742;1;NaN;9;NaN;9;1.6355;1;0.587;1;2.703;1;0;2.79;0.61
TEL2005633_16;MFD_SETNO16;46.227333;59.404333;274488;50;15-jul-05;16:50:27;32.186;1.81;5.4866;0.478474838709677;1;NaN;9;NaN;9;3.711;1;0.7285;1;2.968;1;0;5.09;1.25
TEL2005633_16;MFD_SETNO16;46.227333;59.404333;274487;71;15-jul-05;16:50:27;32.5;1.896;5.1036;0.0844290322580645;1;32.516;1;7.6485;7;5.6225;1;0.859;1;5.158;1;256;6.55;1.09
TEL2005633_17;MFD_SETNO17;46.344;59.497;274494;5;15-jul-05;18:47:51;30.847;13.963;4.0705;0.484381935483871;1;NaN;9;6.8095;7;0.1095;1;0.277;1;0.935;1;256;0.40;0.12
TEL2005633_17;MFD_SETNO17;46.344;59.497;274493;25;15-jul-05;18:47:51;32.69;3.501;5.3473;0.389868387096774;1;NaN;9;NaN;9;0.168;1;0.415;1;0.569;1;0;0.40;0.30
TEL2005633_17;MFD_SETNO17;46.344;59.497;274492;50;15-jul-05;18:47:51;32.318;2.094;5.3311;0.140152193548387;1;NaN;9;NaN;9;3.498;1;0.7375;1;3.215;1;0;4.74;1.09
TEL2005633_17;MFD_SETNO17;46.344;59.497;274491;108;15-jul-05;18:47:51;32.764;1.986;4.6343;0.0337716129032258;1;32.776;1;6.8885;7;9.6535;1;1.0715;1;10.228;1;256;9.01;0.94
TEL2005633_18;MFD_SETNO18;46.3215;59.727333;274498;5;15-jul-05;20:55:23;29.892;14.902;3.3471;0.679316129032258;1;NaN;9;6.8895;7;0.117;1;0.229;1;0.9275;1;256;0.51;0.13
TEL2005633_18;MFD_SETNO18;46.3215;59.727333;274497;25;15-jul-05;20:55:23;32.063;3.498;5.3994;0.543452903225806;1;NaN;9;NaN;9;0.948;1;0.5365;1;1.9465;1;0;1.77;0.49
TEL2005633_18;MFD_SETNO18;46.3215;59.727333;274496;50;15-jul-05;20:55:23;32.083;2.316;5.3652;0.155349419354839;1;NaN;9;NaN;9;3.8655;1;0.7615;1;4.2475;1;0;5.08;0.91
TEL2005633_18;MFD_SETNO18;46.3215;59.727333;274495;71;15-jul-05;20:55:23;32.399;1.925;5.1551;0.101314838709677;1;32.369;1;7.772;7;3.961;1;0.7405;1;4.2445;1;256;5.35;0.93
TEL2005633_19;MFD_SETNO19;46.519667;59.780333;274502;5;15-jul-05;23:01:47;29.269;15.683;4.0599;0.744294193548387;1;NaN;9;6.642;7;0.1175;1;0.166;1;0.806;1;256;0.71;0.15
TEL2005633_19;MFD_SETNO19;46.519667;59.780333;274501;25;15-jul-05;23:01:47;30.856;5.827;5.2269;0.354425806451613;1;NaN;9;NaN;9;1.0845;1;0.5455;1;2.356;1;0;1.99;0.46
TEL2005633_19;MFD_SETNO19;46.519667;59.780333;274500;50;15-jul-05;23:01:47;31.651;1.825;5.4576;0.0776747096774194;1;NaN;9;NaN;9;3.329;1;0.7215;1;4.174;1;0;4.61;0.80
TEL2005633_19;MFD_SETNO19;46.519667;59.780333;274499;58;15-jul-05;23:01:47;31.673;1.867;5.3735;0.0709203870967742;1;31.76;7;8.0225;7;3.803;1;0.78;1;4.871;1;256;4.88;0.78
TEL2005633_20;MFD_SETNO20;46.5655;59.6465;274506;5;16-jul-05;01:05:39;29.483;15.083;4.1356;0.771770322580645;1;NaN;9;6.719;7;0.1255;1;0.206;1;0.7755;1;256;0.61;0.16
TEL2005633_20;MFD_SETNO20;46.5655;59.6465;274505;25;16-jul-05;01:05:39;31.392;7.398;5.4138;1.57638193548387;1;NaN;9;NaN;9;0.1755;1;0.425;1;1.064;1;0;0.41;0.16
TEL2005633_20;MFD_SETNO20;46.5655;59.6465;274504;50;16-jul-05;01:05:39;32.06;3.328;5.725;0.395775483870968;1;NaN;9;NaN;9;0.814;1;0.5515;1;1.1465;1;0;1.48;0.71
TEL2005633_20;MFD_SETNO20;46.5655;59.6465;274503;83;16-jul-05;01:05:39;32.398;1.867;5.1475;0.138463612903226;1;32.36;1;7.7655;7;4.368;1;0.7715;1;4.223;1;256;5.66;1.03
TEL2005633_21;MFD_SETNO21;46.761167;59.936167;274510;5;16-jul-05;04:13:30;29.814;14.062;3.8559;0.496196129032258;1;NaN;9;6.564;7;0.13;1;0.2295;1;1.186;1;256;0.57;0.11
TEL2005633_21;MFD_SETNO21;46.761167;59.936167;274509;25;16-jul-05;04:13:30;30.657;8.752;4.7995;0.63205935483871;1;NaN;9;NaN;9;0.379;1;0.4315;1;1.434;1;0;0.88;0.26
TEL2005633_21;MFD_SETNO21;46.761167;59.936167;274508;50;16-jul-05;04:13:30;31.35;1.861;5.6104;0.218562580645161;1;NaN;9;NaN;9;2.8845;1;0.77;1;4.6685;1;0;3.75;0.62
TEL2005633_21;MFD_SETNO21;46.761167;59.936167;274507;125;16-jul-05;04:13:30;33.308;2.881;3.6034;0.028705870967742;1;33.272;1;4.971;7;14.261;1;1.3315;1;18.556;1;256;10.71;0.77
TEL2005633_22;MFD_SETNO22;46.744667;60.000333;274514;5;16-jul-05;05:21:08;29.751;13.931;3.7407;0.490289032258065;1;NaN;9;6.3525;7;0.1375;1;0.232;1;1.368;1;256;0.59;0.10
TEL2005633_22;MFD_SETNO22;46.744667;60.000333;274513;25;16-jul-05;05:21:08;31.851;10.307;3.7064;0.543452903225806;1;NaN;9;NaN;9;0.288;1;0.3825;1;1.4555;1;0;0.75;0.20
TEL2005633_22;MFD_SETNO22;46.744667;60.000333;274512;50;16-jul-05;05:21:08;31.269;1.477;5.5661;0.295354838709677;1;NaN;9;NaN;9;3.0805;1;0.712;1;3.782;1;0;4.33;0.81
TEL2005633_22;MFD_SETNO22;46.744667;60.000333;274511;127;16-jul-05;05:21:08;33.258;2.77;3.6517;0.0388373548387097;1;33.263;1;5.051;7;13.5005;1;1.2605;1;17.251;1;256;10.71;0.78
TEL2005633_23;MFD_SETNO23;46.544167;60.192167;274518;5;16-jul-05;08:34:33;29.679;15.554;3.8498;0.460753548387097;1;NaN;9;6.261;7;0.1425;1;0.2345;1;1.1875;1;256;0.61;0.12
TEL2005633_23;MFD_SETNO23;46.544167;60.192167;274517;25;16-jul-05;08:34:33;30.289;10.134;4.641;0.437125161290323;1;NaN;9;NaN;9;0.3755;1;0.4175;1;1.5975;1;0;0.90;0.24
TEL2005633_23;MFD_SETNO23;46.544167;60.192167;274516;50;16-jul-05;08:34:33;31.249;3.507;5.4859;0.157038;1;NaN;9;NaN;9;2.6135;1;0.696;1;3.4485;1;0;3.76;0.76
TEL2005633_23;MFD_SETNO23;46.544167;60.192167;274515;104;16-jul-05;08:34:33;32.856;2.088;4.1031;0.040525935483871;1;32.709;7;5.841;7;9.8595;1;1.1155;1;14.342;1;256;8.84;0.69
TEL2005633_24;MFD_SETNO24;46.465833;60.315667;274522;5;16-jul-05;10:30:32;29.664;15.517;3.7436;0.490289032258065;1;NaN;9;6.1335;7;0.146;1;0.2105;1;0.9595;1;256;0.69;0.15
TEL2005633_24;MFD_SETNO24;46.465833;60.315667;274521;25;16-jul-05;10:30:32;32.145;8.625;3.713;0.714758709677419;1;NaN;9;NaN;9;0.397;1;0.4135;1;1.386;1;0;0.96;0.29
TEL2005633_24;MFD_SETNO24;46.465833;60.315667;274520;50;16-jul-05;10:30:32;31.188;1.9;5.5853;0.163792322580645;1;NaN;9;NaN;9;3.665;1;0.8275;1;5.1475;1;0;4.43;0.71
TEL2005633_24;MFD_SETNO24;46.465833;60.315667;274519;80;16-jul-05;10:30:32;32.03;1.857;5.1552;0.0574117419354839;1;32.021;1;7.106;7;4.7975;1;0.827;1;6.5625;1;256;5.80;0.73
TEL2005633_25;MFD_SETNO25;46.565167;60.329667;274526;5;16-jul-05;12:06:39;29.929;14.919;3.8927;0.478474838709677;1;NaN;9;6.193;7;0.1555;1;0.25;1;1.2995;1;256;0.62;0.12
TEL2005633_25;MFD_SETNO25;46.565167;60.329667;274525;25;16-jul-05;12:06:39;31.944;9.684;3.6548;0.64978064516129;1;NaN;9;NaN;9;0.329;1;0.41;1;1.611;1;0;0.80;0.20
TEL2005633_25;MFD_SETNO25;46.565167;60.329667;274524;50;16-jul-05;12:06:39;31.091;2.281;5.5132;0.230376774193548;1;NaN;9;NaN;9;2.602;1;0.686;1;3.3935;1;0;3.79;0.77
TEL2005633_25;MFD_SETNO25;46.565167;60.329667;274523;107;16-jul-05;12:06:39;32.756;2.102;4.4775;0.052346;1;32.57;7;6.2925;7;8.143;1;1.013;1;10.505;1;256;8.04;0.78
TEL2005633_26;MFD_SETNO26;46.924;60.134167;274530;5;16-jul-05;15:54:12;29.37;15.404;3.6573;0.856529032258065;1;NaN;9;6.1285;7;0.163;1;0.2635;1;0.845;1;256;0.62;0.19
TEL2005633_26;MFD_SETNO26;46.924;60.134167;274529;25;16-jul-05;15:54:12;30.927;11.765;4.8107;0.614338064516129;1;NaN;9;NaN;9;0.5075;1;0.4155;1;1.491;1;0;1.22;0.34
TEL2005633_26;MFD_SETNO26;46.924;60.134167;274528;50;16-jul-05;15:54:12;31.835;1.185;5.3186;0.202629677419355;1;NaN;9;NaN;9;4.9595;1;0.874;1;6.7905;1;0;5.67;0.73
TEL2005633_26;MFD_SETNO26;46.924;60.134167;274527;137;16-jul-05;15:54:12;33.493;3.258;3.6443;0.0624774838709678;1;33.516;1;4.998;7;15.593;1;1.3555;1;16.614;1;256;11.50;0.94
TEL2005633_27;MFD_SETNO27;47.008167;60.167;274534;5;16-jul-05;17:46:09;29.271;16.24;3.5932;0.64978064516129;1;NaN;9;5.3535;7;0.1635;1;0.1785;1;0.787;1;256;0.92;0.21
TEL2005633_27;MFD_SETNO27;47.008167;60.167;274533;25;16-jul-05;17:46:09;33.813;10.195;3.3486;0.626152258064516;1;NaN;9;NaN;9;0.207;1;0.432;1;1.097;1;0;0.48;0.19
TEL2005633_27;MFD_SETNO27;47.008167;60.167;274532;50;16-jul-05;17:46:09;31.96;2.467;5.6174;0.36624;1;NaN;9;NaN;9;2.295;1;0.659;1;2.015;1;0;3.48;1.14
TEL2005633_27;MFD_SETNO27;47.008167;60.167;274531;139;16-jul-05;17:46:09;33.415;3.076;3.796;0.0283644516129032;1;33.425;1;5.912;7;13.162;1;1.167;1;13.3965;1;256;11.28;0.98
TEL2005633_28;MFD_SETNO28;47.196833;60.064;274538;5;16-jul-05;20:06:41;31.251;13.849;4.0343;0.383961290322581;1;NaN;9;6.666;7;0.176;1;0.342;1;0.7165;1;256;0.51;0.25
TEL2005633_28;MFD_SETNO28;47.196833;60.064;274537;25;16-jul-05;20:06:41;35.099;2.612;4.1065;0.614338064516129;1;NaN;9;NaN;9;1.0195;1;0.5275;1;1.3235;1;0;1.93;0.77
TEL2005633_28;MFD_SETNO28;47.196833;60.064;274536;50;16-jul-05;20:06:41;32.346;2.031;5.3657;0.502103225806452;1;NaN;9;NaN;9;3.507;1;0.755;1;2.7455;1;0;4.65;1.28
TEL2005633_28;MFD_SETNO28;47.196833;60.064;274535;273;16-jul-05;20:06:41;34.596;5.519;2.7562;0.00513032258064517;1;34.618;1;3.793;7;21.6105;1;1.5365;1;20.9935;1;256;14.06;1.03
TEL2005633_29;MFD_SETNO29;47.015;60.0405;274542;5;16-jul-05;22:17:44;30.352;15.096;3.6347;0.389868387096774;1;NaN;9;6.008;7;0.1765;1;0.269;1;0.3605;1;256;0.66;0.49
TEL2005633_29;MFD_SETNO29;47.015;60.0405;274541;25;16-jul-05;22:17:44;31.837;6.796;5.4435;0.643873548387097;1;NaN;9;NaN;9;0.445;1;0.489;1;0.846;1;0;0.91;0.53
TEL2005633_29;MFD_SETNO29;47.015;60.0405;274540;50;16-jul-05;22:17:44;32.192;2.624;5.6063;0.342611612903226;1;NaN;9;NaN;9;2.214;1;0.6835;1;1.755;1;0;3.24;1.26
TEL2005633_29;MFD_SETNO29;47.015;60.0405;274539;203;16-jul-05;22:17:44;34.179;4.792;2.9944;0.0147496774193548;1;34.191;1;4.127;7;19.491;1;1.4935;1;19.9115;1;256;13.05;0.98
TEL2005633_30;MFD_SETNO30;46.5805;59.289167;274546;5;17-jul-05;03:00:00;30.206;13.954;4.193;0.389868387096774;1;NaN;9;6.1215;7;0.2025;1;0.302;1;1.1135;1;256;0.67;0.18
TEL2005633_30;MFD_SETNO30;46.5805;59.289167;274545;25;17-jul-05;03:00:00;35.441;2.1;4.6186;0.360332903225806;1;NaN;9;NaN;9;3.023;1;0.815;1;4.1385;1;0;3.71;0.73
TEL2005633_30;MFD_SETNO30;46.5805;59.289167;274544;50;17-jul-05;03:00:00;32.056;1.671;5.3775;0.0793632903225806;1;NaN;9;NaN;9;4.201;1;0.8355;1;3.2525;1;0;5.03;1.29
TEL2005633_30;MFD_SETNO30;46.5805;59.289167;274543;320;17-jul-05;03:00:00;34.789;5.448;2.6583;0.00897806451612903;1;34.802;1;3.651;1;20.8815;1;1.6195;1;24.257;1;0;12.89;0.86
TEL2005633_31;MFD_SETNO31;46.136167;58.994;274550;5;17-jul-05;07:22:26;30.947;13.618;3.9576;0.348518709677419;1;NaN;9;6.3575;7;0.101;1;0.3445;1;1.516;1;256;0.29;0.07
TEL2005633_31;MFD_SETNO31;46.136167;58.994;274549;25;17-jul-05;07:22:26;34.644;3.397;4.2909;0.413496774193548;1;NaN;9;NaN;9;3.148;1;0.803;1;4.8775;1;0;3.92;0.65
TEL2005633_31;MFD_SETNO31;46.136167;58.994;274548;50;17-jul-05;07:22:26;32.106;1.651;5.1463;0.168858064516129;1;NaN;9;NaN;9;5.439;1;0.8915;1;6.927;1;0;6.10;0.79
TEL2005633_31;MFD_SETNO31;46.136167;58.994;274547;108;17-jul-05;07:22:26;32.993;2.374;4.2593;0.0303944516129032;1;33.009;1;5.836;7;9.83;1;1.119;1;11.7235;1;256;8.78;0.84
TEL2005633_32;MFD_SETNO32;46.038833;58.518833;274554;5;17-jul-05;10:27:45;30.42;13.425;4.0254;0.395775483870968;1;NaN;9;6.198;7;0.0685;1;0.294;1;1.374;1;256;0.23;0.05
TEL2005633_32;MFD_SETNO32;46.038833;58.518833;274553;25;17-jul-05;10:27:45;35.655;5.416;3.9967;0.726572903225806;1;NaN;9;NaN;9;0.0845;1;0.3675;1;0.8285;1;0;0.23;0.10
TEL2005633_32;MFD_SETNO32;46.038833;58.518833;274552;50;17-jul-05;10:27:45;32.206;2.302;5.4552;0.502103225806452;1;NaN;9;NaN;9;3.0385;1;0.7695;1;2.881;1;0;3.95;1.05
TEL2005633_32;MFD_SETNO32;46.038833;58.518833;274551;282;17-jul-05;10:27:45;34.723;5.709;2.5811;0.00961935483870967;1;34.728;1;3.5585;1;21.576;1;1.7055;1;24.684;1;0;12.65;0.87
TEL2005633_33;MFD_SETNO33;45.942833;58.232333;274558;5;17-jul-05;13:04:42;30.342;13.091;3.8931;0.407589677419355;1;NaN;9;6.2715;7;0.076;1;0.3235;1;1.6435;1;256;0.23;0.05
TEL2005633_33;MFD_SETNO33;45.942833;58.232333;274557;25;17-jul-05;13:04:42;33.655;1.971;4.373;0.667501935483871;1;NaN;9;NaN;9;2.4665;1;0.767;1;4.2075;1;0;3.22;0.59
TEL2005633_33;MFD_SETNO33;45.942833;58.232333;274556;50;17-jul-05;13:04:42;32.197;2.323;5.4036;0.330797419354839;1;NaN;9;NaN;9;2.974;1;0.7835;1;2.8665;1;0;3.80;1.04
TEL2005633_33;MFD_SETNO33;45.942833;58.232333;274555;332;17-jul-05;13:04:42;34.757;5.624;2.9304;0.0153909677419355;1;34.777;1;3.976;7;17.516;1;1.391;1;18.2325;1;256;12.59;0.96
TEL2005633_34;MFD_SETNO34;45.804167;58.589667;274562;5;17-jul-05;15:50:41;30.666;14.426;3.7533;0.383961290322581;1;NaN;9;6.3385;7;0.0705;1;0.3445;1;1.2285;1;256;0.20;0.06
TEL2005633_34;MFD_SETNO34;45.804167;58.589667;274561;25;17-jul-05;15:50:41;31.833;4.685;5.4542;0.985238709677419;1;NaN;9;NaN;9;0.4635;1;0.5955;1;2.964;1;0;0.78;0.16
TEL2005633_34;MFD_SETNO34;45.804167;58.589667;274560;50;17-jul-05;15:50:41;32.265;2.652;5.5105;0.413496774193548;1;NaN;9;NaN;9;1.9485;1;0.7235;1;2.095;1;0;2.69;0.93
TEL2005633_34;MFD_SETNO34;45.804167;58.589667;274559;284;17-jul-05;15:50:41;34.027;4.95;3.1755;0.0115432258064516;1;34.045;1;4.302;7;17.3665;1;1.485;1;18.9585;1;256;11.69;0.92
TEL2005633_35;MFD_SETNO35;45.743;58.701833;274566;5;17-jul-05;17:46:09;31.054;14.091;3.7656;0.277633548387097;1;NaN;9;6.079;7;0.078;1;0.344;1;1.18;1;256;0.23;0.07
TEL2005633_35;MFD_SETNO35;45.743;58.701833;274565;25;17-jul-05;17:46:09;31.709;8.699;5.0512;0.679316129032258;1;NaN;9;NaN;9;0.0985;1;0.381;1;0.936;1;0;0.26;0.11
TEL2005633_35;MFD_SETNO35;45.743;58.701833;274564;50;17-jul-05;17:46:09;32.197;2.051;5.3782;0.26581935483871;1;NaN;9;NaN;9;4.6305;1;0.842;1;4.8;1;0;5.50;0.96
TEL2005633_35;MFD_SETNO35;45.743;58.701833;274563;258;17-jul-05;17:46:09;33.983;4.819;3.2131;0.010901935483871;1;33.99;1;4.357;7;16.996;1;1.461;1;18.71;1;256;11.63;0.91
TEL2005633_36;MFD_SETNO36;45.454833;58.260833;274570;5;17-jul-05;21:42:00;31.375;12.748;3.948;0.342611612903226;1;NaN;9;6.225;7;0.0765;1;0.3585;1;1.196;1;256;0.21;0.06
TEL2005633_36;MFD_SETNO36;45.454833;58.260833;274569;25;17-jul-05;21:42:00;31.939;2.533;5.5565;2.39741419354839;1;NaN;9;NaN;9;0.315;1;0.556;1;0.777;1;0;0.57;0.41
TEL2005633_36;MFD_SETNO36;45.454833;58.260833;274568;50;17-jul-05;21:42:00;32.22;1.679;5.2706;0.168858064516129;1;NaN;9;NaN;9;5.2455;1;0.9055;1;5.541;1;0;5.79;0.95
TEL2005633_36;MFD_SETNO36;45.454833;58.260833;274567;251;17-jul-05;21:42:00;33.055;2.475;4.1473;0.0320830322580645;1;33.067;1;5.6385;7;12.1515;1;1.21;1;12.3905;1;256;10.04;0.98
TEL2005633_37;MFD_SETNO37;45.450833;58.155167;274574;5;17-jul-05;23:24:33;31.156;14.551;3.8814;0.259912258064516;1;NaN;9;6.0955;7;0.0835;1;0.31;1;0.8205;1;256;0.27;0.10
TEL2005633_37;MFD_SETNO37;45.450833;58.155167;274573;25;17-jul-05;23:24:33;32.342;5.727;5.1681;0.838807741935484;1;NaN;9;NaN;9;0.091;1;0.443;1;0.788;1;0;0.21;0.12
TEL2005633_37;MFD_SETNO37;45.450833;58.155167;274572;50;17-jul-05;23:24:33;32.293;2.483;5.5368;0.555267096774194;1;NaN;9;NaN;9;2.2535;1;0.7245;1;2.231;1;0;3.11;1.01
TEL2005633_37;MFD_SETNO37;45.450833;58.155167;274571;77;17-jul-05;23:24:33;32.744;2.078;4.4902;0.0557231612903226;1;32.751;1;6.197;7;8.28;1;0.989;1;8.128;1;256;8.37;1.02
TEL2005633_38;MFD_SETNO38;45.493667;57.805;274578;5;18-jul-05;02:06:09;31.076;14.58;3.7156;0.254005161290323;1;NaN;9;6.0055;7;0.096;1;0.3375;1;1.003;1;256;0.28;0.10
TEL2005633_38;MFD_SETNO38;45.493667;57.805;274577;25;18-jul-05;02:06:09;32.309;6.283;5.3978;1.28081032258065;1;NaN;9;NaN;9;0.113;1;0.4575;1;0.986;1;0;0.25;0.11
TEL2005633_38;MFD_SETNO38;45.493667;57.805;274576;50;18-jul-05;02:06:09;32.498;2.427;5.3914;0.531638709677419;1;NaN;9;NaN;9;2.7795;1;0.7115;1;2.431;1;0;3.91;1.14
TEL2005633_38;MFD_SETNO38;45.493667;57.805;274575;338;18-jul-05;02:06:09;34.81;5.302;2.9327;0.00641290322580645;1;34.85;1;4.015;7;19.295;1;1.4715;1;22.448;1;256;13.11;0.86
TEL2005633_39;MFD_SETNO39;45.1885;58.2905;274582;5;18-jul-05;07:01:33;30.552;14.74;3.7167;0.318983225806451;1;NaN;9;3.4725;1;0.104;1;0.383;1;1.0455;1;0;0.27;0.10
TEL2005633_39;MFD_SETNO39;45.1885;58.2905;274581;25;18-jul-05;07:01:33;33.39;6.444;4.1249;1.1822864516129;1;NaN;9;NaN;9;0.162;1;0.466;1;1.2335;1;0;0.35;0.13
TEL2005633_39;MFD_SETNO39;45.1885;58.2905;274580;50;18-jul-05;07:01:33;32.12;2.859;5.4988;0.348518709677419;1;NaN;9;NaN;9;2.5585;1;0.7125;1;2.698;1;0;3.59;0.95
TEL2005633_39;MFD_SETNO39;45.1885;58.2905;274579;166;18-jul-05;07:01:33;33.477;3.415;3.6147;0.0253287096774194;1;33.484;1;4.9805;7;15.6025;1;1.3855;1;16.56;1;256;11.26;0.94
TEL2005633_40;MFD_SETNO40;45.114667;58.079333;274586;5;18-jul-05;09:19:49;30.492;14.948;3.6505;0.378054193548387;1;NaN;9;6.427;7;0.121;1;0.339;1;0.7175;1;256;0.36;0.17
TEL2005633_40;MFD_SETNO40;45.114667;58.079333;274585;25;18-jul-05;09:19:49;34.069;5.648;4.2237;1.14944516129032;1;NaN;9;NaN;9;0.7675;1;0.557;1;1.2115;1;0;1.38;0.63
TEL2005633_40;MFD_SETNO40;45.114667;58.079333;274584;50;18-jul-05;09:19:49;32.165;1.909;4.9652;0.165398709677419;1;NaN;9;NaN;9;5.308;1;0.9835;1;4.8905;1;0;5.40;1.09
TEL2005633_40;MFD_SETNO40;45.114667;58.079333;274583;63;18-jul-05;09:19:49;32.282;1.866;4.823;0.141770322580645;1;32.243;1;6.6835;7;5.873;1;1.001;1;5.5045;1;256;5.87;1.07
TEL2005633_42;MFD_SETNO42;45.0235;58.166167;274590;5;18-jul-05;12:02:50;30.649;15.477;3.8954;0.289447741935484;1;NaN;9;6.015;7;0.1245;1;0.379;1;0.866;1;256;0.33;0.14
TEL2005633_42;MFD_SETNO42;45.0235;58.166167;274589;25;18-jul-05;12:02:50;35.014;5.109;3.9356;0.919556129032258;1;NaN;9;NaN;9;0.164;1;0.518;1;0.681;1;0;0.32;0.24
TEL2005633_42;MFD_SETNO42;45.0235;58.166167;274588;50;18-jul-05;12:02:50;32.097;1.7;5.2087;0.173923806451613;1;NaN;9;NaN;9;4.4005;1;0.9265;1;2.5155;1;0;4.75;1.75
TEL2005633_42;MFD_SETNO42;45.0235;58.166167;274587;133;18-jul-05;12:02:50;33.106;2.811;4.147;0.040525935483871;1;32.988;7;5.7945;7;9.4675;1;1.018;1;10.1885;1;256;9.30;0.93
TEL2005633_43;MFD_SETNO43;44.954833;58.243833;274594;5;18-jul-05;14:03:26;30.771;15.674;3.7281;0.231335548387097;1;NaN;9;5.967;7;0.1225;1;0.3715;1;0.545;1;256;0.33;0.22
TEL2005633_43;MFD_SETNO43;44.954833;58.243833;274593;25;18-jul-05;14:03:26;35.169;5.251;4.0364;0.697037419354839;1;NaN;9;NaN;9;0.2005;1;0.452;1;0.4365;1;0;0.44;0.46
TEL2005633_43;MFD_SETNO43;44.954833;58.243833;274592;50;18-jul-05;14:03:26;32.093;1.8;5.1948;0.173923806451613;1;NaN;9;NaN;9;5.9795;1;0.9765;1;4.512;1;0;6.12;1.33
TEL2005633_43;MFD_SETNO43;44.954833;58.243833;274591;116;18-jul-05;14:03:26;32.683;2.028;4.3502;0.0422145161290323;1;32.657;1;6.084;7;10.8055;1;1.2005;1;11.032;1;256;9.00;0.98
TEL2005633_44;MFD_SETNO44;44.972667;57.6935;274597;5;18-jul-05;17:16:57;30.925;15.618;3.8641;0.543452903225806;1;NaN;9;6.1925;7;0.147;1;0.3865;1;0.524;1;256;0.38;0.28
TEL2005633_44;MFD_SETNO44;44.972667;57.6935;274596;25;18-jul-05;17:16:57;33.64;6.422;4.2641;0.708851612903226;1;NaN;9;NaN;9;0.38;1;0.6465;1;2.124;1;0;0.59;0.18
TEL2005633_44;MFD_SETNO44;44.972667;57.6935;274595;49;18-jul-05;17:16:57;32.088;2.89;4.746;0.0979376774193549;1;32.073;1;6.5825;7;3.015;1;0.8615;1;4.055;1;256;3.50;0.74
TEL2005633_45;MFD_SETNO45;44.834667;57.636;274600;5;18-jul-05;19:08:22;31.25;14.525;3.7601;0.46666064516129;1;NaN;9;6.3435;7;0.1485;1;0.386;1;0.3605;1;256;0.38;0.41
TEL2005633_45;MFD_SETNO45;44.834667;57.636;274599;25;18-jul-05;19:08:22;31.714;5.845;5.3065;1.41217548387097;1;NaN;9;NaN;9;0.382;1;0.5735;1;1.5395;1;0;0.67;0.25
TEL2005633_45;MFD_SETNO45;44.834667;57.636;274598;38;18-jul-05;19:08:22;31.77;4.648;5.0987;0.722508387096774;1;31.849;1;6.9725;7;1.0015;1;0.7455;1;2.891;1;256;1.34;0.35
TEL2005633_46;MFD_SETNO46;44.6325;57.814167;274603;5;18-jul-05;21:38:11;32.532;13.148;4.1521;0.555267096774194;1;NaN;9;6.153;7;0.1635;1;0.3925;1;0.4385;1;256;0.42;0.37
TEL2005633_46;MFD_SETNO46;44.6325;57.814167;274602;25;18-jul-05;21:38:11;31.813;6.07;5.2057;0.853873548387097;1;NaN;9;NaN;9;0.3705;1;0.4995;1;1.0695;1;0;0.74;0.35
TEL2005633_46;MFD_SETNO46;44.6325;57.814167;274601;36;18-jul-05;21:38:11;31.639;6.019;5.3434;1.33007225806452;1;31.658;1;7.211;7;0.439;1;0.6045;1;1.5205;1;256;0.73;0.29
TEL2005633_47;MFD_SETNO47;44.596833;57.605833;274607;5;18-jul-05;23:26:01;31.096;15.246;4.0256;0.496196129032258;1;NaN;9;NaN;9;0.172;1;0.36;1;0.292;1;0;0.48;0.59
TEL2005633_47;MFD_SETNO47;44.596833;57.605833;274606;25;18-jul-05;23:26:01;32.737;3.09;5.3279;1.01808;1;NaN;9;NaN;9;0.7835;1;0.648;1;0.981;1;0;1.21;0.80
TEL2005633_47;MFD_SETNO47;44.596833;57.605833;274605;50;18-jul-05;23:26:01;32.192;2.658;5.392;0.419403870967742;1;NaN;9;NaN;9;1.6985;1;0.714;1;1.8485;1;0;2.38;0.92
TEL2005633_47;MFD_SETNO47;44.596833;57.605833;274604;60;18-jul-05;23:26:01;32.192;2.647;5.408;0.425310967741935;1;32.203;1;NaN;9;1.7705;1;0.7245;1;1.9695;1;0;2.44;0.90
TEL2005633_48;MFD_SETNO48;44.713333;57.262333;274614;1;19-jul-05;02:23:35;28.833;15.276;4.3349;0.419403870967742;1;NaN;9;6.057;7;0.1865;1;0.357;1;0.3;1;256;0.52;0.62
TEL2005633_48;MFD_SETNO48;44.713333;57.262333;274613;5;19-jul-05;02:23:35;31.054;15.258;4.0392;0.431218064516129;1;NaN;9;NaN;9;0.1845;1;0.3685;1;0.3285;1;0;0.50;0.56
TEL2005633_48;MFD_SETNO48;44.713333;57.262333;274612;25;19-jul-05;02:23:35;32.22;3.984;5.6282;0.935976774193549;1;NaN;9;NaN;9;0.2345;1;0.4995;1;0.512;1;0;0.47;0.46
TEL2005633_48;MFD_SETNO48;44.713333;57.262333;274611;50;19-jul-05;02:23:35;32.355;1.957;5.2743;0.472567741935484;1;NaN;9;NaN;9;4.926;1;0.8845;1;4.2675;1;0;5.57;1.15
TEL2005633_48;MFD_SETNO48;44.713333;57.262333;274610;100;19-jul-05;02:23:35;32.68;0.085;5.2448;0.123266387096774;1;NaN;9;NaN;9;5.538;1;1.0775;1;4.8655;1;0;5.14;1.14
TEL2005633_48;MFD_SETNO48;44.713333;57.262333;274609;200;19-jul-05;02:23:35;34.803;8.388;3.2405;0.0179561290322581;1;NaN;9;NaN;9;17.756;1;1.321;1;11.7525;1;0;13.44;1.51
TEL2005633_48;MFD_SETNO48;44.713333;57.262333;274608;306;19-jul-05;02:23:35;34.777;5.706;2.8718;0.0115432258064516;1;34.789;1;3.9035;7;19.2225;1;1.459;1;18.5235;1;256;13.18;1.04
TEL2005633_49;MFD_SETNO49;44.367333;57.579167;274618;5;19-jul-05;05:53:17;31.354;14.895;3.9875;0.413496774193548;1;NaN;9;6.097;7;0.1995;1;0.3235;1;0.245;1;256;0.62;0.81
TEL2005633_49;MFD_SETNO49;44.367333;57.579167;274617;25;19-jul-05;05:53:17;35.34;3.878;4.3299;1.82269161290323;1;NaN;9;NaN;9;0.337;1;0.5535;1;0.6285;1;0;0.61;0.54
TEL2005633_49;MFD_SETNO49;44.367333;57.579167;274616;50;19-jul-05;05:53:17;32.329;1.875;5.2428;0.484381935483871;1;NaN;9;NaN;9;6;1;0.9525;1;4.68;1;0;6.30;1.28
TEL2005633_49;MFD_SETNO49;44.367333;57.579167;274615;136;19-jul-05;05:53:17;34.289;6.661;3.7668;0.0185743870967742;1;34.305;1;5.0705;7;13.4025;1;1.141;1;9.526;1;256;11.75;1.41
TEL2005633_50;MFD_SETNO50;44.274333;57.764833;274626;1;19-jul-05;08:07:49;29.083;16.503;4.5754;0.378054193548387;1;NaN;9;NaN;9;0.216;1;0.255;1;0.3545;1;0;0.85;0.61
TEL2005633_50;MFD_SETNO50;44.274333;57.764833;274625;5;19-jul-05;08:07:49;31.763;16.62;3.5802;0.46666064516129;1;NaN;9;5.9005;7;0.2135;1;0.279;1;0.4225;1;256;0.77;0.51
TEL2005633_50;MFD_SETNO50;44.274333;57.764833;274624;25;19-jul-05;08:07:49;35.617;17.112;2.97;0.555267096774194;1;NaN;9;NaN;9;0.231;1;0.1735;1;1.6435;1;0;1.33;0.14
TEL2005633_50;MFD_SETNO50;44.274333;57.764833;274623;50;19-jul-05;08:07:49;34.425;12.28;4.3839;0.985238709677419;1;NaN;9;NaN;9;0.7775;1;0.408;1;1.811;1;0;1.91;0.43
TEL2005633_50;MFD_SETNO50;44.274333;57.764833;274622;100;19-jul-05;08:07:49;35.12;12.307;3.6606;0.0759861290322581;1;NaN;9;NaN;9;8.262;1;0.732;1;3.736;1;0;11.29;2.21
TEL2005633_50;MFD_SETNO50;44.274333;57.764833;274621;200;19-jul-05;08:07:49;35.382;11.175;2.634;0.00961935483870968;1;NaN;9;NaN;9;20.788;1;1.3395;1;10.7125;1;0;15.52;1.94
TEL2005633_50;MFD_SETNO50;44.274333;57.764833;274620;400;19-jul-05;08:07:49;34.915;5.096;3.8705;0.00641290322580646;1;NaN;9;NaN;9;19.0175;1;1.3245;1;12.5725;1;0;14.36;1.51
TEL2005633_50;MFD_SETNO50;44.274333;57.764833;274619;488;19-jul-05;08:07:49;34.899;4.519;4.2502;0.00577161290322581;1;34.919;1;5.7175;7;17.061;1;1.187;1;10.8545;1;256;14.37;1.57
TEL2005633_51;MFD_SETNO51;44.379;57.861667;274630;5;19-jul-05;10:19:34;31.331;15.209;4.0239;0.697037419354839;1;NaN;9;6.4595;7;0.2285;1;0.331;1;0.3265;1;256;0.69;0.70
TEL2005633_51;MFD_SETNO51;44.379;57.861667;274629;25;19-jul-05;10:19:34;33.637;6.97;4.1835;1.08376258064516;1;NaN;9;NaN;9;0.3875;1;0.3825;1;0.518;1;0;1.01;0.75
TEL2005633_51;MFD_SETNO51;44.379;57.861667;274628;50;19-jul-05;10:19:34;32.461;1.792;5.4292;0.324890322580645;1;NaN;9;NaN;9;2.9655;1;0.7065;1;2.2075;1;0;4.20;1.34
TEL2005633_51;MFD_SETNO51;44.379;57.861667;274627;99;19-jul-05;10:19:34;32.783;1.306;4.9831;0.101314838709677;1;32.786;1;6.8885;7;6.1075;1;0.9385;1;5.376;1;256;6.51;1.14
TEL2005633_52;MFD_SETNO52;44.412667;57.916167;274634;5;19-jul-05;11:46:51;31.164;15.321;4.2204;0.590709677419355;1;NaN;9;6.122;7;0.1245;1;0.249;1;0.5565;1;256;0.50;0.22
TEL2005633_52;MFD_SETNO52;44.412667;57.916167;274633;25;19-jul-05;11:46:51;35.237;5.089;4.4626;0.791550967741935;1;NaN;9;NaN;9;0.381;1;0.455;1;0.8745;1;0;0.84;0.44
TEL2005633_52;MFD_SETNO52;44.412667;57.916167;274632;50;19-jul-05;11:46:51;32.444;2.638;5.3256;0.271726451612903;1;NaN;9;NaN;9;2.9225;1;0.7305;1;3.5225;1;0;4.00;0.83
TEL2005633_52;MFD_SETNO52;44.412667;57.916167;274631;80;19-jul-05;11:46:51;32.563;2.113;5.1368;0.194186774193548;1;32.543;1;6.9895;7;4.1835;1;0.842;1;4.0655;1;256;4.97;1.03
TEL2005633_53;MFD_SETNO53;44.077;58.411;274642;1;19-jul-05;16:22:18;32.113;18.461;4.2617;0.336704516129032;1;NaN;9;NaN;9;0.1155;1;0.2125;1;1.1935;1;0;0.54;0.10
TEL2005633_53;MFD_SETNO53;44.077;58.411;274641;5;19-jul-05;16:22:18;32.709;18.445;3.6236;0.354425806451613;1;NaN;9;5.646;7;0.1325;1;0.1845;1;1.166;1;256;0.72;0.11
TEL2005633_53;MFD_SETNO53;44.077;58.411;274640;25;19-jul-05;16:22:18;36.467;10.492;3.2159;0.750201290322581;1;NaN;9;NaN;9;0.126;1;0.2745;1;1.449;1;0;0.46;0.09
TEL2005633_53;MFD_SETNO53;44.077;58.411;274639;50;19-jul-05;16:22:18;33.714;8.587;4.5717;0.28354064516129;1;NaN;9;NaN;9;4.991;1;0.7105;1;3.56;1;0;7.02;1.40
TEL2005633_53;MFD_SETNO53;44.077;58.411;274638;100;19-jul-05;16:22:18;34.586;8.945;3.9839;0.0224451612903226;1;NaN;9;NaN;9;9.3205;1;0.7945;1;5.0205;1;0;11.73;1.86
TEL2005633_53;MFD_SETNO53;44.077;58.411;274637;200;19-jul-05;16:22:18;35.067;9.312;2.8489;0.00641290322580645;1;NaN;9;NaN;9;19.6685;1;1.3485;1;11.0085;1;0;14.59;1.79
TEL2005633_53;MFD_SETNO53;44.077;58.411;274636;400;19-jul-05;16:22:18;34.998;6.16;3.4225;0.00448903225806452;1;NaN;9;NaN;9;20.8385;1;1.415;1;13.412;1;0;14.73;1.55
TEL2005633_53;MFD_SETNO53;44.077;58.411;274635;481;19-jul-05;16:22:18;34.902;4.963;3.9393;0.00513032258064516;1;34.921;1;5.312;7;17.054;1;1.251;1;11.221;1;256;13.63;1.52
TEL2005633_54;MFD_SETNO54;44.181667;58.454833;274646;5;19-jul-05;19:27:54;31.633;17.129;3.7524;0.401682580645161;1;NaN;9;5.912;7;0.1185;1;0.224;1;1.3695;1;256;0.53;0.09
TEL2005633_54;MFD_SETNO54;44.181667;58.454833;274645;25;19-jul-05;19:27:54;37.645;12.445;3.5296;0.886714838709677;1;NaN;9;NaN;9;0.32;1;0.3215;1;1.854;1;0;1.00;0.17
TEL2005633_54;MFD_SETNO54;44.181667;58.454833;274644;50;19-jul-05;19:27:54;34.381;10.748;4.2502;0.194934193548387;1;NaN;9;NaN;9;4.477;1;0.5325;1;3.018;1;0;8.41;1.48
TEL2005633_54;MFD_SETNO54;44.181667;58.454833;274643;136;19-jul-05;19:27:54;35.011;9.636;3.4298;0.0134670967741935;1;35.04;1;4.5975;7;14.9865;1;1.109;1;8.4675;1;256;13.51;1.77
TEL2005633_55;MFD_SETNO55;44.212667;58.387833;274650;5;19-jul-05;21:21:37;31.413;15.958;3.8828;0.419403870967742;1;NaN;9;5.948;7;0.1245;1;0.2845;1;0.8195;1;256;0.44;0.15
TEL2005633_55;MFD_SETNO55;44.212667;58.387833;274649;25;19-jul-05;21:21:37;36.414;14.501;3.4208;0.985238709677419;1;NaN;9;NaN;9;0.333;1;0.3225;1;1.827;1;0;1.03;0.18
TEL2005633_55;MFD_SETNO55;44.212667;58.387833;274648;50;19-jul-05;21:21:37;34.281;10.407;4.2343;0.155349419354839;1;NaN;9;NaN;9;4.356;1;0.5495;1;2.8455;1;0;7.93;1.53
TEL2005633_55;MFD_SETNO55;44.212667;58.387833;274647;201;19-jul-05;21:21:37;35.035;8.749;3.0052;0.00961935483870967;1;35.046;1;4.0405;7;19.6465;1;1.3505;1;11.53;1;256;14.55;1.70
TEL2005633_56;MFD_SETNO56;44.302333;58.489167;274654;5;19-jul-05;23:48:16;31.3;15.867;4.001;0.313076129032258;1;NaN;9;6.068;7;0.1275;1;0.271;1;0.63;1;256;0.47;0.20
TEL2005633_56;MFD_SETNO56;44.302333;58.489167;274653;25;19-jul-05;23:48:16;36.849;2.961;4.3827;0.856529032258065;1;NaN;9;NaN;9;0.93;1;0.53;1;1.2365;1;0;1.75;0.75
TEL2005633_56;MFD_SETNO56;44.302333;58.489167;274652;50;19-jul-05;23:48:16;32.714;2.109;5.0759;0.259912258064516;1;NaN;9;NaN;9;5.4145;1;0.8565;1;4.5735;1;0;6.32;1.18
TEL2005633_56;MFD_SETNO56;44.302333;58.489167;274651;55;19-jul-05;23:48:16;32.71;2.118;5.0868;0.254005161290323;1;32.73;1;6.882;7;5.567;1;0.9045;1;4.6945;1;256;6.15;1.19
TEL2005633_57;MFD_SETNO57;44.354333;58.292167;274658;5;20-jul-05;02:01:55;31.298;15.738;3.7545;0.64978064516129;1;NaN;9;6.3855;7;0.1435;1;0.297;1;0.568;1;256;0.48;0.25
TEL2005633_57;MFD_SETNO57;44.354333;58.292167;274657;25;20-jul-05;02:01:55;36.135;2.875;4.682;0.378054193548387;1;NaN;9;NaN;9;3.137;1;0.755;1;3.2835;1;0;4.15;0.96
TEL2005633_57;MFD_SETNO57;44.354333;58.292167;274656;50;20-jul-05;02:01:55;32.516;2.319;5.2231;0.230376774193548;1;NaN;9;NaN;9;3.9705;1;0.705;1;3.5865;1;0;5.63;1.11
TEL2005633_57;MFD_SETNO57;44.354333;58.292167;274655;61;20-jul-05;02:01:55;32.687;1.566;5.0366;0.151972258064516;1;32.714;1;6.9035;7;5.739;1;0.9465;1;5.043;1;256;6.06;1.14
TEL2005633_58;MFD_SETNO58;44.419667;58.283667;274662;5;20-jul-05;03:40:59;31.365;15.244;4.1357;0.706087741935484;1;NaN;9;6.4895;7;0.1415;1;0.331;1;0.564;1;256;0.43;0.25
TEL2005633_58;MFD_SETNO58;44.419667;58.283667;274661;25;20-jul-05;03:40:59;34.911;5.742;4.3379;1.08376258064516;1;NaN;9;NaN;9;0.2795;1;0.427;1;0.6945;1;0;0.65;0.40
TEL2005633_58;MFD_SETNO58;44.419667;58.283667;274660;50;20-jul-05;03:40:59;32.441;2.569;5.2508;0.318983225806452;1;NaN;9;NaN;9;3.189;1;0.7345;1;3.3105;1;0;4.34;0.96
TEL2005633_58;MFD_SETNO58;44.419667;58.283667;274659;62;20-jul-05;03:40:59;32.478;2.496;5.2369;0.295354838709677;1;32.501;1;7.1505;7;3.184;1;0.7415;1;3.357;1;256;4.29;0.95
TEL2005633_59;MFD_SETNO59;44.538833;58.356667;274666;5;20-jul-05;05:20:59;31.175;16.35;3.8958;0.472567741935484;1;NaN;9;6.196;7;0.1535;1;0.31;1;0.501;1;256;0.50;0.31
TEL2005633_59;MFD_SETNO59;44.538833;58.356667;274665;25;20-jul-05;05:20:59;34.513;6.957;4.0216;0.897878709677419;1;NaN;9;NaN;9;0.8695;1;0.507;1;1.2725;1;0;1.71;0.68
TEL2005633_59;MFD_SETNO59;44.538833;58.356667;274664;50;20-jul-05;05:20:59;32.346;2.72;5.3099;0.324890322580645;1;NaN;9;NaN;9;2.769;1;0.7135;1;3.3795;1;0;3.88;0.82
TEL2005633_59;MFD_SETNO59;44.538833;58.356667;274663;62;20-jul-05;05:20:59;32.361;2.694;5.2939;0.318983225806452;1;32.366;1;7.1635;7;2.5805;1;0.674;1;3.13;1;256;3.83;0.82
TEL2005633_60;MFD_SETNO60;44.622833;58.469333;274670;5;20-jul-05;07:19:22;30.804;16.299;3.9143;0.354425806451613;1;NaN;9;5.9565;7;0.156;1;0.3165;1;0.7685;1;256;0.49;0.20
TEL2005633_60;MFD_SETNO60;44.622833;58.469333;274669;25;20-jul-05;07:19:22;36.788;5.47;4.0858;0.738387096774194;1;NaN;9;NaN;9;0.3925;1;0.4675;1;1.149;1;0;0.84;0.34
TEL2005633_60;MFD_SETNO60;44.622833;58.469333;274668;50;20-jul-05;07:19:22;32.067;2.836;5.0673;0.372147096774194;1;NaN;9;NaN;9;2.853;1;0.8175;1;4.0845;1;0;3.49;0.70
TEL2005633_60;MFD_SETNO60;44.622833;58.469333;274667;59;20-jul-05;07:19:22;32.055;2.841;5.0733;0.431218064516129;1;32.072;1;6.937;7;2.8635;1;0.8335;1;4.1845;1;256;3.44;0.68
TEL2005633_61;MFD_SETNO61;44.778333;58.468167;274674;5;20-jul-05;09:13:51;30.687;15.736;3.978;0.378054193548387;1;NaN;9;6.023;7;0.1625;1;0.304;1;0.941;1;256;0.53;0.17
TEL2005633_61;MFD_SETNO61;44.778333;58.468167;274673;25;20-jul-05;09:13:51;35.951;4.665;4.123;0.809272258064516;1;NaN;9;NaN;9;0.2635;1;0.41;1;0.5495;1;0;0.64;0.48
TEL2005633_61;MFD_SETNO61;44.778333;58.468167;274672;50;20-jul-05;09:13:51;32.037;2.069;5.314;0.389868387096774;1;NaN;9;NaN;9;4.081;1;0.8265;1;2.764;1;0;4.94;1.48
TEL2005633_61;MFD_SETNO61;44.778333;58.468167;274671;84;20-jul-05;09:13:51;32.439;1.753;4.57;0.0861176129032258;1;32.452;1;6.36;7;8.1435;1;0.937;1;7.038;1;256;8.69;1.16
TEL2005633_62;MFD_SETNO62;44.770167;58.733667;274678;5;20-jul-05;11:23:50;30.391;15.86;3.8542;0.354425806451613;1;NaN;9;6.03;7;0.1755;1;0.2945;1;0.9525;1;256;0.60;0.18
TEL2005633_62;MFD_SETNO62;44.770167;58.733667;274677;25;20-jul-05;11:23:50;34.697;6.04;4.0302;1.21512774193548;1;NaN;9;NaN;9;0.247;1;0.4365;1;0.522;1;0;0.57;0.47
TEL2005633_62;MFD_SETNO62;44.770167;58.733667;274676;50;20-jul-05;11:23:50;31.981;1.757;5.3435;0.19587535483871;1;NaN;9;NaN;9;4.7145;1;0.876;1;3.4165;1;0;5.38;1.38
TEL2005633_62;MFD_SETNO62;44.770167;58.733667;274675;205;20-jul-05;11:23:50;32.899;2.354;4.2115;0.0354601935483871;1;32.917;1;5.7865;7;11.0965;1;1.144;1;11.845;1;256;9.70;0.94
TEL2005633_63;MFD_SETNO63;44.707333;58.810667;274682;5;20-jul-05;13:39:17;30.563;15.847;3.9292;0.443032258064516;1;NaN;9;6.177;7;0.1815;1;0.3215;1;0.936;1;256;0.56;0.19
TEL2005633_63;MFD_SETNO63;44.707333;58.810667;274681;25;20-jul-05;13:39:17;32.483;5.599;5.1021;0.837452903225807;1;NaN;9;NaN;9;0.3775;1;0.422;1;0.5875;1;0;0.89;0.64
TEL2005633_63;MFD_SETNO63;44.707333;58.810667;274680;50;20-jul-05;13:39:17;31.968;1.879;5.4493;0.211072580645161;1;NaN;9;NaN;9;5.935;1;0.8925;1;4.8055;1;0;6.65;1.24
TEL2005633_63;MFD_SETNO63;44.707333;58.810667;274679;85;20-jul-05;13:39:17;32.435;1.768;4.6219;0.0607889032258064;1;32.459;1;6.4005;7;8.93;1;1.049;1;8.0665;1;256;8.51;1.11
TEL2005633_65;MFD_SETNO65;45.191833;59.082333;274686;5;20-jul-05;19:11:12;30.375;14.834;3.9701;0.46666064516129;1;NaN;9;NaN;9;0.1995;1;0.3195;1;1.4005;1;0;0.62;0.14
TEL2005633_65;MFD_SETNO65;45.191833;59.082333;274685;25;20-jul-05;19:11:12;35.131;6.935;4.2037;0.324890322580645;1;NaN;9;6.1175;7;0.693;1;0.517;1;1.7715;1;256;1.34;0.39
TEL2005633_65;MFD_SETNO65;45.191833;59.082333;274684;50;20-jul-05;19:11:12;31.883;3.316;5.5919;0.230376774193548;1;NaN;9;NaN;9;1.6355;1;0.606;1;2.111;1;0;2.70;0.77
TEL2005633_65;MFD_SETNO65;45.191833;59.082333;274683;132;20-jul-05;19:11:12;32.746;1.988;4.154;0.0709203870967742;1;32.775;1;5.743;7;11.019;1;1.258;1;15.8735;1;256;8.76;0.69
TEL2005633_66;MFD_SETNO66;44.984;59.175667;274690;5;20-jul-05;22:36:12;30.33;15.885;3.7447;0.248098064516129;1;NaN;9;6.071;7;0.2265;1;0.275;1;0.9765;1;256;0.82;0.23
TEL2005633_66;MFD_SETNO66;44.984;59.175667;274689;25;20-jul-05;22:36:12;31.897;3.402;5.5813;0.771770322580645;1;NaN;9;NaN;9;1.0555;1;0.5615;1;1.9425;1;0;1.88;0.54
TEL2005633_66;MFD_SETNO66;44.984;59.175667;274688;50;20-jul-05;22:36:12;32.019;1.429;5.2406;0.185743870967742;1;NaN;9;NaN;9;5.1105;1;0.869;1;5.3685;1;0;5.88;0.95
TEL2005633_66;MFD_SETNO66;44.984;59.175667;274687;79;20-jul-05;22:36:12;32.154;1.462;4.8821;0.0996262580645162;1;32.197;1;3.3565;7;7.0375;1;0.9785;1;7.6795;1;256;7.19;0.92
TEL2005633_67;MFD_SETNO67;44.835333;59.365833;274694;5;21-jul-05;01:34:03;30.555;15.78;3.8153;0.354425806451613;1;NaN;9;5.9385;7;0.2245;1;0.294;1;0.8805;1;256;0.76;0.25
TEL2005633_67;MFD_SETNO67;44.835333;59.365833;274693;25;21-jul-05;01:34:03;31.658;4.748;5.5639;0.443032258064516;1;NaN;9;NaN;9;0.4025;1;0.485;1;0.976;1;0;0.83;0.41
TEL2005633_67;MFD_SETNO67;44.835333;59.365833;274692;50;21-jul-05;01:34:03;32.133;1.499;4.9509;0.0692318064516129;1;NaN;9;NaN;9;6.983;1;1.0075;1;7.19;1;0;6.93;0.97
TEL2005633_67;MFD_SETNO67;44.835333;59.365833;274691;213;21-jul-05;01:34:03;32.52;1.886;4.4885;0.0256516129032258;1;32.543;1;6.09;7;10.3495;1;1.1535;1;10.4965;1;256;8.97;0.99
TEL2005633_74;MFD_SETNO74;44.558167;60.317333;274722;5;21-jul-05;07:06:10;30.519;15.898;3.8135;0.259912258064516;1;NaN;9;5.9715;7;NaN;9;NaN;9;NaN;9;256;NaN;NaN
TEL2005633_74;MFD_SETNO74;44.558167;60.317333;274721;25;21-jul-05;07:06:10;33.648;8.081;4.1081;0.378054193548387;1;NaN;9;NaN;9;NaN;9;NaN;9;NaN;9;0;NaN;NaN
TEL2005633_74;MFD_SETNO74;44.558167;60.317333;274720;50;21-jul-05;07:06:10;31.816;2.688;5.4632;0.401682580645161;1;NaN;9;NaN;9;NaN;9;NaN;9;NaN;9;0;NaN;NaN
TEL2005633_74;MFD_SETNO74;44.558167;60.317333;274719;65;21-jul-05;07:06:10;31.864;2.611;5.1923;0.383961290322581;1;31.874;1;7.041;7;NaN;9;NaN;9;NaN;9;256;NaN;NaN
TEL2005633_73;MFD_SETNO73;44.390167;60.583167;274718;5;21-jul-05;08:56:10;30.747;15.836;3.78;0.202629677419355;1;NaN;9;6.0275;7;NaN;9;NaN;9;NaN;9;256;NaN;NaN
TEL2005633_73;MFD_SETNO73;44.390167;60.583167;274717;25;21-jul-05;08:56:10;32.857;3.985;5.2984;0.785643870967742;1;NaN;9;NaN;9;NaN;9;NaN;9;NaN;9;0;NaN;NaN
TEL2005633_73;MFD_SETNO73;44.390167;60.583167;274716;50;21-jul-05;08:56:10;32.219;2.713;5.0324;0.324890322580645;1;NaN;9;NaN;9;NaN;9;NaN;9;NaN;9;0;NaN;NaN
TEL2005633_73;MFD_SETNO73;44.390167;60.583167;274715;52;21-jul-05;08:56:10;32.267;2.763;4.9198;0.378054193548387;1;32.203;1;6.7355;7;NaN;9;NaN;9;NaN;9;256;NaN;NaN
TEL2005633_72;MFD_SETNO72;44.312667;60.880333;274714;5;21-jul-05;10:30:27;31.745;14.731;3.9407;0.336704516129032;1;NaN;9;6.295;7;0;1;0.259;1;0.359;1;256;0.00;0.00
TEL2005633_72;MFD_SETNO72;44.312667;60.880333;274713;25;21-jul-05;10:30:27;33.317;8.04;4.0291;0.903135483870968;1;NaN;9;NaN;9;0;1;0.3775;1;0.3875;1;0;0.00;0.00
TEL2005633_72;MFD_SETNO72;44.312667;60.880333;274712;50;21-jul-05;10:30:27;32.423;5.728;4.9953;0.360332903225806;1;NaN;9;NaN;9;4.4535;1;0.817;1;4.4085;1;0;5.45;1.01
TEL2005633_72;MFD_SETNO72;44.312667;60.880333;274711;128;21-jul-05;10:30:27;33.244;3.808;4.0947;0.165398709677419;1;33.225;1;5.5725;7;9.1075;1;1.02;1;10.457;1;256;8.93;0.87
TEL2005633_71;MFD_SETNO71;44.475333;60.6875;274710;5;21-jul-05;12:13:43;30.93;15.529;4.0843;0.211072580645161;1;NaN;9;6.0615;7;0.0275;1;0.2245;1;0.8295;1;256;0.12;0.03
TEL2005633_71;MFD_SETNO71;44.475333;60.6875;274709;25;21-jul-05;12:13:43;36.599;3.783;4.3772;0.46666064516129;1;NaN;9;NaN;9;3.0125;1;0.621;1;3.1335;1;0;4.85;0.96
TEL2005633_71;MFD_SETNO71;44.475333;60.6875;274708;50;21-jul-05;12:13:43;32.057;2.951;5.0812;0.330797419354839;1;NaN;9;NaN;9;4.04;1;0.705;1;4.1455;1;0;5.73;0.97
TEL2005633_71;MFD_SETNO71;44.475333;60.6875;274707;55;21-jul-05;12:13:43;32.073;2.934;5.0679;0.336704516129032;1;32.082;1;6.893;7;4.294;1;0.7715;1;4.3435;1;256;5.57;0.99
TEL2005633_70;MFD_SETNO70;44.556;60.749167;274706;5;21-jul-05;13:09:28;30.92;15.506;4.039;0.167169483870968;1;NaN;9;5.908;7;0;1;0.234;1;0.77;1;256;0.00;0.00
TEL2005633_70;MFD_SETNO70;44.556;60.749167;274705;25;21-jul-05;13:09:28;31.861;4.922;5.3424;0.419403870967742;1;NaN;9;NaN;9;1.5785;1;0.4825;1;2.1425;1;0;3.27;0.74
TEL2005633_70;MFD_SETNO70;44.556;60.749167;274704;50;21-jul-05;13:09:28;32.002;2.991;5.0091;0.277633548387097;1;NaN;9;NaN;9;4.872;1;0.8425;1;5.5395;1;0;5.78;0.88
TEL2005633_70;MFD_SETNO70;44.556;60.749167;274703;59;21-jul-05;13:09:28;32.041;2.916;4.9693;0.248098064516129;1;32.042;1;6.7335;7;4.1835;1;0.745;1;4.7315;1;256;5.62;0.88
TEL2005633_69;MFD_SETNO69;44.713;60.7775;274702;5;21-jul-05;14:47:11;30.978;15.352;3.875;0.342611612903226;1;NaN;9;6.7825;7;0;1;0.294;1;0.998;1;256;0.00;0.00
TEL2005633_69;MFD_SETNO69;44.713;60.7775;274701;25;21-jul-05;14:47:11;31.512;5.631;5.3235;0.372147096774194;1;NaN;9;NaN;9;0.7095;1;0.4355;1;1.648;1;0;1.63;0.43
TEL2005633_69;MFD_SETNO69;44.713;60.7775;274700;50;21-jul-05;14:47:11;32.032;2.804;4.9734;0.150283677419355;1;NaN;9;NaN;9;4.6165;1;0.7015;1;5.3915;1;0;6.58;0.86
TEL2005633_69;MFD_SETNO69;44.713;60.7775;274699;99;21-jul-05;14:47:11;32.386;1.721;4.4849;0.0371487741935484;1;32.398;1;6.1815;7;9.838;1;1.163;1;10.3425;1;256;8.46;0.95
TEL2005633_68;MFD_SETNO68;44.902167;60.2595;274698;5;21-jul-05;20:07:45;30.768;15.876;3.962;0.258352838709677;1;NaN;9;6.1325;7;0;1;0.2545;1;0.8665;1;256;0.00;0.00
TEL2005633_68;MFD_SETNO68;44.902167;60.2595;274697;25;21-jul-05;20:07:45;34.51;8.002;4.0181;0.767922580645161;1;NaN;9;NaN;9;0.181;1;0.3055;1;0.967;1;0;0.59;0.19
TEL2005633_68;MFD_SETNO68;44.902167;60.2595;274696;50;21-jul-05;20:07:45;32.268;2.141;4.9233;0.259912258064516;1;NaN;9;NaN;9;6.8225;1;0.9955;1;5.8415;1;0;6.85;1.17
TEL2005633_68;MFD_SETNO68;44.902167;60.2595;274695;186;21-jul-05;20:07:45;32.719;2.274;4.3544;0.0153909677419355;1;32.722;1;5.966;7;9.7615;1;0.9375;1;10.2515;1;256;10.41;0.95
TEL2005633_75;MFD_SETNO75;44.429;60.384667;274725;5;22-jul-05;10:44:06;30.979;16.4;3.8191;0.324890322580645;1;NaN;9;6.267;7;0.0725;1;0.3005;1;1.509;1;256;0.24;0.05
TEL2005633_75;MFD_SETNO75;44.429;60.384667;274724;25;22-jul-05;10:44:06;31.909;5.11;5.2167;0.54936;1;NaN;9;NaN;9;0.8055;1;0.45;1;1.3945;1;0;1.79;0.58
TEL2005633_75;MFD_SETNO75;44.429;60.384667;274723;46;22-jul-05;10:44:06;31.484;5.127;5.4751;0.838807741935484;1;31.331;7;7.1535;7;0.94;1;0.5045;1;1.6055;1;256;1.86;0.59
TEL2005633_76;MFD_SETNO76;44.345167;60.3285;274729;5;22-jul-05;12:07:17;30.541;16.768;3.7573;0.295354838709677;1;NaN;9;5.773;7;0;1;0.2335;1;1.0335;1;256;0.00;0.00
TEL2005633_76;MFD_SETNO76;44.345167;60.3285;274728;25;22-jul-05;12:07:17;36.548;4.6;4.2355;0.702944516129032;1;NaN;9;NaN;9;1.9765;1;0.6355;1;2.5175;1;0;3.11;0.79
TEL2005633_76;MFD_SETNO76;44.345167;60.3285;274727;50;22-jul-05;12:07:17;32.217;2.278;4.8867;0.383961290322581;1;NaN;9;NaN;9;4.4295;1;0.7125;1;4.265;1;0;6.22;1.04
TEL2005633_76;MFD_SETNO76;44.345167;60.3285;274726;55;22-jul-05;12:07:17;32.295;2.092;4.7329;0.348518709677419;1;32.085;7;6.561;7;5.9905;1;0.87;1;5.7245;1;256;6.89;1.05
TEL2005633_77;MFD_SETNO77;44.266833;60.388833;274733;5;22-jul-05;13:52:25;31.413;13.912;4.1226;0.301261935483871;1;NaN;9;5.816;7;0;1;0.2545;1;0.9375;1;256;0.00;0.00
TEL2005633_77;MFD_SETNO77;44.266833;60.388833;274732;25;22-jul-05;13:52:25;32.993;7.126;4.1788;1.14944516129032;1;NaN;9;NaN;9;0.063;1;0.319;1;0.9005;1;0;0.20;0.07
TEL2005633_77;MFD_SETNO77;44.266833;60.388833;274731;50;22-jul-05;13:52:25;32.483;4.141;5.3021;1.00165935483871;1;NaN;9;NaN;9;1.8675;1;0.4455;1;2.24;1;0;4.19;0.83
TEL2005633_77;MFD_SETNO77;44.266833;60.388833;274730;157;22-jul-05;13:52:25;33.961;5.658;3.9209;0.0506574193548387;1;33.982;1;5.1805;7;12.7525;1;1.1595;1;12.36;1;256;11.00;1.03
TEL2005633_78;MFD_SETNO78;44.125667;60.5255;274737;5;22-jul-05;16:06:15;30.99;16.717;3.776;0.383961290322581;1;NaN;9;6.149;7;0.012;1;0.27;1;0.7345;1;256;0.04;0.02
TEL2005633_78;MFD_SETNO78;44.125667;60.5255;274736;25;22-jul-05;16:06:15;35.16;5.891;4.2014;1.24796903225806;1;NaN;9;NaN;9;1.1905;1;0.584;1;2.636;1;0;2.04;0.45
TEL2005633_78;MFD_SETNO78;44.125667;60.5255;274735;50;22-jul-05;16:06:15;32.953;4.095;4.5967;0.324890322580645;1;NaN;9;NaN;9;7.2455;1;0.8675;1;7.4915;1;0;8.35;0.97
TEL2005633_78;MFD_SETNO78;44.125667;60.5255;274734;62;22-jul-05;16:06:15;32.942;4.042;4.5404;0.383961290322581;1;32.955;1;6.0245;7;6.975;1;0.9;1;7.206;1;256;7.75;0.97
TEL2005633_79;MFD_SETNO79;44.068;60.439333;274740;5;22-jul-05;17:32:46;31.346;15.916;3.8201;0.502103225806452;1;NaN;9;6.1195;7;0.179;1;0.329;1;1.198;1;256;0.54;0.15
TEL2005633_79;MFD_SETNO79;44.068;60.439333;274739;25;22-jul-05;17:32:46;33.971;5.921;4.3027;0.985238709677419;1;NaN;9;NaN;9;2.8215;1;0.615;1;3.82;1;0;4.59;0.74
TEL2005633_79;MFD_SETNO79;44.068;60.439333;274738;42;22-jul-05;17:32:46;32.574;4.562;4.8144;0.951042580645161;1;32.585;1;6.3995;7;4.1895;1;0.7265;1;4.7985;1;256;5.77;0.87
TEL2005633_80;MFD_SETNO80;44.094667;59.893;274744;5;22-jul-05;20:35:40;31.416;18.28;3.4885;0.762015483870968;1;NaN;9;6.384;7;0.044;1;0.3535;1;0.7495;1;256;0.12;0.06
TEL2005633_80;MFD_SETNO80;44.094667;59.893;274743;25;22-jul-05;20:35:40;33.593;8.742;4.1417;2.29889032258065;1;NaN;9;NaN;9;1.5115;1;0.5445;1;2.1505;1;0;2.78;0.70
TEL2005633_80;MFD_SETNO80;44.094667;59.893;274742;50;22-jul-05;20:35:40;32.689;3.496;4.6941;0.200841290322581;1;NaN;9;NaN;9;6.3365;1;0.879;1;6.9185;1;0;7.21;0.92
TEL2005633_80;MFD_SETNO80;44.094667;59.893;274741;66;22-jul-05;20:35:40;32.902;3.607;4.384;0.138463612903226;1;32.926;1;5.7935;7;9.147;1;1.1115;1;10.1315;1;256;8.23;0.90
TEL2005633_81;MFD_SETNO81;44.193167;59.714167;274748;5;22-jul-05;23:19:27;31.354;18.005;3.5;0.22289264516129;1;NaN;9;6.0325;7;0;1;0.2955;1;0.631;1;256;0.00;0.00
TEL2005633_81;MFD_SETNO81;44.193167;59.714167;274747;25;22-jul-05;23:19:27;34.661;8.859;3.7762;0.9156;1;NaN;9;NaN;9;0.0345;1;0.2985;1;1.19;1;0;0.12;0.03
TEL2005633_81;MFD_SETNO81;44.193167;59.714167;274746;50;22-jul-05;23:19:27;33.076;5.683;4.8952;0.324890322580645;1;NaN;9;NaN;9;2.4505;1;0.558;1;3.3365;1;0;4.39;0.73
TEL2005633_81;MFD_SETNO81;44.193167;59.714167;274745;141;22-jul-05;23:19:27;34.308;6.257;3.7775;0.0320830322580645;1;34.31;1;5.014;7;12.5125;1;1.1075;1;12.3155;1;256;11.30;1.02
TEL2005633_82;MFD_SETNO82;44.162833;59.268667;274752;5;23-jul-05;02:18:57;31.441;17.594;3.5015;0.259912258064516;1;NaN;9;5.809;7;0;1;0.2975;1;0.591;1;256;0.00;0.00
TEL2005633_82;MFD_SETNO82;44.162833;59.268667;274751;25;23-jul-05;02:18:57;35.338;6.934;4.3404;1.74058838709677;1;NaN;9;NaN;9;0.1735;1;0.406;1;0.741;1;0;0.43;0.23
TEL2005633_82;MFD_SETNO82;44.162833;59.268667;274750;50;23-jul-05;02:18:57;32.551;4.116;4.9153;0.336704516129032;1;NaN;9;NaN;9;2.7005;1;0.599;1;3.323;1;0;4.51;0.81
TEL2005633_82;MFD_SETNO82;44.162833;59.268667;274749;263;23-jul-05;02:18:57;34.63;6.48;3.941;0.0270172903225806;1;34.652;1;5.2215;7;14.5395;1;1.1255;1;10.3935;1;256;12.92;1.40
TEL2005633_83;MFD_SETNO83;44.3095;59.030167;274756;5;23-jul-05;05:11:41;33.052;16.124;3.9515;0.236283870967742;1;NaN;9;5.9445;7;0.0305;1;0.209;1;0.9535;1;256;0.15;0.03
TEL2005633_83;MFD_SETNO83;44.3095;59.030167;274755;25;23-jul-05;05:11:41;34.43;8.764;3.8376;0.63205935483871;1;NaN;9;NaN;9;1.331;1;0.418;1;2.076;1;0;3.18;0.64
TEL2005633_83;MFD_SETNO83;44.3095;59.030167;274754;50;23-jul-05;05:11:41;33.028;4.493;5.0279;0.443032258064516;1;NaN;9;NaN;9;2.9845;1;0.5845;1;3.1045;1;0;5.11;0.96
TEL2005633_83;MFD_SETNO83;44.3095;59.030167;274753;168;23-jul-05;05:11:41;34.633;7.077;3.7708;0.0270172903225806;1;34.648;1;4.996;7;15.295;1;1.15;1;10.695;1;256;13.30;1.43
TEL2005633_84;MFD_SETNO84;44.348333;59.158667;274760;5;23-jul-05;07:19:06;32.442;16.037;3.8632;0.318983225806452;1;NaN;9;6.011;7;0.193;1;0.246;1;1.0245;1;256;0.78;0.19
TEL2005633_84;MFD_SETNO84;44.348333;59.158667;274759;25;23-jul-05;07:19:06;36.167;5.621;4.0521;0.443032258064516;1;NaN;9;NaN;9;2.9975;1;0.62;1;3.139;1;0;4.83;0.95
TEL2005633_84;MFD_SETNO84;44.348333;59.158667;274758;50;23-jul-05;07:19:06;33.04;5.13;4.9892;0.395775483870968;1;NaN;9;NaN;9;3.493;1;0.623;1;3.527;1;0;5.61;0.99
TEL2005633_84;MFD_SETNO84;44.348333;59.158667;274757;179;23-jul-05;07:19:06;34.594;7.016;3.7441;0.0337716129032258;1;34.631;1;4.9665;7;14.074;1;1.124;1;11.435;1;256;12.52;1.23
TEL2005633_85;MFD_SETNO85;44.388833;59.272167;274764;5;23-jul-05;09:14:38;31.465;16.107;3.9933;0.372147096774193;1;NaN;9;5.8565;7;0.0035;1;0.2515;1;0.4385;1;256;0.01;0.01
TEL2005633_85;MFD_SETNO85;44.388833;59.272167;274763;25;23-jul-05;09:14:38;35.414;7.746;3.9227;0.779736774193548;1;NaN;9;NaN;9;1.741;1;0.514;1;2.34;1;0;3.39;0.74
TEL2005633_85;MFD_SETNO85;44.388833;59.272167;274762;50;23-jul-05;09:14:38;32.943;4.427;5.0961;0.301261935483871;1;NaN;9;NaN;9;4.628;1;0.6875;1;4.095;1;0;6.73;1.13
TEL2005633_85;MFD_SETNO85;44.388833;59.272167;274761;179;23-jul-05;09:14:38;34.612;7.157;3.8423;0.0270172903225806;1;34.624;1;5.0695;7;13.0045;1;1.0395;1;9.9405;1;256;12.51;1.31
TEL2005633_86;MFD_SETNO86;44.447833;59.264167;274768;5;23-jul-05;10:56:56;31.214;17.103;3.5792;0.431218064516129;1;NaN;9;6.1715;7;0.019;1;0.2755;1;0.461;1;256;0.07;0.04
TEL2005633_86;MFD_SETNO86;44.447833;59.264167;274767;25;23-jul-05;10:56:56;35.233;4.561;4.2526;0.590709677419355;1;NaN;9;NaN;9;2.9805;1;0.654;1;3.184;1;0;4.56;0.94
TEL2005633_86;MFD_SETNO86;44.447833;59.264167;274766;50;23-jul-05;10:56:56;33.078;4.24;4.8863;0.194934193548387;1;NaN;9;NaN;9;5.801;1;0.7415;1;4.7755;1;0;7.82;1.21
TEL2005633_86;MFD_SETNO86;44.447833;59.264167;274765;72;23-jul-05;10:56:56;33.425;5.015;4.5632;0.165398709677419;1;33.452;1;6.046;7;7.371;1;0.845;1;5.994;1;256;8.72;1.23
TEL2005633_87;MFD_SETNO87;44.519833;58.995333;274772;5;23-jul-05;13:02:11;31.126;16.978;3.6551;0.555267096774194;1;NaN;9;6.471;7;0.089;1;0.2985;1;0.619;1;256;0.30;0.14
TEL2005633_87;MFD_SETNO87;44.519833;58.995333;274771;25;23-jul-05;13:02:11;35.074;3.69;4.2358;0.584802580645161;1;NaN;9;NaN;9;3.2265;1;0.7125;1;4.215;1;0;4.53;0.77
TEL2005633_87;MFD_SETNO87;44.519833;58.995333;274770;50;23-jul-05;13:02:11;32.268;3.473;5.053;0.372147096774194;1;NaN;9;NaN;9;3.2905;1;0.6785;1;3.9595;1;0;4.85;0.83
TEL2005633_87;MFD_SETNO87;44.519833;58.995333;274769;53;23-jul-05;13:02:11;32.271;3.476;5.0365;0.413496774193548;1;32.266;1;6.767;7;3.6775;1;0.7595;1;4.5805;1;256;4.84;0.80
TEL2005633_88;MFD_SETNO88;44.353833;58.812;274776;5;23-jul-05;15:01:50;31.198;17.724;3.652;0.407589677419355;1;NaN;9;5.861;7;0.0045;1;0.2495;1;0.356;1;256;0.02;0.01
TEL2005633_88;MFD_SETNO88;44.353833;58.812;274775;25;23-jul-05;15:01:50;36.52;5.938;4.0753;0.773829677419355;1;NaN;9;NaN;9;0.522;1;0.4495;1;1.358;1;0;1.16;0.38
TEL2005633_88;MFD_SETNO88;44.353833;58.812;274774;50;23-jul-05;15:01:50;32.369;3.141;5.0766;0.324890322580645;1;NaN;9;NaN;9;4.033;1;0.7535;1;4.497;1;0;5.35;0.90
TEL2005633_88;MFD_SETNO88;44.353833;58.812;274773;70;23-jul-05;15:01:50;32.946;4.647;4.9515;0.313076129032258;1;32.927;1;6.5595;7;4.6805;1;0.7405;1;4.3045;1;256;6.32;1.09
TEL2005633_89;MFD_SETNO89;44.1895;58.774;274780;5;23-jul-05;17:03:13;31.252;16.797;3.7092;0.330797419354839;1;NaN;9;6.064;7;0.005;1;0.248;1;0.395;1;256;0.02;0.01
TEL2005633_89;MFD_SETNO89;44.1895;58.774;274779;25;23-jul-05;17:03:13;35.454;10.457;3.8423;0.9156;1;NaN;9;NaN;9;0.26;1;0.3755;1;0.713;1;0;0.69;0.36
TEL2005633_89;MFD_SETNO89;44.1895;58.774;274778;50;23-jul-05;17:03:13;32.68;2.697;5.1748;0.401682580645161;1;NaN;9;NaN;9;4.1195;1;0.7465;1;3.8305;1;0;5.52;1.08
TEL2005633_89;MFD_SETNO89;44.1895;58.774;274777;65;23-jul-05;17:03:13;33.007;4.024;5.018;0.330797419354839;1;33.009;1;6.706;7;4.078;1;0.7295;1;3.9975;1;256;5.59;1.02
TEL2005633_90;MFD_SETNO90;44.1195;58.421333;274784;5;23-jul-05;18:58:42;32.123;19.282;3.3719;0.313076129032258;1;NaN;9;5.5915;7;0.016;1;0.216;1;0.7365;1;256;0.07;0.02
TEL2005633_90;MFD_SETNO90;44.1195;58.421333;274783;25;23-jul-05;18:58:42;36.556;11.325;3.2661;0.567081290322581;1;NaN;9;NaN;9;0.022;1;0.2965;1;1.207;1;0;0.07;0.02
TEL2005633_90;MFD_SETNO90;44.1195;58.421333;274782;50;23-jul-05;18:58:42;33.877;9.368;4.4055;0.437125161290323;1;NaN;9;NaN;9;2.239;1;0.4725;1;2.379;1;0;4.74;0.94
TEL2005633_90;MFD_SETNO90;44.1195;58.421333;274781;425;23-jul-05;18:58:42;34.921;5.176;3.8324;0.0128258064516129;1;34.94;1;5.0915;7;19.9785;1;1.317;1;12.9545;1;256;15.17;1.54
TEL2005633_91;MFD_SETNO91;44.0425;58.472667;274788;5;23-jul-05;20:52:57;32.57;19.541;3.8531;0.243155612903226;1;NaN;9;5.7045;7;0.03;1;0.248;1;1.095;1;256;0.12;0.03
TEL2005633_91;MFD_SETNO91;44.0425;58.472667;274787;25;23-jul-05;20:52:57;35.442;11.819;3.6577;0.525731612903226;1;NaN;9;NaN;9;0.072;1;0.304;1;1.534;1;0;0.24;0.05
TEL2005633_91;MFD_SETNO91;44.0425;58.472667;274786;50;23-jul-05;20:52:57;33.906;8.679;4.3604;0.141840774193548;1;NaN;9;NaN;9;5.371;1;0.62;1;3.4845;1;0;8.66;1.54
TEL2005633_91;MFD_SETNO91;44.0425;58.472667;274785;307;23-jul-05;20:52:57;34.97;7.214;2.9597;0.0243690322580645;1;34.993;1;3.938;1;22.4335;1;1.438;1;13.952;1;0;15.60;1.61
TEL2005633_92;MFD_SETNO92;43.960167;58.7065;274792;5;23-jul-05;23:28:47;32.583;19.688;3.4047;0.330797419354839;1;NaN;9;5.594;7;0.024;1;0.206;1;0.911;1;256;0.12;0.03
TEL2005633_92;MFD_SETNO92;43.960167;58.7065;274791;25;23-jul-05;23:28:47;36.679;8.776;3.6547;0.853873548387097;1;NaN;9;NaN;9;0.0375;1;0.294;1;1.35;1;0;0.13;0.03
TEL2005633_92;MFD_SETNO92;43.960167;58.7065;274790;50;23-jul-05;23:28:47;34.044;8.441;4.2565;0.413496774193548;1;NaN;9;NaN;9;5.234;1;0.559;1;3.2305;1;0;9.36;1.62
TEL2005633_92;MFD_SETNO92;43.960167;58.7065;274789;188;23-jul-05;23:28:47;35.01;8.546;2.815;0.0153909677419355;1;35.049;1;3.7355;1;21.5175;1;1.3895;1;12.755;1;0;15.49;1.69
TEL2005633_95;MFD_SETNO95;43.894;59.2805;274796;5;24-jul-05;03:02:20;32.918;13.695;4.0593;1.92121548387097;1;NaN;9;6.7385;7;0.2775;1;0.4075;1;0.502;1;256;0.68;0.55
TEL2005633_95;MFD_SETNO95;43.894;59.2805;274795;25;24-jul-05;03:02:20;33.683;5.549;4.148;0.673246451612903;1;NaN;9;NaN;9;3.755;1;0.697;1;4.133;1;0;5.39;0.91
TEL2005633_95;MFD_SETNO95;43.894;59.2805;274794;50;24-jul-05;03:02:20;32.982;4.405;4.5369;0.177300967741936;1;NaN;9;NaN;9;7.5785;1;0.892;1;7.368;1;0;8.50;1.03
TEL2005633_95;MFD_SETNO95;43.894;59.2805;274793;60;24-jul-05;03:02:20;33.034;4.435;4.4569;0.148595096774194;1;33.039;1;5.969;7;8.157;1;0.8845;1;7.7615;1;256;9.22;1.05
TEL2005633_96;MFD_SETNO96;43.938833;59.315333;274799;5;24-jul-05;03:47:59;32.294;12.233;4.3988;2.33173161290323;1;NaN;9;6.854;7;0.1415;1;0.363;1;0.301;1;256;0.39;0.47
TEL2005633_96;MFD_SETNO96;43.938833;59.315333;274798;25;24-jul-05;03:47:59;33.172;6.429;4.3859;1.33007225806452;1;NaN;9;NaN;9;2.7455;1;0.647;1;2.97;1;0;4.24;0.92
TEL2005633_96;MFD_SETNO96;43.938833;59.315333;274797;48;24-jul-05;03:47:59;32.393;5.959;4.9342;1.13302451612903;1;32.404;1;6.6335;7;3.0555;1;0.6505;1;3.275;1;256;4.70;0.93
TEL2005633_97;MFD_SETNO97;43.731833;59.284167;274803;5;24-jul-05;10:50:35;32.101;18.336;3.5625;0.28354064516129;1;NaN;9;5.699;7;0.044;1;0.228;1;0.989;1;256;0.19;0.04
TEL2005633_97;MFD_SETNO97;43.731833;59.284167;274802;25;24-jul-05;10:50:35;34.996;14.109;3.459;0.614338064516129;1;NaN;9;NaN;9;0.436;1;0.2755;1;1.84;1;0;1.58;0.24
TEL2005633_97;MFD_SETNO97;43.731833;59.284167;274801;50;24-jul-05;10:50:35;33.811;7.751;4.4605;0.103003419354839;1;NaN;9;NaN;9;6.6245;1;0.7195;1;4.767;1;0;9.21;1.39
TEL2005633_97;MFD_SETNO97;43.731833;59.284167;274800;118;24-jul-05;10:50:35;34.692;9.279;3.7905;0.0294993548387097;1;34.715;1;5.0245;7;11.82;1;0.8935;1;6.7735;1;256;13.23;1.75
TEL2005633_98;MFD_SETNO98;43.7805;59.571833;274807;5;24-jul-05;12:56:59;31.819;15.334;4.0747;0.472567741935484;1;NaN;9;6.4645;7;0.0355;1;0.251;1;0.387;1;256;0.14;0.09
TEL2005633_98;MFD_SETNO98;43.7805;59.571833;274806;25;24-jul-05;12:56:59;34.455;6.511;4.3188;1.52712;1;NaN;9;NaN;9;0.7085;1;0.441;1;1.382;1;0;1.61;0.51
TEL2005633_98;MFD_SETNO98;43.7805;59.571833;274805;50;24-jul-05;12:56:59;32.592;4.489;4.8574;0.413496774193548;1;NaN;9;NaN;9;5.3095;1;0.8205;1;5.496;1;0;6.47;0.97
TEL2005633_98;MFD_SETNO98;43.7805;59.571833;274804;65;24-jul-05;12:56:59;32.848;4.341;4.6644;0.330797419354839;1;32.756;7;6.2895;7;5.7225;1;0.824;1;5.8825;1;256;6.94;0.97
TEL2005633_99;MFD_SETNO99;43.798833;59.883167;274810;5;24-jul-05;14:59:51;31.755;13.645;4.1133;0.73248;1;NaN;9;6.471;7;0.0415;1;0.2735;1;0.152;1;256;0.15;0.27
TEL2005633_99;MFD_SETNO99;43.798833;59.883167;274809;25;24-jul-05;14:59:51;33.291;8.394;4.3146;1.93763612903226;1;NaN;9;NaN;9;0.961;1;0.4695;1;1.0525;1;0;2.05;0.91
TEL2005633_99;MFD_SETNO99;43.798833;59.883167;274808;53;24-jul-05;14:59:51;32.538;4.658;4.8263;0.643873548387097;1;32.501;1;6.444;7;3.756;1;0.7575;1;4.9115;1;256;4.96;0.76
TEL2005633_100;MFD_SETNO100;43.451167;60.173833;274814;5;24-jul-05;18:05:33;31.999;17.9;3.6035;0.217826903225807;1;NaN;9;5.832;7;0.046;1;0.2075;1;0.4165;1;256;0.22;0.11
TEL2005633_100;MFD_SETNO100;43.451167;60.173833;274813;25;24-jul-05;18:05:33;36.479;10.92;3.6379;0.73248;1;NaN;9;NaN;9;0.0885;1;0.257;1;1.672;1;0;0.34;0.05
TEL2005633_100;MFD_SETNO100;43.451167;60.173833;274812;50;24-jul-05;18:05:33;34.007;8.814;4.404;0.277633548387097;1;NaN;9;NaN;9;4.594;1;0.5555;1;3.155;1;0;8.27;1.46
TEL2005633_100;MFD_SETNO100;43.451167;60.173833;274811;231;24-jul-05;18:05:33;35.006;8.424;2.8499;0.0141083870967742;1;35.026;1;3.767;1;20.2095;1;1.311;1;12.3075;1;0;15.42;1.64
TEL2005633_101;MFD_SETNO101;43.627333;60.481333;274818;5;24-jul-05;21:06:34;31.51;16.505;3.9798;0.301261935483871;1;NaN;9;6.061;7;0.054;1;0.331;1;0.979;1;256;0.16;0.06
TEL2005633_101;MFD_SETNO101;43.627333;60.481333;274817;25;24-jul-05;21:06:34;33.518;7.473;4.8699;1.08376258064516;1;NaN;9;NaN;9;0.1945;1;0.4175;1;0.6335;1;0;0.47;0.31
TEL2005633_101;MFD_SETNO101;43.627333;60.481333;274816;50;24-jul-05;21:06:34;32.801;5.102;4.8627;0.307169032258064;1;NaN;9;NaN;9;3.4555;1;0.808;1;5.4155;1;0;4.28;0.64
TEL2005633_101;MFD_SETNO101;43.627333;60.481333;274815;63;24-jul-05;21:06:34;33.093;5.513;4.6197;0.190809612903226;1;33.104;1;6.146;7;4.538;1;0.7765;1;6.65;1;256;5.84;0.68
TEL2005633_102;MFD_SETNO102;43.753667;60.6435;274822;5;24-jul-05;22:49:29;31.801;16.936;3.826;0.484381935483871;1;NaN;9;6.3235;7;0.0175;1;0.2985;1;0.1935;1;256;0.06;0.09
TEL2005633_102;MFD_SETNO102;43.753667;60.6435;274821;25;24-jul-05;22:49:29;33.99;8.775;4.0163;0.0371948387096774;1;NaN;9;NaN;9;0.348;1;0.623;1;0.989;1;0;0.56;0.35
TEL2005633_102;MFD_SETNO102;43.753667;60.6435;274820;50;24-jul-05;22:49:29;32.493;6.114;4.9936;1.26438967741936;1;NaN;9;NaN;9;1.407;1;0.6545;1;3.6545;1;0;2.15;0.39
TEL2005633_102;MFD_SETNO102;43.753667;60.6435;274819;52;24-jul-05;22:49:29;32.5;6.133;4.9956;1.16586580645161;1;32.511;1;6.6045;7;1.396;1;0.6605;1;3.708;1;256;2.11;0.38
TEL2005633_103;MFD_SETNO103;43.609;60.817667;274826;5;25-jul-05;00:52:44;32.349;15.121;3.9264;0.626152258064516;1;NaN;9;6.663;7;5e-04;1;0.244;1;0.2035;1;256;0.00;0.00
TEL2005633_103;MFD_SETNO103;43.609;60.817667;274825;25;25-jul-05;00:52:44;34.4;6.401;4.4853;2.28246967741936;1;NaN;9;NaN;9;1.019;1;0.528;1;1.517;1;0;1.93;0.67
TEL2005633_103;MFD_SETNO103;43.609;60.817667;274824;50;25-jul-05;00:52:44;33.026;5.248;4.7263;0.212655483870968;1;NaN;9;NaN;9;3.7765;1;0.737;1;5.616;1;0;5.12;0.67
TEL2005633_103;MFD_SETNO103;43.609;60.817667;274823;64;25-jul-05;00:52:44;33.036;5.312;4.6817;0.200841290322581;1;33.05;1;6.199;7;3.958;1;0.796;1;6;1;256;4.97;0.66
TEL2005633_104;MFD_SETNO104;43.558833;61.399667;274830;5;25-jul-05;04:11:39;32.093;16.907;3.7831;0.330797419354839;1;NaN;9;5.922;7;0;1;0.22;1;0.133;1;256;0.00;0.00
TEL2005633_104;MFD_SETNO104;43.558833;61.399667;274829;25;25-jul-05;04:11:39;36.609;7.33;4.04;3.68979032258065;1;NaN;9;NaN;9;0.608;1;0.495;1;1.085;1;0;1.23;0.56
TEL2005633_104;MFD_SETNO104;43.558833;61.399667;274828;50;25-jul-05;04:11:39;33.154;6.479;4.6898;0.637966451612903;1;NaN;9;NaN;9;2.937;1;0.663;1;4.523;1;0;4.43;0.65
TEL2005633_104;MFD_SETNO104;43.558833;61.399667;274827;58;25-jul-05;04:11:39;33.157;6.498;4.7211;0.602523870967742;1;33.171;1;6.27;7;2.927;1;0.654;1;4.5445;1;256;4.48;0.64
TEL2005633_105;MFD_SETNO105;43.3075;61.198667;274834;5;25-jul-05;07:17:18;32.737;17.827;3.7575;0.259912258064516;1;NaN;9;5.891;7;0.011;1;0.194;1;0.762;1;256;0.06;0.01
TEL2005633_105;MFD_SETNO105;43.3075;61.198667;274833;25;25-jul-05;07:17:18;35.959;11.858;3.6532;1.19870709677419;1;NaN;9;NaN;9;0.59;1;0.3645;1;2.216;1;0;1.62;0.27
TEL2005633_105;MFD_SETNO105;43.3075;61.198667;274832;50;25-jul-05;07:17:18;34.246;8.653;4.1975;0.092871935483871;1;NaN;9;NaN;9;7.2435;1;0.74;1;5.39;1;0;9.79;1.34
TEL2005633_105;MFD_SETNO105;43.3075;61.198667;274831;120;25-jul-05;07:17:18;34.729;9.564;3.8072;0.0557231612903226;1;34.744;1;5.0235;7;9.447;1;0.845;1;6.7695;1;256;11.18;1.40
TEL2005633_106;MFD_SETNO106;43.262167;61.112333;274841;1;25-jul-05;09:25:59;30.26;18.574;4.1971;0.236283870967742;1;NaN;9;3.8885;1;0.006;1;0.1945;1;0.569;1;0;0.03;0.01
TEL2005633_106;MFD_SETNO106;43.262167;61.112333;274840;5;25-jul-05;09:25:59;32.661;18.594;3.7233;0.218562580645161;1;NaN;9;5.54;7;0.0305;1;0.199;1;0.629;1;256;0.15;0.05
TEL2005633_106;MFD_SETNO106;43.262167;61.112333;274839;25;25-jul-05;09:25:59;37.5;9.672;3.7374;NaN;9;NaN;9;NaN;9;NaN;9;NaN;9;NaN;9;0;NaN;NaN
TEL2005633_106;MFD_SETNO106;43.262167;61.112333;274838;50;25-jul-05;09:25:59;34.242;8.672;4.1826;0.0658546451612903;1;NaN;9;NaN;9;7.651;1;0.773;1;4.602;1;0;9.90;1.66
TEL2005633_106;MFD_SETNO106;43.262167;61.112333;274837;100;25-jul-05;09:25:59;35.293;11.518;3.6613;0.0168858064516129;1;NaN;9;NaN;9;11.266;1;0.8405;1;5.89;1;0;13.40;1.91
TEL2005633_106;MFD_SETNO106;43.262167;61.112333;274836;200;25-jul-05;09:25:59;35.011;8.583;2.9176;0.0253287096774194;1;NaN;9;NaN;9;19.834;1;1.3485;1;13.266;1;0;14.71;1.50
TEL2005633_106;MFD_SETNO106;43.262167;61.112333;274835;297;25-jul-05;09:25:59;34.915;6.497;3.2152;0.0185743870967742;1;34.94;1;4.221;7;19.6425;1;1.35;1;13.9735;1;256;14.55;1.41
TEL2005633_107;MFD_SETNO107;43.187333;61.370833;274848;1;25-jul-05;11:57:42;32.025;18.868;4.5893;0.224469677419355;1;NaN;9;NaN;9;0.0055;1;0.194;1;0.8595;1;0;0.03;0.01
TEL2005633_107;MFD_SETNO107;43.187333;61.370833;274847;5;25-jul-05;11:57:42;32.731;18.696;3.4523;0.218562580645161;1;NaN;9;5.7705;7;0.001;1;0.177;1;0.7175;1;256;0.01;0.00
TEL2005633_107;MFD_SETNO107;43.187333;61.370833;274846;25;25-jul-05;11:57:42;35.876;10.439;3.6998;1.41217548387097;1;NaN;9;NaN;9;1.1175;1;0.4205;1;2.254;1;0;2.66;0.50
TEL2005633_107;MFD_SETNO107;43.187333;61.370833;274845;50;25-jul-05;11:57:42;34.281;8.51;4.1859;0.0844290322580645;1;NaN;9;NaN;9;7.068;1;0.697;1;4.098;1;0;10.14;1.72
TEL2005633_107;MFD_SETNO107;43.187333;61.370833;274844;100;25-jul-05;11:57:42;35.069;10.323;3.5369;0.0218038709677419;1;NaN;9;NaN;9;12.4345;1;0.9385;1;7.2585;1;0;13.25;1.71
TEL2005633_107;MFD_SETNO107;43.187333;61.370833;274843;200;25-jul-05;11:57:42;35.039;8.67;2.8939;0.0173148387096774;1;NaN;9;NaN;9;19.4725;1;1.3475;1;12.452;1;0;14.45;1.56
TEL2005633_107;MFD_SETNO107;43.187333;61.370833;274842;250;25-jul-05;11:57:42;35.008;7.929;2.8732;0.0115432258064516;1;35.03;1;NaN;9;20.461;1;1.3525;1;13.408;1;0;15.13;1.53
TEL2005633_108;MFD_SETNO108;43.356;61.7665;274852;5;25-jul-05;14:53:59;32.277;17.47;3.8745;0.248098064516129;1;NaN;9;5.726;7;0.0575;1;0.226;1;0.316;1;256;0.25;0.18
TEL2005633_108;MFD_SETNO108;43.356;61.7665;274851;25;25-jul-05;14:53:59;33.249;12.916;4.3705;1.90479483870968;1;NaN;9;NaN;9;0.0305;1;0.304;1;1.0605;1;0;0.10;0.03
TEL2005633_108;MFD_SETNO108;43.356;61.7665;274850;50;25-jul-05;14:53:59;33.645;8.829;4.8631;0.360332903225806;1;NaN;9;NaN;9;3.2935;1;0.5575;1;3.5375;1;0;5.91;0.93
TEL2005633_108;MFD_SETNO108;43.356;61.7665;274849;86;25-jul-05;14:53:59;34.392;9.202;3.969;0.0624774838709678;1;34.409;1;5.19;7;7.5435;1;0.775;1;7.2305;1;256;9.73;1.04
TEL2005633_109;MFD_SETNO109;43.434667;61.948333;274856;5;25-jul-05;16:48:02;33.009;16.928;3.6814;0.383961290322581;1;NaN;9;5.5435;7;0;1;0.2405;1;0.4445;1;256;0.00;0.00
TEL2005633_109;MFD_SETNO109;43.434667;61.948333;274855;25;25-jul-05;16:48:02;36.547;4.903;4.3557;5.36696774193548;1;NaN;9;NaN;9;0.164;1;0.525;1;0.8395;1;0;0.31;0.20
TEL2005633_109;MFD_SETNO109;43.434667;61.948333;274854;50;25-jul-05;16:48:02;33.039;5.788;4.6671;0.254005161290323;1;NaN;9;NaN;9;3.1775;1;0.723;1;4.7135;1;0;4.39;0.67
TEL2005633_109;MFD_SETNO109;43.434667;61.948333;274853;90;25-jul-05;16:48:02;33.841;7.444;4.0662;0.0489688387096774;1;33.863;1;5.3775;7;6.34;1;0.773;1;8.74;1;256;8.20;0.73
TEL2005633_110;MFD_SETNO110;43.3015;61.925;274860;5;25-jul-05;18:22:43;32.245;17.591;3.6851;0.248098064516129;1;NaN;9;5.741;7;0;1;0.2505;1;0.306;1;256;0.00;0.00
TEL2005633_110;MFD_SETNO110;43.3015;61.925;274859;25;25-jul-05;18:22:43;34.116;13.768;3.4984;0.26581935483871;1;NaN;9;NaN;9;5e-04;1;0.2305;1;0.7265;1;0;0.00;0.00
TEL2005633_110;MFD_SETNO110;43.3015;61.925;274858;50;25-jul-05;18:22:43;33.325;7.653;5.2199;0.459778064516129;1;NaN;9;NaN;9;3.5555;1;0.6805;1;4.9445;1;0;5.22;0.72
TEL2005633_110;MFD_SETNO110;43.3015;61.925;274857;93;25-jul-05;18:22:43;34.198;7.986;3.8759;0.0388373548387097;1;34.223;1;5.124;7;9.0115;1;0.877;1;10.0425;1;256;10.28;0.90
TEL2005633_111;MFD_SETNO111;42.961167;61.670667;274864;5;25-jul-05;21:57:56;32.521;18.345;3.7868;0.254005161290323;1;NaN;9;5.87;7;0;1;0.193;1;0.218;1;256;0.00;0.00
TEL2005633_111;MFD_SETNO111;42.961167;61.670667;274863;25;25-jul-05;21:57:56;35.016;10.202;3.7837;0.968818064516129;1;NaN;9;NaN;9;0.017;1;0.311;1;1.685;1;0;0.05;0.01
TEL2005633_111;MFD_SETNO111;42.961167;61.670667;274862;50;25-jul-05;21:57:56;34.104;9.014;4.3797;0.318983225806452;1;NaN;9;NaN;9;3.716;1;0.564;1;3.472;1;0;6.59;1.07
TEL2005633_111;MFD_SETNO111;42.961167;61.670667;274861;520;25-jul-05;21:57:56;34.909;4.744;4.0901;0.00769548387096774;1;34.928;1;5.4795;7;16.284;1;1.186;1;11.8105;1;256;13.73;1.38
TEL2005633_112;MFD_SETNO112;42.99;61.858833;274868;5;26-jul-05;00:05:49;32.409;17.803;3.7392;0.259912258064516;1;NaN;9;5.821;7;0.038;1;0.3135;1;0.8615;1;256;0.12;0.04
TEL2005633_112;MFD_SETNO112;42.99;61.858833;274867;25;26-jul-05;00:05:49;35.564;8.184;5.6053;0.623984516129032;1;NaN;9;NaN;9;3.7365;1;0.6655;1;4.061;1;0;5.61;0.92
TEL2005633_112;MFD_SETNO112;42.99;61.858833;274866;50;26-jul-05;00:05:49;34.601;9.525;3.9783;0.0574117419354839;1;NaN;9;NaN;9;8.9555;1;0.8435;1;6.471;1;0;10.62;1.38
TEL2005633_112;MFD_SETNO112;42.99;61.858833;274865;194;26-jul-05;00:05:49;35.072;9.437;3.0716;0.0236401290322581;1;35.1;1;4.081;7;16.398;1;1.225;1;9.5495;1;256;13.39;1.72
TEL2005633_113;MFD_SETNO113;42.948667;61.9585;274876;1;26-jul-05;02:57:50;29.908;16.615;4.5297;0.259912258064516;1;NaN;9;NaN;9;0.005;1;0.2825;1;0.668;1;0;0.02;0.01
TEL2005633_113;MFD_SETNO113;42.948667;61.9585;274875;5;26-jul-05;02:57:50;32.443;16.68;4.0196;0.254005161290323;1;NaN;9;5.778;7;0.01;1;0.262;1;0.5475;1;256;0.04;0.02
TEL2005633_113;MFD_SETNO113;42.948667;61.9585;274874;25;26-jul-05;02:57:50;33.109;12.5;4.9171;1.03450064516129;1;NaN;9;NaN;9;0.0145;1;0.365;1;1.9915;1;0;0.04;0.01
TEL2005633_113;MFD_SETNO113;42.948667;61.9585;274873;50;26-jul-05;02:57:50;33.88;8.788;4.6048;0.419403870967742;1;NaN;9;NaN;9;4.7195;1;0.674;1;4.239;1;0;7.00;1.11
TEL2005633_113;MFD_SETNO113;42.948667;61.9585;274872;100;26-jul-05;02:57:50;34.634;9.505;3.9002;0.0337716129032258;1;NaN;9;NaN;9;9.9885;1;0.826;1;6.4805;1;0;12.09;1.54
TEL2005633_113;MFD_SETNO113;42.948667;61.9585;274871;200;26-jul-05;02:57:50;35.062;9.064;2.9118;0.0166735483870968;1;NaN;9;NaN;9;19.174;1;1.2905;1;10.981;1;0;14.86;1.75
TEL2005633_113;MFD_SETNO113;42.948667;61.9585;274870;250;26-jul-05;02:57:50;35.048;8.94;2.8833;0.00833677419354839;1;NaN;9;NaN;9;20.275;1;1.3795;1;11.725;1;0;14.70;1.73
TEL2005633_113;MFD_SETNO113;42.948667;61.9585;274869;300;26-jul-05;02:57:50;35.047;8.962;2.8945;0.0134670967741935;1;35.054;1;3.846;1;18.34;1;1.3155;1;10.9505;1;0;13.94;1.67
TEL2005633_114;MFD_SETNO114;43.1555;62.2875;274880;5;26-jul-05;07:01:44;32.266;16.92;3.8523;0.561174193548387;1;NaN;9;5.757;7;0.013;1;0.421;1;1.3955;1;256;0.03;0.01
TEL2005633_114;MFD_SETNO114;43.1555;62.2875;274879;25;26-jul-05;07:01:44;36.094;11.338;4.229;0.242190967741935;1;NaN;9;NaN;9;0.0065;1;0.3075;1;0.6675;1;0;0.02;0.01
TEL2005633_114;MFD_SETNO114;43.1555;62.2875;274878;50;26-jul-05;07:01:44;33.52;7.289;4.5618;0.443357419354839;1;NaN;9;NaN;9;4.285;1;0.6885;1;4.9375;1;0;6.22;0.87
TEL2005633_114;MFD_SETNO114;43.1555;62.2875;274877;98;26-jul-05;07:01:44;34.358;8.226;3.8533;0.0422145161290323;1;34.373;1;5.097;7;8.933;1;0.8265;1;7.224;1;256;10.81;1.24
TEL2005633_115;MFD_SETNO115;43.335167;62.3665;274884;5;26-jul-05;09:18:14;31.993;16.81;3.7353;0.254005161290323;1;NaN;9;5.7195;7;0.01;1;0.282;1;0.8205;1;256;0.04;0.01
TEL2005633_115;MFD_SETNO115;43.335167;62.3665;274883;25;26-jul-05;09:18:14;33.115;11.592;3.7809;0.771770322580645;1;NaN;9;NaN;9;0.144;1;0.3495;1;1.5055;1;0;0.41;0.10
TEL2005633_115;MFD_SETNO115;43.335167;62.3665;274882;50;26-jul-05;09:18:14;33.295;6.641;4.6184;0.426936774193548;1;NaN;9;NaN;9;4.2035;1;0.731;1;5.246;1;0;5.75;0.80
TEL2005633_115;MFD_SETNO115;43.335167;62.3665;274881;93;26-jul-05;09:18:14;33.856;6.705;3.9732;0.0337716129032258;1;33.872;1;5.235;7;8.7475;1;0.873;1;8.554;1;256;10.02;1.02
TEL2005633_116;MFD_SETNO116;43.427167;62.431167;274888;5;26-jul-05;10:59:58;31.741;16.808;4.1296;0.242190967741935;1;NaN;9;5.7205;7;0.002;1;0.3035;1;1.0605;1;256;0.01;0.00
TEL2005633_116;MFD_SETNO116;43.427167;62.431167;274887;25;26-jul-05;10:59:58;36.518;7.189;4.1509;0.541881290322581;1;NaN;9;NaN;9;0.0365;1;0.4055;1;1.3905;1;0;0.09;0.03
TEL2005633_116;MFD_SETNO116;43.427167;62.431167;274886;50;26-jul-05;10:59:58;32.778;4.817;4.8747;0.49261935483871;1;NaN;9;NaN;9;4.1985;1;0.644;1;3.1035;1;0;6.52;1.35
TEL2005633_116;MFD_SETNO116;43.427167;62.431167;274885;83;26-jul-05;10:59:58;33.381;5.633;4.2523;0.0861176129032258;1;33.404;1;5.601;7;8.6005;1;0.9175;1;7.2735;1;256;9.37;1.18
TEL2005633_117;MFD_SETNO117;43.4355;62.529833;274892;5;26-jul-05;13:12:01;31.669;17.313;4.1315;0.673246451612903;1;NaN;9;5.7115;7;0.192;1;0.308;1;0.639;1;256;0.62;0.30
TEL2005633_117;MFD_SETNO117;43.4355;62.529833;274891;25;26-jul-05;13:12:01;35.355;6.88;4.2272;0.591143225806452;1;NaN;9;NaN;9;0.219;1;0.5465;1;1.515;1;0;0.40;0.14
TEL2005633_117;MFD_SETNO117;43.4355;62.529833;274890;50;26-jul-05;13:12:01;33.039;6.232;4.7675;NaN;9;NaN;9;NaN;9;3.4865;1;0.821;1;3.492;1;0;4.25;1.00
TEL2005633_117;MFD_SETNO117;43.4355;62.529833;274889;91;26-jul-05;13:12:01;33.564;6.076;4.1141;0.0388373548387097;1;33.575;1;5.453;7;8.829;1;1.1275;1;8.0125;1;256;7.83;1.10
TEL2005633_118;MFD_SETNO118;43.733333;62.82;274896;5;26-jul-05;16:11:19;31.565;16.876;4.0174;0.271726451612903;1;NaN;9;5.7565;7;0.1815;1;0.3395;1;0.838;1;256;0.53;0.22
TEL2005633_118;MFD_SETNO118;43.733333;62.82;274895;25;26-jul-05;16:11:19;36.394;7.007;4.1299;0.591143225806452;1;NaN;9;NaN;9;0.209;1;0.4895;1;1.0185;1;0;0.43;0.21
TEL2005633_118;MFD_SETNO118;43.733333;62.82;274894;50;26-jul-05;16:11:19;32.67;4.445;4.9237;0.52546064516129;1;NaN;9;NaN;9;4.523;1;0.955;1;3.838;1;0;4.74;1.18
TEL2005633_118;MFD_SETNO118;43.733333;62.82;274893;222;26-jul-05;16:11:19;35.059;10.142;2.9429;0.00769548387096775;1;35.084;1;3.9025;1;16.705;1;1.4445;1;10.8915;1;0;11.56;1.53
TEL2005633_119;MFD_SETNO119;43.901833;62.779;274900;5;26-jul-05;18:16:12;31.697;17.393;3.7286;0.212655483870968;1;NaN;9;5.6935;7;0.1805;1;0.339;1;0.85;1;256;0.53;0.21
TEL2005633_119;MFD_SETNO119;43.901833;62.779;274899;25;26-jul-05;18:16:12;37.138;7.552;4.062;0.49261935483871;1;NaN;9;NaN;9;0.1945;1;0.456;1;1.0135;1;0;0.43;0.19
TEL2005633_119;MFD_SETNO119;43.901833;62.779;274898;50;26-jul-05;18:16:12;32.703;4.779;5.0037;1.03450064516129;1;NaN;9;NaN;9;2.7725;1;0.8095;1;2.732;1;0;3.42;1.01
TEL2005633_119;MFD_SETNO119;43.901833;62.779;274897;237;26-jul-05;18:16:12;34.997;9.672;2.7669;0.0185974193548387;1;35.01;1;3.7095;1;15.789;1;1.411;1;11.367;1;0;11.19;1.39
TEL2005633_120;MFD_SETNO120;43.880833;62.567667;274904;5;26-jul-05;21:11:20;31.686;17.455;3.7202;0.18312;1;NaN;9;5.642;7;0.197;1;0.322;1;0.649;1;256;0.61;0.30
TEL2005633_120;MFD_SETNO120;43.880833;62.567667;274903;25;26-jul-05;21:11:20;37.497;7.482;3.9525;0.28354064516129;1;NaN;9;NaN;9;7.1345;1;1.0755;1;5.05;1;0;6.63;1.41
TEL2005633_120;MFD_SETNO120;43.880833;62.567667;274902;50;26-jul-05;21:11:20;32.706;3.683;4.7552;0.271726451612903;1;NaN;9;NaN;9;7.114;1;1.0865;1;5.139;1;0;6.55;1.38
TEL2005633_120;MFD_SETNO120;43.880833;62.567667;274901;166;26-jul-05;21:11:20;34.821;9.344;3.0318;0.00769548387096774;1;34.845;1;4.0695;7;16.43;1;1.45;1;11.671;1;256;11.33;1.41
TEL2005633_122;MFD_SETNO122;44.272667;63.3255;274914;1;27-jul-05;05:29:49;28.211;11.466;5.469;0.301261935483871;1;30.953;7;6.905;7;0.442;1;0.293;1;0.6585;1;256;1.51;0.67
TEL2005633_122;MFD_SETNO122;44.272667;63.3255;274913;5;27-jul-05;05:29:49;31.186;11.426;4.6772;0.336704516129032;1;NaN;9;NaN;9;0.4685;1;0.4005;1;0.846;1;0;1.17;0.55
TEL2005633_122;MFD_SETNO122;44.272667;63.3255;274912;10;27-jul-05;05:29:49;31.153;11.422;4.3923;0.318983225806452;1;NaN;9;NaN;9;0.471;1;0.3545;1;0.652;1;0;1.33;0.72
TEL2005633_122;MFD_SETNO122;44.272667;63.3255;274911;20;27-jul-05;05:29:49;32.791;8.233;4.4549;0.771770322580645;1;NaN;9;NaN;9;0.474;1;0.4285;1;0.2415;1;0;1.11;1.96
TEL2005633_122;MFD_SETNO122;44.272667;63.3255;274910;30;27-jul-05;05:29:49;33.57;6.671;4.3218;0.935976774193549;1;NaN;9;NaN;9;0.7725;1;0.618;1;1.499;1;0;1.25;0.52
TEL2005633_122;MFD_SETNO122;44.272667;63.3255;274909;40;27-jul-05;05:29:49;32.09;2.608;5.5707;0.531638709677419;1;32.088;1;7.007;7;3.174;1;0.835;1;3.51;1;256;3.80;0.90
TEL2005633_122;MFD_SETNO122;44.272667;63.3255;274908;50;27-jul-05;05:29:49;32.243;2.372;4.9986;0.271726451612903;1;NaN;9;NaN;9;6.9255;1;1.0845;1;6.6125;1;0;6.39;1.05
TEL2005633_122;MFD_SETNO122;44.272667;63.3255;274907;75;27-jul-05;05:29:49;32.683;3.045;4.5025;0.0378361290322581;1;NaN;9;NaN;9;8.0325;1;1.1005;1;8.37;1;0;7.30;0.96
TEL2005633_122;MFD_SETNO122;44.272667;63.3255;274906;100;27-jul-05;05:29:49;33.178;4.547;4.1173;0.0250103225806452;1;NaN;9;NaN;9;8.777;1;1.099;1;8.4335;1;0;7.99;1.04
TEL2005633_122;MFD_SETNO122;44.272667;63.3255;274905;182;27-jul-05;05:29:49;34.272;7.696;3.0819;0.00897806451612903;1;34.269;1;4.1445;7;15.522;1;1.4465;1;15.045;1;256;10.73;1.03
