CTD;CTD;CTD;CTD;CTD;CTD;CTD;CTD;CTD;CTD;CTD;labo;labo;terrain;labo;labo;labo;labo;calc;calc
Fichier;Station;Latitude;Longitude;Echantillon;zbouteille;Date;Heure;PSAL;TEMP_XX;DOXY;OXY_XX;Q_OXY;TEMP_RT;Q_TEMP_RT;SSAL_BS;Q_SSAL;QCFF;N_P;N_Si
(nom);(nom/no);(degres);(degres);(no_unique);(dbar);(jj-mmm-yyyy);(GMT);(psu);(celsius);(ml/l);(ml/l);((none));(celsius);((none));(g/kg);((none));((none));((none));((none))
TEL2006615_1;MFD_SETNO1;44.583833;-61.804333;287786;6;05-mar-06;06:55:49;31.589;1.2137;5.85053;5.85053;1;1.2137;1;31.589;1;0;NaN;NaN
TEL2006615_1;MFD_SETNO1;44.583833;-61.804333;287785;25;05-mar-06;06:55:49;31.794;2.116;5.76075;5.76075;1;2.116;1;31.794;1;0;NaN;NaN
TEL2006615_1;MFD_SETNO1;44.583833;-61.804333;287784;50;05-mar-06;06:55:49;31.968;3.173;5.45352;5.45352;1;3.173;1;31.968;1;0;NaN;NaN
TEL2006615_1;MFD_SETNO1;44.583833;-61.804333;287783;154;05-mar-06;06:55:49;34.295;8.2945;2.84979;2.84979;1;8.2945;1;34.295;1;0;NaN;NaN
TEL2006615_2;MFD_SETNO2;44.652667;-61.593833;287790;5;05-mar-06;09:00:01;30.817;-0.6433;5.86616;5.86616;1;-0.6433;1;30.817;1;0;NaN;NaN
TEL2006615_2;MFD_SETNO2;44.652667;-61.593833;287789;24;05-mar-06;09:00:01;31.089;0.0341;5.75901;5.75901;1;0.0341;1;31.089;1;0;NaN;NaN
TEL2006615_2;MFD_SETNO2;44.652667;-61.593833;287788;48;05-mar-06;09:00:01;31.66;1.8328;5.38512;5.38512;1;1.8328;1;31.66;1;0;NaN;NaN
TEL2006615_2;MFD_SETNO2;44.652667;-61.593833;287787;150;05-mar-06;09:00:01;34.289;8.1584;2.79367;2.79367;1;8.1584;1;34.289;1;0;NaN;NaN
TEL2006615_3;MFD_SETNO3;44.8135;-61.646333;287794;5;05-mar-06;12:16:22;30.743;-0.5264;5.84035;5.84035;1;-0.5264;1;30.743;1;0;NaN;NaN
TEL2006615_3;MFD_SETNO3;44.8135;-61.646333;287793;25;05-mar-06;12:16:22;30.749;-0.5204;5.84111;5.84111;1;-0.5204;1;30.749;1;0;NaN;NaN
TEL2006615_3;MFD_SETNO3;44.8135;-61.646333;287792;50;05-mar-06;12:16:22;31.252;0.7295;5.63136;5.63136;1;0.7295;1;31.252;1;0;NaN;NaN
TEL2006615_3;MFD_SETNO3;44.8135;-61.646333;287791;130;05-mar-06;12:16:22;33.431;5.5988;3.79151;3.79151;1;5.5988;1;33.431;1;0;NaN;NaN
TEL2006615_4;MFD_SETNO4;44.736833;-60.659;287798;6;05-mar-06;17:49:58;31.337;0.4558;5.75278;5.75278;1;0.4558;1;31.337;1;0;NaN;NaN
TEL2006615_4;MFD_SETNO4;44.736833;-60.659;287797;26;05-mar-06;17:49:58;31.341;0.4471;5.74374;5.74374;1;0.4471;1;31.341;1;0;NaN;NaN
TEL2006615_4;MFD_SETNO4;44.736833;-60.659;287796;49;05-mar-06;17:49:58;31.933;1.9911;5.17205;5.17205;1;1.9911;1;31.933;1;0;NaN;NaN
TEL2006615_4;MFD_SETNO4;44.736833;-60.659;287795;164;05-mar-06;17:49:58;32.718;3.0051;4.3455;4.3455;1;3.0051;1;32.718;1;0;NaN;NaN
TEL2006615_5;MFD_SETNO5;44.834667;-60.498;287802;5;05-mar-06;20:26:53;31.428;0.6045;5.7002;5.7002;1;0.6045;1;31.428;1;0;NaN;NaN
TEL2006615_5;MFD_SETNO5;44.834667;-60.498;287801;25;05-mar-06;20:26:53;31.429;0.5958;5.70924;5.70924;1;0.5958;1;31.429;1;0;NaN;NaN
TEL2006615_5;MFD_SETNO5;44.834667;-60.498;287800;50;05-mar-06;20:26:53;31.649;1.3919;5.54749;5.54749;1;1.3919;1;31.649;1;0;NaN;NaN
TEL2006615_5;MFD_SETNO5;44.834667;-60.498;287799;210;05-mar-06;20:26:53;32.806;3.0025;4.34229;4.34229;1;3.0025;1;32.806;1;0;NaN;NaN
TEL2006615_6;MFD_SETNO6;44.925;-60.641833;287806;6;05-mar-06;22:55:36;31.015;-0.4748;5.86;5.86;1;-0.4748;1;31.015;1;0;NaN;NaN
TEL2006615_6;MFD_SETNO6;44.925;-60.641833;287805;25;05-mar-06;22:55:36;31.034;-0.4467;5.85678;5.85678;1;-0.4467;1;31.034;1;0;NaN;NaN
TEL2006615_6;MFD_SETNO6;44.925;-60.641833;287804;50;05-mar-06;22:55:36;31.477;1.0048;5.57934;5.57934;1;1.0048;1;31.477;1;0;NaN;NaN
TEL2006615_6;MFD_SETNO6;44.925;-60.641833;287803;147;05-mar-06;22:55:36;32.685;2.8726;4.4109;4.4109;1;2.8726;1;32.685;1;0;NaN;NaN
TEL2006615_8;MFD_SETNO8;45.133833;-60.239;287810;5;06-mar-06;02:03:37;31.111;-0.448;5.81397;5.81397;1;-0.448;1;31.111;1;0;NaN;NaN
TEL2006615_8;MFD_SETNO8;45.133833;-60.239;287809;25;06-mar-06;02:03:37;31.111;-0.4407;5.83438;5.83438;1;-0.4407;1;31.111;1;0;NaN;NaN
TEL2006615_8;MFD_SETNO8;45.133833;-60.239;287808;50;06-mar-06;02:03:37;31.729;1.3388;5.43181;5.43181;1;1.3388;1;31.729;1;0;NaN;NaN
TEL2006615_8;MFD_SETNO8;45.133833;-60.239;287807;82;06-mar-06;02:03:37;32.278;1.9002;4.99313;4.99313;1;1.9002;1;32.278;1;0;NaN;NaN
TEL2006615_9;MFD_SETNO9;44.819833;-59.835167;287814;5;06-mar-06;05:57:24;31.561;0.626;5.67471;5.67471;1;0.626;1;31.561;1;0;NaN;NaN
TEL2006615_9;MFD_SETNO9;44.819833;-59.835167;287813;25;06-mar-06;05:57:24;31.589;0.6741;5.67323;5.67323;1;0.6741;1;31.589;1;0;NaN;NaN
TEL2006615_9;MFD_SETNO9;44.819833;-59.835167;287812;50;06-mar-06;05:57:24;32.123;2.3114;5.08258;5.08258;1;2.3114;1;32.123;1;0;NaN;NaN
TEL2006615_9;MFD_SETNO9;44.819833;-59.835167;287811;231;06-mar-06;05:57:24;33.355;4.0701;4.07666;4.07666;1;4.0701;1;33.355;1;0;NaN;NaN
TEL2006615_10;MFD_SETNO10;44.678167;-60.092;287818;5;06-mar-06;08:40:10;31.584;0.7166;5.71435;5.71435;1;0.7166;1;31.584;1;0;NaN;NaN
TEL2006615_10;MFD_SETNO10;44.678167;-60.092;287817;26;06-mar-06;08:40:10;31.936;1.7908;5.58184;5.58184;1;1.7908;1;31.936;1;0;NaN;NaN
TEL2006615_10;MFD_SETNO10;44.678167;-60.092;287816;51;06-mar-06;08:40:10;31.977;1.8404;5.60778;5.60778;1;1.8404;1;31.977;1;0;NaN;NaN
TEL2006615_10;MFD_SETNO10;44.678167;-60.092;287815;99;06-mar-06;08:40:10;32.914;3.3732;4.44904;4.44904;1;3.3732;1;32.914;1;0;NaN;NaN
TEL2006615_11;MFD_SETNO11;44.347667;-60.087;287822;5;06-mar-06;12:01:00;31.822;1.4344;5.59385;5.59385;1;1.4344;1;31.822;1;0;NaN;NaN
TEL2006615_11;MFD_SETNO11;44.347667;-60.087;287821;26;06-mar-06;12:01:00;31.823;1.4374;5.59564;5.59564;1;1.4374;1;31.823;1;0;NaN;NaN
TEL2006615_11;MFD_SETNO11;44.347667;-60.087;287820;51;06-mar-06;12:01:00;31.915;1.9959;5.48927;5.48927;1;1.9959;1;31.915;1;0;NaN;NaN
TEL2006615_11;MFD_SETNO11;44.347667;-60.087;287819;107;06-mar-06;12:01:00;33.458;4.257;4.12663;4.12663;1;4.257;1;33.458;1;0;NaN;NaN
TEL2006615_12;MFD_SETNO12;44.252833;-60.1975;287826;6;06-mar-06;13:39:36;31.87;1.5947;5.58332;5.58332;1;1.5947;1;31.87;1;0;NaN;NaN
TEL2006615_12;MFD_SETNO12;44.252833;-60.1975;287825;26;06-mar-06;13:39:36;31.874;1.593;5.59877;5.59877;1;1.593;1;31.874;1;0;NaN;NaN
TEL2006615_12;MFD_SETNO12;44.252833;-60.1975;287824;51;06-mar-06;13:39:36;32.052;1.9678;5.56111;5.56111;1;1.9678;1;32.052;1;0;NaN;NaN
TEL2006615_12;MFD_SETNO12;44.252833;-60.1975;287823;102;06-mar-06;13:39:36;33.422;4.258;4.08671;4.08671;1;4.258;1;33.422;1;0;NaN;NaN
TEL2006615_13;MFD_SETNO13;44.097167;-60.302167;287830;6;06-mar-06;15:32:33;31.915;1.9613;5.53198;5.53198;1;1.9613;1;31.915;1;0;NaN;NaN
TEL2006615_13;MFD_SETNO13;44.097167;-60.302167;287829;26;06-mar-06;15:32:33;31.918;1.928;5.60394;5.60394;1;1.928;1;31.918;1;0;NaN;NaN
TEL2006615_13;MFD_SETNO13;44.097167;-60.302167;287828;50;06-mar-06;15:32:33;31.951;1.9578;5.58188;5.58188;1;1.9578;1;31.951;1;0;NaN;NaN
TEL2006615_13;MFD_SETNO13;44.097167;-60.302167;287827;62;06-mar-06;15:32:33;32.689;3.3918;4.37788;4.37788;1;3.3918;1;32.689;1;0;NaN;NaN
TEL2006615_14;MFD_SETNO14;44.1975;-60.7085;287834;5;06-mar-06;18:13:11;31.612;1.1235;5.68255;5.68255;1;1.1235;1;31.612;1;0;NaN;NaN
TEL2006615_14;MFD_SETNO14;44.1975;-60.7085;287833;25;06-mar-06;18:13:11;31.705;1.1907;5.63783;5.63783;1;1.1907;1;31.705;1;0;NaN;NaN
TEL2006615_14;MFD_SETNO14;44.1975;-60.7085;287832;49;06-mar-06;18:13:11;32.087;2.2592;5.30338;5.30338;1;2.2592;1;32.087;1;0;NaN;NaN
TEL2006615_14;MFD_SETNO14;44.1975;-60.7085;287831;65;06-mar-06;18:13:11;32.977;3.9152;4.23444;4.23444;1;3.9152;1;32.977;1;0;NaN;NaN
TEL2006615_15;MFD_SETNO15;44.376667;-60.761;287838;5;06-mar-06;20:24:50;31.456;0.9644;5.78142;5.78142;1;0.9644;1;31.456;1;0;NaN;NaN
TEL2006615_15;MFD_SETNO15;44.376667;-60.761;287837;26;06-mar-06;20:24:50;31.554;0.9551;5.69986;5.69986;1;0.9551;1;31.554;1;0;NaN;NaN
TEL2006615_15;MFD_SETNO15;44.376667;-60.761;287836;51;06-mar-06;20:24:50;31.964;2.1884;5.39256;5.39256;1;2.1884;1;31.964;1;0;NaN;NaN
TEL2006615_15;MFD_SETNO15;44.376667;-60.761;287835;97;06-mar-06;20:24:50;32.774;3.3493;4.43682;4.43682;1;3.3493;1;32.774;1;0;NaN;NaN
TEL2006615_16;MFD_SETNO16;44.393333;-61.290667;287842;6;07-mar-06;00:21:31;31.37;0.5561;5.73535;5.73535;1;0.5561;1;31.37;1;0;NaN;NaN
TEL2006615_16;MFD_SETNO16;44.393333;-61.290667;287841;25;07-mar-06;00:21:31;31.396;0.6173;5.73144;5.73144;1;0.6173;1;31.396;1;0;NaN;NaN
TEL2006615_16;MFD_SETNO16;44.393333;-61.290667;287840;49;07-mar-06;00:21:31;31.904;2.2207;5.37148;5.37148;1;2.2207;1;31.904;1;0;NaN;NaN
TEL2006615_16;MFD_SETNO16;44.393333;-61.290667;287839;153;07-mar-06;00:21:31;34.248;8.385;2.90799;2.90799;1;8.385;1;34.248;1;0;NaN;NaN
TEL2006615_17;MFD_SETNO17;44.397333;-61.5345;287846;6;07-mar-06;02:20:34;31.367;0.5441;5.70225;5.70225;1;0.5441;1;31.367;1;0;NaN;NaN
TEL2006615_17;MFD_SETNO17;44.397333;-61.5345;287845;26;07-mar-06;02:20:34;31.539;1.1178;5.81505;5.81505;1;1.1178;1;31.539;1;0;NaN;NaN
TEL2006615_17;MFD_SETNO17;44.397333;-61.5345;287844;50;07-mar-06;02:20:34;32.33;4.5673;5.07428;5.07428;1;4.5673;1;32.33;1;0;NaN;NaN
TEL2006615_17;MFD_SETNO17;44.397333;-61.5345;287843;183;07-mar-06;02:20:34;34.54;8.6678;2.63479;2.63479;1;8.6678;1;34.54;1;0;NaN;NaN
TEL2006615_18;MFD_SETNO18;44.1695;-61.816;287850;6;07-mar-06;05:18:28;31.555;1.2729;5.85038;5.85038;1;1.2729;1;31.555;1;0;NaN;NaN
TEL2006615_18;MFD_SETNO18;44.1695;-61.816;287849;25;07-mar-06;05:18:28;31.758;2.0325;5.77191;5.77191;1;2.0325;1;31.758;1;0;NaN;NaN
TEL2006615_18;MFD_SETNO18;44.1695;-61.816;287848;50;07-mar-06;05:18:28;32.902;4.436;4.19653;4.19653;1;4.436;1;32.902;1;0;NaN;NaN
TEL2006615_18;MFD_SETNO18;44.1695;-61.816;287847;115;07-mar-06;05:18:28;34.233;8.2133;3.00027;3.00027;1;8.2133;1;34.233;1;0;NaN;NaN
TEL2006615_19;MFD_SETNO19;43.947833;-61.671333;287854;5;07-mar-06;07:46:16;31.844;2.0939;5.66037;5.66037;1;2.0939;1;31.844;1;0;NaN;NaN
TEL2006615_19;MFD_SETNO19;43.947833;-61.671333;287853;25;07-mar-06;07:46:16;31.897;2.2696;5.63944;5.63944;1;2.2696;1;31.897;1;0;NaN;NaN
TEL2006615_19;MFD_SETNO19;43.947833;-61.671333;287852;51;07-mar-06;07:46:16;32.203;3.4566;5.26227;5.26227;1;3.4566;1;32.203;1;0;NaN;NaN
TEL2006615_19;MFD_SETNO19;43.947833;-61.671333;287851;76;07-mar-06;07:46:16;33.878;8.2705;3.47144;3.47144;1;8.2705;1;33.878;1;0;NaN;NaN
TEL2006615_20;MFD_SETNO20;43.842;-62.139667;287858;5;07-mar-06;10:41:40;31.676;1.6966;5.69752;5.69752;1;1.6966;1;31.676;1;0;NaN;NaN
TEL2006615_20;MFD_SETNO20;43.842;-62.139667;287857;25;07-mar-06;10:41:40;31.736;1.965;5.66779;5.66779;1;1.965;1;31.736;1;0;NaN;NaN
TEL2006615_20;MFD_SETNO20;43.842;-62.139667;287856;50;07-mar-06;10:41:40;33.222;5.8939;3.93236;3.93236;1;5.8939;1;33.222;1;0;NaN;NaN
TEL2006615_20;MFD_SETNO20;43.842;-62.139667;287855;119;07-mar-06;10:41:40;34.744;9.1647;2.75623;2.75623;1;9.1647;1;34.744;1;0;NaN;NaN
TEL2006615_21;MFD_SETNO21;43.761667;-62.238833;287862;5;07-mar-06;13:04:41;31.53;1.2804;5.81571;5.81571;1;1.2804;1;31.53;1;0;NaN;NaN
TEL2006615_21;MFD_SETNO21;43.761667;-62.238833;287861;25;07-mar-06;13:04:41;31.575;1.3791;5.75331;5.75331;1;1.3791;1;31.575;1;0;NaN;NaN
TEL2006615_21;MFD_SETNO21;43.761667;-62.238833;287860;51;07-mar-06;13:04:41;33.023;6.0346;4.3322;4.3322;1;6.0346;1;33.023;1;0;NaN;NaN
TEL2006615_21;MFD_SETNO21;43.761667;-62.238833;287859;133;07-mar-06;13:04:41;34.703;9.4386;2.9446;2.9446;1;9.4386;1;34.703;1;0;NaN;NaN
TEL2006615_22;MFD_SETNO22;43.673667;-62.388167;287866;6;07-mar-06;15:00:25;31.68;2.1358;5.56738;5.56738;1;2.1358;1;31.68;1;0;NaN;NaN
TEL2006615_22;MFD_SETNO22;43.673667;-62.388167;287865;25;07-mar-06;15:00:25;31.693;2.1381;5.56765;5.56765;1;2.1381;1;31.693;1;0;NaN;NaN
TEL2006615_22;MFD_SETNO22;43.673667;-62.388167;287864;51;07-mar-06;15:00:25;32.589;5.2274;4.65202;4.65202;1;5.2274;1;32.589;1;0;NaN;NaN
TEL2006615_22;MFD_SETNO22;43.673667;-62.388167;287863;102;07-mar-06;15:00:25;34.358;8.926;3.32458;3.32458;1;8.926;1;34.358;1;0;NaN;NaN
TEL2006615_23;MFD_SETNO23;43.699667;-62.470833;287870;6;07-mar-06;16:40:10;31.494;1.9516;5.56173;5.56173;1;1.9516;1;31.494;1;0;NaN;NaN
TEL2006615_23;MFD_SETNO23;43.699667;-62.470833;287869;25;07-mar-06;16:40:10;31.881;3.3957;5.28807;5.28807;1;3.3957;1;31.881;1;0;NaN;NaN
TEL2006615_23;MFD_SETNO23;43.699667;-62.470833;287868;50;07-mar-06;16:40:10;32.5;4.8632;4.76951;4.76951;1;4.8632;1;32.5;1;0;NaN;NaN
TEL2006615_23;MFD_SETNO23;43.699667;-62.470833;287867;99;07-mar-06;16:40:10;34.701;9.8787;3.16266;3.16266;1;9.8787;1;34.701;1;0;NaN;NaN
TEL2006615_24;MFD_SETNO24;43.674667;-62.628667;287874;4;07-mar-06;18:18:17;31.517;2.0618;5.60606;5.60606;1;2.0618;1;31.517;1;0;NaN;NaN
TEL2006615_24;MFD_SETNO24;43.674667;-62.628667;287873;26;07-mar-06;18:18:17;31.687;2.2805;5.50859;5.50859;1;2.2805;1;31.687;1;0;NaN;NaN
TEL2006615_24;MFD_SETNO24;43.674667;-62.628667;287872;51;07-mar-06;18:18:17;32.182;4.1495;5.20201;5.20201;1;4.1495;1;32.182;1;0;NaN;NaN
TEL2006615_24;MFD_SETNO24;43.674667;-62.628667;287871;119;07-mar-06;18:18:17;34.838;9.7615;2.92249;2.92249;1;9.7615;1;34.838;1;0;NaN;NaN
TEL2006615_25;MFD_SETNO25;43.497167;-62.383833;287878;5;07-mar-06;20:37:34;31.644;2.5767;5.5167;5.5167;1;2.5767;1;31.644;1;0;NaN;NaN
TEL2006615_25;MFD_SETNO25;43.497167;-62.383833;287877;25;07-mar-06;20:37:34;31.761;2.2227;5.5522;5.5522;1;2.2227;1;31.761;1;0;NaN;NaN
TEL2006615_25;MFD_SETNO25;43.497167;-62.383833;287876;50;07-mar-06;20:37:34;32.73;5.4517;4.59997;4.59997;1;5.4517;1;32.73;1;0;NaN;NaN
TEL2006615_25;MFD_SETNO25;43.497167;-62.383833;287875;78;07-mar-06;20:37:34;33.992;7.9981;3.44426;3.44426;1;7.9981;1;33.992;1;0;NaN;NaN
TEL2006615_26;MFD_SETNO26;43.4215;-62.425;287882;5;07-mar-06;22:04:17;31.709;2.4602;5.4847;5.4847;1;2.4602;1;31.709;1;0;NaN;NaN
TEL2006615_26;MFD_SETNO26;43.4215;-62.425;287881;25;07-mar-06;22:04:17;31.764;2.443;5.47892;5.47892;1;2.443;1;31.764;1;0;NaN;NaN
TEL2006615_26;MFD_SETNO26;43.4215;-62.425;287880;50;07-mar-06;22:04:17;32.203;3.7646;5.22097;5.22097;1;3.7646;1;32.203;1;0;NaN;NaN
TEL2006615_26;MFD_SETNO26;43.4215;-62.425;287879;82;07-mar-06;22:04:17;33.627;7.4089;3.793;3.793;1;7.4089;1;33.627;1;0;NaN;NaN
TEL2006615_28;MFD_SETNO28;43.438333;-62.744333;287886;5;08-mar-06;00:22:06;31.566;2.2025;5.53648;5.53648;1;2.2025;1;31.566;1;0;NaN;NaN
TEL2006615_28;MFD_SETNO28;43.438333;-62.744333;287885;26;08-mar-06;00:22:06;31.645;2.2156;5.53986;5.53986;1;2.2156;1;31.645;1;0;NaN;NaN
TEL2006615_28;MFD_SETNO28;43.438333;-62.744333;287884;50;08-mar-06;00:22:06;31.961;3.114;5.36355;5.36355;1;3.114;1;31.961;1;0;NaN;NaN
TEL2006615_28;MFD_SETNO28;43.438333;-62.744333;287883;98;08-mar-06;00:22:06;34.786;10.03;3.16;3.16;1;10.03;1;34.786;1;0;NaN;NaN
TEL2006615_29;MFD_SETNO29;43.441333;-62.914667;287890;5;08-mar-06;03:04:38;31.53;2.0216;5.51815;5.51815;1;2.0216;1;31.53;1;0;NaN;NaN
TEL2006615_29;MFD_SETNO29;43.441333;-62.914667;287889;25;08-mar-06;03:04:38;31.539;2.0163;5.55912;5.55912;1;2.0163;1;31.539;1;0;NaN;NaN
TEL2006615_29;MFD_SETNO29;43.441333;-62.914667;287888;50;08-mar-06;03:04:38;32.299;4.1329;5.07186;5.07186;1;4.1329;1;32.299;1;0;NaN;NaN
TEL2006615_29;MFD_SETNO29;43.441333;-62.914667;287887;106;08-mar-06;03:04:38;34.886;9.7327;2.80034;2.80034;1;9.7327;1;34.886;1;0;NaN;NaN
TEL2006615_30;MFD_SETNO30;43.0325;-63.194667;287894;5;08-mar-06;06:36:54;31.807;2.6072;5.51507;5.51507;1;2.6072;1;31.807;1;0;NaN;NaN
TEL2006615_30;MFD_SETNO30;43.0325;-63.194667;287893;26;08-mar-06;06:36:54;31.946;2.8833;5.41572;5.41572;1;2.8833;1;31.946;1;0;NaN;NaN
TEL2006615_30;MFD_SETNO30;43.0325;-63.194667;287892;50;08-mar-06;06:36:54;33.405;7.3939;4.32818;4.32818;1;7.3939;1;33.405;1;0;NaN;NaN
TEL2006615_30;MFD_SETNO30;43.0325;-63.194667;287891;155;08-mar-06;06:36:54;35.047;9.6736;2.74604;2.74604;1;9.6736;1;35.047;1;0;NaN;NaN
TEL2006615_31;MFD_SETNO31;42.828833;-63.150833;287898;5;08-mar-06;10:02:07;32.547;4.1258;5.26809;5.26809;1;4.1258;1;32.547;1;0;NaN;NaN
TEL2006615_31;MFD_SETNO31;42.828833;-63.150833;287897;26;08-mar-06;10:02:07;32.807;4.9641;5.14816;5.14816;1;4.9641;1;32.807;1;0;NaN;NaN
TEL2006615_31;MFD_SETNO31;42.828833;-63.150833;287896;50;08-mar-06;10:02:07;34.171;9.319;4.31817;4.31817;1;9.319;1;34.171;1;0;NaN;NaN
TEL2006615_31;MFD_SETNO31;42.828833;-63.150833;287895;231;08-mar-06;10:02:07;35.121;9.283;2.81486;2.81486;1;9.283;1;35.121;1;0;NaN;NaN
TEL2006615_32;MFD_SETNO32;42.815;-62.902833;287902;6;08-mar-06;13:56:08;32.478;4.1323;5.32213;5.32213;1;4.1323;1;32.478;1;0;NaN;NaN
TEL2006615_32;MFD_SETNO32;42.815;-62.902833;287901;25;08-mar-06;13:56:08;32.769;5.0381;5.14737;5.14737;1;5.0381;1;32.769;1;0;NaN;NaN
TEL2006615_32;MFD_SETNO32;42.815;-62.902833;287900;50;08-mar-06;13:56:08;33.84;8.4912;4.43583;4.43583;1;8.4912;1;33.84;1;0;NaN;NaN
TEL2006615_32;MFD_SETNO32;42.815;-62.902833;287899;286;08-mar-06;13:56:08;35.179;9.7594;2.67606;2.67606;1;9.7594;1;35.179;1;0;NaN;NaN
TEL2006615_33;MFD_SETNO33;42.8695;-62.547167;287906;6;08-mar-06;16:45:07;32.831;5.1133;5.23382;5.23382;1;5.1133;1;32.831;1;0;NaN;NaN
TEL2006615_33;MFD_SETNO33;42.8695;-62.547167;287905;26;08-mar-06;16:45:07;32.979;5.4896;5.21183;5.21183;1;5.4896;1;32.979;1;0;NaN;NaN
TEL2006615_33;MFD_SETNO33;42.8695;-62.547167;287904;51;08-mar-06;16:45:07;33.2;6.1088;5.11816;5.11816;1;6.1088;1;33.2;1;0;NaN;NaN
TEL2006615_33;MFD_SETNO33;42.8695;-62.547167;287903;297;08-mar-06;16:45:07;27.246;8.9704;2.68272;2.68272;1;8.9704;1;27.246;1;0;NaN;NaN
TEL2006615_34;MFD_SETNO34;43.063;-62.468833;287910;5;08-mar-06;19:34:43;32.025;3.1045;5.40419;5.40419;1;3.1045;1;32.025;1;0;NaN;NaN
TEL2006615_34;MFD_SETNO34;43.063;-62.468833;287909;26;08-mar-06;19:34:43;32.029;3.1095;5.41218;5.41218;1;3.1095;1;32.029;1;0;NaN;NaN
TEL2006615_34;MFD_SETNO34;43.063;-62.468833;287908;50;08-mar-06;19:34:43;32.552;4.9617;4.89412;4.89412;1;4.9617;1;32.552;1;0;NaN;NaN
TEL2006615_34;MFD_SETNO34;43.063;-62.468833;287907;111;08-mar-06;19:34:43;34.766;9.3854;3.05838;3.05838;1;9.3854;1;34.766;1;0;NaN;NaN
TEL2006615_35;MFD_SETNO35;43.025167;-62.101667;287914;5;08-mar-06;23:18:23;32.446;4.198;5.40366;5.40366;1;4.198;1;32.446;1;0;NaN;NaN
TEL2006615_35;MFD_SETNO35;43.025167;-62.101667;287913;26;08-mar-06;23:18:23;32.454;4.2185;5.44187;5.44187;1;4.2185;1;32.454;1;0;NaN;NaN
TEL2006615_35;MFD_SETNO35;43.025167;-62.101667;287912;50;08-mar-06;23:18:23;33.386;7.1373;4.83257;4.83257;1;7.1373;1;33.386;1;0;NaN;NaN
TEL2006615_35;MFD_SETNO35;43.025167;-62.101667;287911;119;08-mar-06;23:18:23;35.03;10.3934;2.95764;2.95764;1;10.3934;1;35.03;1;0;NaN;NaN
TEL2006615_36;MFD_SETNO36;43.322;-62.1295;287918;5;09-mar-06;01:51:53;32.307;4.0334;5.46507;5.46507;1;4.0334;1;32.307;1;0;NaN;NaN
TEL2006615_36;MFD_SETNO36;43.322;-62.1295;287917;25;09-mar-06;01:51:53;32.31;4.0436;5.47632;5.47632;1;4.0436;1;32.31;1;0;NaN;NaN
TEL2006615_36;MFD_SETNO36;43.322;-62.1295;287916;50;09-mar-06;01:51:53;32.513;4.3209;5.27203;5.27203;1;4.3209;1;32.513;1;0;NaN;NaN
TEL2006615_36;MFD_SETNO36;43.322;-62.1295;287915;99;09-mar-06;01:51:53;34.034;8.3915;3.55113;3.55113;1;8.3915;1;34.034;1;0;NaN;NaN
TEL2006615_38;MFD_SETNO38;43.54;-61.906;287922;5;09-mar-06;07:18:16;32.32;3.9965;5.43863;5.43863;1;3.9965;1;32.32;1;0;NaN;NaN
TEL2006615_38;MFD_SETNO38;43.54;-61.906;287921;25;09-mar-06;07:18:16;32.336;3.9983;5.43778;5.43778;1;3.9983;1;32.336;1;0;NaN;NaN
TEL2006615_38;MFD_SETNO38;43.54;-61.906;287920;50;09-mar-06;07:18:16;32.536;4.5225;5.14085;5.14085;1;4.5225;1;32.536;1;0;NaN;NaN
TEL2006615_38;MFD_SETNO38;43.54;-61.906;287919;79;09-mar-06;07:18:16;33.886;8.8385;3.7098;3.7098;1;8.8385;1;33.886;1;0;NaN;NaN
TEL2006615_39;MFD_SETNO39;43.446167;-61.729333;287926;5;09-mar-06;09:24:00;32.152;3.7571;5.36033;5.36033;1;3.7571;1;32.152;1;0;NaN;NaN
TEL2006615_39;MFD_SETNO39;43.446167;-61.729333;287925;25;09-mar-06;09:24:00;32.152;3.7687;5.35174;5.35174;1;3.7687;1;32.152;1;0;NaN;NaN
TEL2006615_39;MFD_SETNO39;43.446167;-61.729333;287924;49;09-mar-06;09:24:00;32.647;5.5457;4.84255;4.84255;1;5.5457;1;32.647;1;0;NaN;NaN
TEL2006615_39;MFD_SETNO39;43.446167;-61.729333;287923;72;09-mar-06;09:24:00;33.883;8.88;3.81249;3.81249;1;8.88;1;33.883;1;0;NaN;NaN
TEL2006615_40;MFD_SETNO40;43.0035;-61.656667;287930;6;09-mar-06;13:49:16;NaN;3.912;NaN;NaN;9;3.912;1;NaN;9;0;NaN;NaN
TEL2006615_40;MFD_SETNO40;43.0035;-61.656667;287929;24;09-mar-06;13:49:16;NaN;4.0829;NaN;NaN;9;4.0829;1;NaN;9;0;NaN;NaN
TEL2006615_40;MFD_SETNO40;43.0035;-61.656667;287928;49;09-mar-06;13:49:16;NaN;7.4438;NaN;NaN;9;7.4438;1;NaN;9;0;NaN;NaN
TEL2006615_40;MFD_SETNO40;43.0035;-61.656667;287927;324;09-mar-06;13:49:16;NaN;7.1764;NaN;NaN;9;7.1764;1;NaN;9;0;NaN;NaN
TEL2006615_41;MFD_SETNO41;43.236667;-61.399833;287934;5;09-mar-06;17:00:40;NaN;3.1161;NaN;NaN;9;3.1161;1;NaN;9;0;NaN;NaN
TEL2006615_41;MFD_SETNO41;43.236667;-61.399833;287933;25;09-mar-06;17:00:40;NaN;3.1964;NaN;NaN;9;3.1964;1;NaN;9;0;NaN;NaN
TEL2006615_41;MFD_SETNO41;43.236667;-61.399833;287932;49;09-mar-06;17:00:40;NaN;4.1306;NaN;NaN;9;4.1306;1;NaN;9;0;NaN;NaN
TEL2006615_41;MFD_SETNO41;43.236667;-61.399833;287931;85;09-mar-06;17:00:40;NaN;8.8619;NaN;NaN;9;8.8619;1;NaN;9;0;NaN;NaN
TEL2006615_42;MFD_SETNO42;43.460667;-60.724333;287938;5;09-mar-06;21:23:03;NaN;1.9254;NaN;NaN;9;1.9254;1;NaN;9;0;NaN;NaN
TEL2006615_42;MFD_SETNO42;43.460667;-60.724333;287937;25;09-mar-06;21:23:03;NaN;1.858;NaN;NaN;9;1.858;1;NaN;9;0;NaN;NaN
TEL2006615_42;MFD_SETNO42;43.460667;-60.724333;287936;49;09-mar-06;21:23:03;NaN;2.1792;NaN;NaN;9;2.1792;1;NaN;9;0;NaN;NaN
TEL2006615_42;MFD_SETNO42;43.460667;-60.724333;287935;83;09-mar-06;21:23:03;NaN;4.278;NaN;NaN;9;4.278;1;NaN;9;0;NaN;NaN
TEL2006615_43;MFD_SETNO43;43.522833;-60.497667;287942;5;09-mar-06;23:24:19;NaN;1.9616;NaN;NaN;9;1.9616;1;NaN;9;0;NaN;NaN
TEL2006615_43;MFD_SETNO43;43.522833;-60.497667;287941;25;09-mar-06;23:24:19;NaN;1.9647;NaN;NaN;9;1.9647;1;NaN;9;0;NaN;NaN
TEL2006615_43;MFD_SETNO43;43.522833;-60.497667;287940;50;09-mar-06;23:24:19;NaN;1.9225;NaN;NaN;9;1.9225;1;NaN;9;0;NaN;NaN
TEL2006615_43;MFD_SETNO43;43.522833;-60.497667;287939;79;09-mar-06;23:24:19;NaN;3.297;NaN;NaN;9;3.297;1;NaN;9;0;NaN;NaN
TEL2006615_44;MFD_SETNO44;43.514667;-60.917667;287946;5;10-mar-06;01:55:34;NaN;2.316;NaN;NaN;9;2.316;1;NaN;9;0;NaN;NaN
TEL2006615_44;MFD_SETNO44;43.514667;-60.917667;287945;26;10-mar-06;01:55:34;NaN;2.334;NaN;NaN;9;2.334;1;NaN;9;0;NaN;NaN
TEL2006615_44;MFD_SETNO44;43.514667;-60.917667;287944;50;10-mar-06;01:55:34;NaN;5.4147;NaN;NaN;9;5.4147;1;NaN;9;0;NaN;NaN
TEL2006615_44;MFD_SETNO44;43.514667;-60.917667;287943;66;10-mar-06;01:55:34;NaN;5.3957;NaN;NaN;9;5.3957;1;NaN;9;0;NaN;NaN
TEL2006615_45;MFD_SETNO45;43.4785;-61.043167;287950;6;10-mar-06;03:21:39;NaN;2.5917;NaN;NaN;9;2.5917;1;NaN;9;0;NaN;NaN
TEL2006615_45;MFD_SETNO45;43.4785;-61.043167;287949;26;10-mar-06;03:21:39;NaN;2.6047;NaN;NaN;9;2.6047;1;NaN;9;0;NaN;NaN
TEL2006615_45;MFD_SETNO45;43.4785;-61.043167;287948;51;10-mar-06;03:21:39;NaN;3.4819;NaN;NaN;9;3.4819;1;NaN;9;0;NaN;NaN
TEL2006615_45;MFD_SETNO45;43.4785;-61.043167;287947;68;10-mar-06;03:21:39;NaN;5.2346;NaN;NaN;9;5.2346;1;NaN;9;0;NaN;NaN
TEL2006615_47;MFD_SETNO47;43.6439;-61.2524;287951;6;10-mar-06;09:18:18;32.147;3.7609;7.02;7.02;1;3.7609;1;32.147;1;0;NaN;NaN
TEL2006615_48;MFD_SETNO48;43.541667;-61.256;287952;6;10-mar-06;10:55:25;32.923;5.6261;6.43;6.43;1;5.6261;1;32.923;1;0;NaN;NaN
TEL2006615_49;MFD_SETNO49;43.653667;-61.194667;287953;5;10-mar-06;13:00:53;32.149;3.7616;7;7;1;3.7616;1;32.149;1;0;NaN;NaN
TEL2006615_50;MFD_SETNO50;43.8985;-61.146;287954;5;10-mar-06;15:10:19;32.276;4.0259;6.91;6.91;1;4.0259;1;32.276;1;0;NaN;NaN
TEL2006615_51;MFD_SETNO51;43.831333;-60.901167;287955;5;10-mar-06;17:50:15;31.895;2.8804;7.43;7.43;1;2.8804;1;31.895;1;0;NaN;NaN
TEL2006615_52;MFD_SETNO52;43.981667;-60.720667;287956;5;10-mar-06;20:10:27;31.873;1.8581;7.9;7.9;1;1.8581;1;31.873;1;0;NaN;NaN
TEL2006615_53;MFD_SETNO53;43.894833;-60.671;287957;5;10-mar-06;21:42:25;31.869;1.672;7.9;7.9;1;1.672;1;31.869;1;0;NaN;NaN
TEL2006615_54;MFD_SETNO54;43.7385;-60.522;287958;5;11-mar-06;00:00:12;32.358;3.9125;6.87;6.87;1;3.9125;1;32.358;1;0;NaN;NaN
TEL2006615_57;MFD_SETNO57;43.6142;60.3756;287959;1;11-mar-06;05:45:00;NaN;NaN;NaN;NaN;9;NaN;9;NaN;9;0;NaN;NaN
TEL2006615_58;MFD_SETNO58;43.4438;60.5349;287960;1;11-mar-06;08:26:59;NaN;NaN;NaN;NaN;9;NaN;9;NaN;9;0;NaN;NaN
TEL2006615_59;MFD_SETNO59;43.409333;-60.489;287964;6;11-mar-06;10:48:31;NaN;2.0444;NaN;NaN;9;2.0444;1;NaN;9;0;NaN;NaN
TEL2006615_59;MFD_SETNO59;43.409333;-60.489;287963;25;11-mar-06;10:48:31;NaN;2.0557;NaN;NaN;9;2.0557;1;NaN;9;0;NaN;NaN
TEL2006615_59;MFD_SETNO59;43.409333;-60.489;287962;50;11-mar-06;10:48:31;NaN;2.0543;NaN;NaN;9;2.0543;1;NaN;9;0;NaN;NaN
TEL2006615_59;MFD_SETNO59;43.409333;-60.489;287961;203;11-mar-06;10:48:31;NaN;8.5536;NaN;NaN;9;8.5536;1;NaN;9;0;NaN;NaN
TEL2006615_60;MFD_SETNO60;43.509167;-60.2565;287968;5;11-mar-06;13:05:40;NaN;2.0967;NaN;NaN;9;2.0967;1;NaN;9;0;NaN;NaN
TEL2006615_60;MFD_SETNO60;43.509167;-60.2565;287967;25;11-mar-06;13:05:40;NaN;2.0926;NaN;NaN;9;2.0926;1;NaN;9;0;NaN;NaN
TEL2006615_60;MFD_SETNO60;43.509167;-60.2565;287966;50;11-mar-06;13:05:40;NaN;2.0727;NaN;NaN;9;2.0727;1;NaN;9;0;NaN;NaN
TEL2006615_60;MFD_SETNO60;43.509167;-60.2565;287965;109;11-mar-06;13:05:40;NaN;4.4907;NaN;NaN;9;4.4907;1;NaN;9;0;NaN;NaN
TEL2006615_61;MFD_SETNO61;43.481333;-60.123833;287972;6;11-mar-06;14:54:22;NaN;1.9804;NaN;NaN;9;1.9804;1;NaN;9;0;NaN;NaN
TEL2006615_61;MFD_SETNO61;43.481333;-60.123833;287971;25;11-mar-06;14:54:22;NaN;1.9525;NaN;NaN;9;1.9525;1;NaN;9;0;NaN;NaN
TEL2006615_61;MFD_SETNO61;43.481333;-60.123833;287970;49;11-mar-06;14:54:22;NaN;1.9275;NaN;NaN;9;1.9275;1;NaN;9;0;NaN;NaN
TEL2006615_61;MFD_SETNO61;43.481333;-60.123833;287969;207;11-mar-06;14:54:22;NaN;7.236;NaN;NaN;9;7.236;1;NaN;9;0;NaN;NaN
TEL2006615_62;MFD_SETNO62;43.704833;-60.2045;287976;5;11-mar-06;17:18:51;NaN;2.4501;NaN;NaN;9;2.4501;1;NaN;9;0;NaN;NaN
TEL2006615_62;MFD_SETNO62;43.704833;-60.2045;287975;26;11-mar-06;17:18:51;NaN;2.4552;NaN;NaN;9;2.4552;1;NaN;9;0;NaN;NaN
TEL2006615_62;MFD_SETNO62;43.704833;-60.2045;287973;51;11-mar-06;17:18:51;NaN;2.6636;NaN;NaN;9;2.6636;7;NaN;9;512;NaN;NaN
TEL2006615_62;MFD_SETNO62;43.704833;-60.2045;287974;51;11-mar-06;17:18:51;NaN;2.6638;NaN;NaN;9;2.6638;7;NaN;9;512;NaN;NaN
TEL2006615_63;MFD_SETNO63;43.814167;-59.961333;287979;5;11-mar-06;19:25:45;NaN;2.0274;NaN;NaN;9;2.0274;1;NaN;9;0;NaN;NaN
TEL2006615_63;MFD_SETNO63;43.814167;-59.961333;287978;26;11-mar-06;19:25:45;NaN;2.0319;NaN;NaN;9;2.0319;1;NaN;9;0;NaN;NaN
TEL2006615_63;MFD_SETNO63;43.814167;-59.961333;287977;43;11-mar-06;19:25:45;NaN;2.4042;NaN;NaN;9;2.4042;1;NaN;9;0;NaN;NaN
TEL2006615_64;MFD_SETNO64;43.847;-59.833833;287982;6;11-mar-06;20:55:43;NaN;2.0322;NaN;NaN;9;2.0322;1;NaN;9;0;NaN;NaN
TEL2006615_64;MFD_SETNO64;43.847;-59.833833;287981;25;11-mar-06;20:55:43;NaN;1.9844;NaN;NaN;9;1.9844;1;NaN;9;0;NaN;NaN
TEL2006615_64;MFD_SETNO64;43.847;-59.833833;287980;40;11-mar-06;20:55:43;NaN;1.8078;NaN;NaN;9;1.8078;1;NaN;9;0;NaN;NaN
TEL2006615_65;MFD_SETNO65;43.652333;-59.418;287986;6;11-mar-06;23:57:03;NaN;1.9403;NaN;NaN;9;1.9403;1;NaN;9;0;NaN;NaN
TEL2006615_65;MFD_SETNO65;43.652333;-59.418;287985;26;11-mar-06;23:57:03;NaN;1.7067;NaN;NaN;9;1.7067;1;NaN;9;0;NaN;NaN
TEL2006615_65;MFD_SETNO65;43.652333;-59.418;287984;50;11-mar-06;23:57:03;NaN;1.7734;NaN;NaN;9;1.7734;1;NaN;9;0;NaN;NaN
TEL2006615_65;MFD_SETNO65;43.652333;-59.418;287983;218;11-mar-06;23:57:03;NaN;7.0354;NaN;NaN;9;7.0354;1;NaN;9;0;NaN;NaN
TEL2006615_66;MFD_SETNO66;43.758833;-59.160333;287990;5;12-mar-06;02:08:22;NaN;1.789;NaN;NaN;9;1.789;1;NaN;9;0;NaN;NaN
TEL2006615_66;MFD_SETNO66;43.758833;-59.160333;287989;25;12-mar-06;02:08:22;NaN;1.792;NaN;NaN;9;1.792;1;NaN;9;0;NaN;NaN
TEL2006615_66;MFD_SETNO66;43.758833;-59.160333;287988;49;12-mar-06;02:08:22;NaN;1.7897;NaN;NaN;9;1.7897;1;NaN;9;0;NaN;NaN
TEL2006615_66;MFD_SETNO66;43.758833;-59.160333;287987;124;12-mar-06;02:08:22;NaN;3.5933;NaN;NaN;9;3.5933;1;NaN;9;0;NaN;NaN
TEL2006615_67;MFD_SETNO67;43.939333;-59.248833;287993;5;12-mar-06;04:34:49;NaN;1.9652;NaN;NaN;9;1.9652;1;NaN;9;0;NaN;NaN
TEL2006615_67;MFD_SETNO67;43.939333;-59.248833;287992;24;12-mar-06;04:34:49;NaN;1.9695;NaN;NaN;9;1.9695;1;NaN;9;0;NaN;NaN
TEL2006615_67;MFD_SETNO67;43.939333;-59.248833;287991;43;12-mar-06;04:34:49;NaN;1.9674;NaN;NaN;9;1.9674;1;NaN;9;0;NaN;NaN
TEL2006615_68;MFD_SETNO68;44.182167;-59.258167;287997;6;12-mar-06;07:25:18;NaN;1.9296;NaN;NaN;9;1.9296;1;NaN;9;0;NaN;NaN
TEL2006615_68;MFD_SETNO68;44.182167;-59.258167;287996;25;12-mar-06;07:25:18;NaN;1.9305;NaN;NaN;9;1.9305;1;NaN;9;0;NaN;NaN
TEL2006615_68;MFD_SETNO68;44.182167;-59.258167;287995;50;12-mar-06;07:25:18;NaN;1.9737;NaN;NaN;9;1.9737;1;NaN;9;0;NaN;NaN
TEL2006615_68;MFD_SETNO68;44.182167;-59.258167;287994;180;12-mar-06;07:25:18;NaN;4.6406;NaN;NaN;9;4.6406;1;NaN;9;0;NaN;NaN
TEL2006615_69;MFD_SETNO69;44.179;-59.381333;288001;6;12-mar-06;09:17:21;NaN;1.9435;NaN;NaN;9;1.9435;1;NaN;9;0;NaN;NaN
TEL2006615_69;MFD_SETNO69;44.179;-59.381333;288000;25;12-mar-06;09:17:21;NaN;1.9436;NaN;NaN;9;1.9436;1;NaN;9;0;NaN;NaN
TEL2006615_69;MFD_SETNO69;44.179;-59.381333;287999;51;12-mar-06;09:17:21;NaN;1.9374;NaN;NaN;9;1.9374;1;NaN;9;0;NaN;NaN
TEL2006615_69;MFD_SETNO69;44.179;-59.381333;287998;258;12-mar-06;09:17:21;NaN;4.7333;NaN;NaN;9;4.7333;1;NaN;9;0;NaN;NaN
TEL2006615_70;MFD_SETNO70;44.310833;-59.294;288005;6;12-mar-06;12:00:04;NaN;1.8669;NaN;NaN;9;1.8669;1;NaN;9;0;NaN;NaN
TEL2006615_70;MFD_SETNO70;44.310833;-59.294;288004;25;12-mar-06;12:00:04;NaN;1.8634;NaN;NaN;9;1.8634;1;NaN;9;0;NaN;NaN
TEL2006615_70;MFD_SETNO70;44.310833;-59.294;288003;51;12-mar-06;12:00:04;NaN;2.0803;NaN;NaN;9;2.0803;1;NaN;9;0;NaN;NaN
TEL2006615_70;MFD_SETNO70;44.310833;-59.294;288002;149;12-mar-06;12:00:04;NaN;4.5206;NaN;NaN;9;4.5206;1;NaN;9;0;NaN;NaN
TEL2006615_71;MFD_SETNO71;44.351667;-59.114833;288009;6;12-mar-06;14:01:42;NaN;2.0161;NaN;NaN;9;2.0161;1;NaN;9;0;NaN;NaN
TEL2006615_71;MFD_SETNO71;44.351667;-59.114833;288008;26;12-mar-06;14:01:42;NaN;2.0054;NaN;NaN;9;2.0054;1;NaN;9;0;NaN;NaN
TEL2006615_71;MFD_SETNO71;44.351667;-59.114833;288007;50;12-mar-06;14:01:42;NaN;2.2399;NaN;NaN;9;2.2399;1;NaN;9;0;NaN;NaN
TEL2006615_71;MFD_SETNO71;44.351667;-59.114833;288006;104;12-mar-06;14:01:42;NaN;3.9218;NaN;NaN;9;3.9218;1;NaN;9;0;NaN;NaN
TEL2006615_72;MFD_SETNO72;44.393833;-58.762333;288013;5;12-mar-06;16:31:30;NaN;1.7259;NaN;NaN;9;1.7259;1;NaN;9;0;NaN;NaN
TEL2006615_72;MFD_SETNO72;44.393833;-58.762333;288012;26;12-mar-06;16:31:30;NaN;1.7098;NaN;NaN;9;1.7098;1;NaN;9;0;NaN;NaN
TEL2006615_72;MFD_SETNO72;44.393833;-58.762333;288011;48;12-mar-06;16:31:30;NaN;1.9421;NaN;NaN;9;1.9421;1;NaN;9;0;NaN;NaN
TEL2006615_72;MFD_SETNO72;44.393833;-58.762333;288010;63;12-mar-06;16:31:30;NaN;2.9523;NaN;NaN;9;2.9523;1;NaN;9;0;NaN;NaN
TEL2006615_73;MFD_SETNO73;44.575667;-58.687667;288017;5;12-mar-06;19:20:41;NaN;1.1822;NaN;NaN;9;1.1822;1;NaN;9;0;NaN;NaN
TEL2006615_73;MFD_SETNO73;44.575667;-58.687667;288016;24;12-mar-06;19:20:41;NaN;1.1817;NaN;NaN;9;1.1817;1;NaN;9;0;NaN;NaN
TEL2006615_73;MFD_SETNO73;44.575667;-58.687667;288015;49;12-mar-06;19:20:41;NaN;1.5432;NaN;NaN;9;1.5432;1;NaN;9;0;NaN;NaN
TEL2006615_73;MFD_SETNO73;44.575667;-58.687667;288014;66;12-mar-06;19:20:41;NaN;1.5905;NaN;NaN;9;1.5905;1;NaN;9;0;NaN;NaN
TEL2006615_74;MFD_SETNO74;44.566667;-59.058;288021;5;12-mar-06;21:49:42;NaN;1.6764;NaN;NaN;9;1.6764;1;NaN;9;0;NaN;NaN
TEL2006615_74;MFD_SETNO74;44.566667;-59.058;288020;25;12-mar-06;21:49:42;NaN;1.7341;NaN;NaN;9;1.7341;1;NaN;9;0;NaN;NaN
TEL2006615_74;MFD_SETNO74;44.566667;-59.058;288019;49;12-mar-06;21:49:42;NaN;1.7378;NaN;NaN;9;1.7378;1;NaN;9;0;NaN;NaN
TEL2006615_74;MFD_SETNO74;44.566667;-59.058;288018;54;12-mar-06;21:49:42;NaN;1.737;NaN;NaN;9;1.737;1;NaN;9;0;NaN;NaN
TEL2006615_75;MFD_SETNO75;44.6615;-59.123667;288025;6;12-mar-06;23:42:16;NaN;1.0497;NaN;NaN;9;1.0497;1;NaN;9;0;NaN;NaN
TEL2006615_75;MFD_SETNO75;44.6615;-59.123667;288024;25;12-mar-06;23:42:16;NaN;1.0545;NaN;NaN;9;1.0545;1;NaN;9;0;NaN;NaN
TEL2006615_75;MFD_SETNO75;44.6615;-59.123667;288023;49;12-mar-06;23:42:16;NaN;1.4686;NaN;NaN;9;1.4686;1;NaN;9;0;NaN;NaN
TEL2006615_75;MFD_SETNO75;44.6615;-59.123667;288022;122;12-mar-06;23:42:16;NaN;2.5423;NaN;NaN;9;2.5423;1;NaN;9;0;NaN;NaN
TEL2006615_76;MFD_SETNO76;44.768;-58.927833;288029;5;13-mar-06;02:03:02;NaN;0.857;NaN;NaN;9;0.857;1;NaN;9;0;NaN;NaN
TEL2006615_76;MFD_SETNO76;44.768;-58.927833;288028;26;13-mar-06;02:03:02;NaN;0.8751;NaN;NaN;9;0.8751;1;NaN;9;0;NaN;NaN
TEL2006615_76;MFD_SETNO76;44.768;-58.927833;288027;50;13-mar-06;02:03:02;NaN;0.8632;NaN;NaN;9;0.8632;1;NaN;9;0;NaN;NaN
TEL2006615_76;MFD_SETNO76;44.768;-58.927833;288026;267;13-mar-06;02:03:02;NaN;2.9502;NaN;NaN;9;2.9502;1;NaN;9;0;NaN;NaN
TEL2006615_78;MFD_SETNO78;44.773333;-59.0165;288033;5;13-mar-06;06:11:48;NaN;0.8812;NaN;NaN;9;0.8812;1;NaN;9;0;NaN;NaN
TEL2006615_78;MFD_SETNO78;44.773333;-59.0165;288032;26;13-mar-06;06:11:48;NaN;0.873;NaN;NaN;9;0.873;1;NaN;9;0;NaN;NaN
TEL2006615_78;MFD_SETNO78;44.773333;-59.0165;288031;50;13-mar-06;06:11:48;NaN;0.8487;NaN;NaN;9;0.8487;1;NaN;9;0;NaN;NaN
TEL2006615_78;MFD_SETNO78;44.773333;-59.0165;288030;239;13-mar-06;06:11:48;NaN;2.9328;NaN;NaN;9;2.9328;1;NaN;9;0;NaN;NaN
TEL2006615_79;MFD_SETNO79;44.848333;-58.852667;288037;5;13-mar-06;09:06:44;NaN;0.7208;NaN;NaN;9;0.7208;1;NaN;9;0;NaN;NaN
TEL2006615_79;MFD_SETNO79;44.848333;-58.852667;288036;25;13-mar-06;09:06:44;NaN;0.7748;NaN;NaN;9;0.7748;1;NaN;9;0;NaN;NaN
TEL2006615_79;MFD_SETNO79;44.848333;-58.852667;288035;50;13-mar-06;09:06:44;NaN;1.8593;NaN;NaN;9;1.8593;1;NaN;9;0;NaN;NaN
TEL2006615_79;MFD_SETNO79;44.848333;-58.852667;288034;199;13-mar-06;09:06:44;NaN;2.9046;NaN;NaN;9;2.9046;1;NaN;9;0;NaN;NaN
TEL2006615_80;MFD_SETNO80;44.917;-58.5405;288041;5;13-mar-06;11:53:01;NaN;0.8162;NaN;NaN;9;0.8162;1;NaN;9;0;NaN;NaN
TEL2006615_80;MFD_SETNO80;44.917;-58.5405;288040;26;13-mar-06;11:53:01;NaN;0.9806;NaN;NaN;9;0.9806;1;NaN;9;0;NaN;NaN
TEL2006615_80;MFD_SETNO80;44.917;-58.5405;288039;50;13-mar-06;11:53:01;NaN;1.2981;NaN;NaN;9;1.2981;1;NaN;9;0;NaN;NaN
TEL2006615_80;MFD_SETNO80;44.917;-58.5405;288038;252;13-mar-06;11:53:01;NaN;2.948;NaN;NaN;9;2.948;1;NaN;9;0;NaN;NaN
TEL2006615_81;MFD_SETNO81;44.941833;-58.442667;288045;6;13-mar-06;15:27:48;NaN;0.9072;NaN;NaN;9;0.9072;1;NaN;9;0;NaN;NaN
TEL2006615_81;MFD_SETNO81;44.941833;-58.442667;288044;26;13-mar-06;15:27:48;NaN;0.8774;NaN;NaN;9;0.8774;1;NaN;9;0;NaN;NaN
TEL2006615_81;MFD_SETNO81;44.941833;-58.442667;288043;50;13-mar-06;15:27:48;NaN;1.018;NaN;NaN;9;1.018;1;NaN;9;0;NaN;NaN
TEL2006615_81;MFD_SETNO81;44.941833;-58.442667;288042;156;13-mar-06;15:27:48;NaN;2.8225;NaN;NaN;9;2.8225;1;NaN;9;0;NaN;NaN
TEL2006615_82;MFD_SETNO82;44.944167;-58.753;288049;5;13-mar-06;19:21:57;NaN;0.9632;NaN;NaN;9;0.9632;1;NaN;9;0;NaN;NaN
TEL2006615_82;MFD_SETNO82;44.944167;-58.753;288048;25;13-mar-06;19:21:57;NaN;0.9688;NaN;NaN;9;0.9688;1;NaN;9;0;NaN;NaN
TEL2006615_82;MFD_SETNO82;44.944167;-58.753;288047;49;13-mar-06;19:21:57;NaN;1.1403;NaN;NaN;9;1.1403;1;NaN;9;0;NaN;NaN
TEL2006615_82;MFD_SETNO82;44.944167;-58.753;288046;92;13-mar-06;19:21:57;NaN;2.3275;NaN;NaN;9;2.3275;1;NaN;9;0;NaN;NaN
TEL2006615_83;MFD_SETNO83;45.185333;-58.941667;288053;5;13-mar-06;22:09:50;NaN;0.6334;NaN;NaN;9;0.6334;1;NaN;9;0;NaN;NaN
TEL2006615_83;MFD_SETNO83;45.185333;-58.941667;288052;26;13-mar-06;22:09:50;NaN;0.642;NaN;NaN;9;0.642;1;NaN;9;0;NaN;NaN
TEL2006615_83;MFD_SETNO83;45.185333;-58.941667;288051;51;13-mar-06;22:09:50;NaN;1.2867;NaN;NaN;9;1.2867;1;NaN;9;0;NaN;NaN
TEL2006615_83;MFD_SETNO83;45.185333;-58.941667;288050;75;13-mar-06;22:09:50;NaN;1.6904;NaN;NaN;9;1.6904;1;NaN;9;0;NaN;NaN
TEL2006615_84;MFD_SETNO84;45.303;-58.876833;288057;6;13-mar-06;23:51:54;NaN;0.6674;NaN;NaN;9;0.6674;1;NaN;9;0;NaN;NaN
TEL2006615_84;MFD_SETNO84;45.303;-58.876833;288056;26;13-mar-06;23:51:54;NaN;0.7041;NaN;NaN;9;0.7041;1;NaN;9;0;NaN;NaN
TEL2006615_84;MFD_SETNO84;45.303;-58.876833;288055;51;13-mar-06;23:51:54;NaN;0.76;NaN;NaN;9;0.76;1;NaN;9;0;NaN;NaN
TEL2006615_84;MFD_SETNO84;45.303;-58.876833;288054;81;13-mar-06;23:51:54;NaN;1.7394;NaN;NaN;9;1.7394;1;NaN;9;0;NaN;NaN
TEL2006615_85;MFD_SETNO85;45.521333;-58.723;288061;5;14-mar-06;02:18:25;NaN;0.9335;NaN;NaN;9;0.9335;1;NaN;9;0;NaN;NaN
TEL2006615_85;MFD_SETNO85;45.521333;-58.723;288060;25;14-mar-06;02:18:25;NaN;0.9444;NaN;NaN;9;0.9444;1;NaN;9;0;NaN;NaN
TEL2006615_85;MFD_SETNO85;45.521333;-58.723;288059;50;14-mar-06;02:18:25;NaN;0.8895;NaN;NaN;9;0.8895;1;NaN;9;0;NaN;NaN
TEL2006615_85;MFD_SETNO85;45.521333;-58.723;288058;79;14-mar-06;02:18:25;NaN;1.2007;NaN;NaN;9;1.2007;1;NaN;9;0;NaN;NaN
TEL2006615_86;MFD_SETNO86;45.558;-58.851333;288065;5;14-mar-06;04:06:40;NaN;0.9027;NaN;NaN;9;0.9027;1;NaN;9;0;NaN;NaN
TEL2006615_86;MFD_SETNO86;45.558;-58.851333;288064;26;14-mar-06;04:06:40;NaN;0.9413;NaN;NaN;9;0.9413;1;NaN;9;0;NaN;NaN
TEL2006615_86;MFD_SETNO86;45.558;-58.851333;288063;50;14-mar-06;04:06:40;NaN;1.1157;NaN;NaN;9;1.1157;1;NaN;9;0;NaN;NaN
TEL2006615_86;MFD_SETNO86;45.558;-58.851333;288062;108;14-mar-06;04:06:40;NaN;2.207;NaN;NaN;9;2.207;1;NaN;9;0;NaN;NaN
TEL2006615_87;MFD_SETNO87;45.5445;-59.624167;288069;5;14-mar-06;08:27:23;NaN;-0.4579;NaN;NaN;9;-0.4579;1;NaN;9;0;NaN;NaN
TEL2006615_87;MFD_SETNO87;45.5445;-59.624167;288068;25;14-mar-06;08:27:23;NaN;-0.0239;NaN;NaN;9;-0.0239;1;NaN;9;0;NaN;NaN
TEL2006615_87;MFD_SETNO87;45.5445;-59.624167;288067;50;14-mar-06;08:27:23;NaN;2.1121;NaN;NaN;9;2.1121;1;NaN;9;0;NaN;NaN
TEL2006615_88;MFD_SETNO88;45.510667;-59.729667;288073;5;14-mar-06;09:56:32;NaN;0.0455;NaN;NaN;9;0.0455;1;NaN;9;0;NaN;NaN
TEL2006615_88;MFD_SETNO88;45.510667;-59.729667;288072;25;14-mar-06;09:56:32;NaN;0.0319;NaN;NaN;9;0.0319;1;NaN;9;0;NaN;NaN
TEL2006615_88;MFD_SETNO88;45.510667;-59.729667;288071;50;14-mar-06;09:56:32;NaN;0.1238;NaN;NaN;9;0.1238;1;NaN;9;0;NaN;NaN
TEL2006615_88;MFD_SETNO88;45.510667;-59.729667;288070;141;14-mar-06;09:56:32;NaN;2.1413;NaN;NaN;9;2.1413;1;NaN;9;0;NaN;NaN
TEL2006615_89;MFD_SETNO89;45.521333;-59.9315;288077;5;14-mar-06;11:59:50;NaN;0.2618;NaN;NaN;9;0.2618;1;NaN;9;0;NaN;NaN
TEL2006615_89;MFD_SETNO89;45.521333;-59.9315;288076;26;14-mar-06;11:59:50;NaN;0.2619;NaN;NaN;9;0.2619;1;NaN;9;0;NaN;NaN
TEL2006615_89;MFD_SETNO89;45.521333;-59.9315;288075;50;14-mar-06;11:59:50;NaN;0.9469;NaN;NaN;9;0.9469;1;NaN;9;0;NaN;NaN
TEL2006615_89;MFD_SETNO89;45.521333;-59.9315;288074;162;14-mar-06;11:59:50;NaN;2.1385;NaN;NaN;9;2.1385;1;NaN;9;0;NaN;NaN
TEL2006615_90;MFD_SETNO90;45.420833;-60.1665;288081;5;14-mar-06;14:01:23;NaN;-0.2097;NaN;NaN;9;-0.2097;1;NaN;9;0;NaN;NaN
TEL2006615_90;MFD_SETNO90;45.420833;-60.1665;288080;24;14-mar-06;14:01:23;NaN;-0.1846;NaN;NaN;9;-0.1846;1;NaN;9;0;NaN;NaN
TEL2006615_90;MFD_SETNO90;45.420833;-60.1665;288079;50;14-mar-06;14:01:23;NaN;-0.3382;NaN;NaN;9;-0.3382;1;NaN;9;0;NaN;NaN
TEL2006615_90;MFD_SETNO90;45.420833;-60.1665;288078;144;14-mar-06;14:01:23;NaN;2.1673;NaN;NaN;9;2.1673;1;NaN;9;0;NaN;NaN
TEL2006615_91;MFD_SETNO91;45.2705;-60.4645;288085;5;14-mar-06;16:14:48;NaN;-0.1995;NaN;NaN;9;-0.1995;1;NaN;9;0;NaN;NaN
TEL2006615_91;MFD_SETNO91;45.2705;-60.4645;288084;25;14-mar-06;16:14:48;NaN;-0.2432;NaN;NaN;9;-0.2432;1;NaN;9;0;NaN;NaN
TEL2006615_91;MFD_SETNO91;45.2705;-60.4645;288083;50;14-mar-06;16:14:48;NaN;-0.2891;NaN;NaN;9;-0.2891;1;NaN;9;0;NaN;NaN
TEL2006615_91;MFD_SETNO91;45.2705;-60.4645;288082;126;14-mar-06;16:14:48;NaN;1.4644;NaN;NaN;9;1.4644;1;NaN;9;0;NaN;NaN
TEL2006615_92;MFD_SETNO92;44.268667;-63.323333;288095;3;15-mar-06;05:34:44;NaN;0.2878;NaN;NaN;9;0.2878;1;NaN;9;0;NaN;NaN
TEL2006615_92;MFD_SETNO92;44.268667;-63.323333;288094;5;15-mar-06;05:34:44;NaN;0.297;NaN;NaN;9;0.297;1;NaN;9;0;NaN;NaN
TEL2006615_92;MFD_SETNO92;44.268667;-63.323333;288093;10;15-mar-06;05:34:44;NaN;0.2984;NaN;NaN;9;0.2984;1;NaN;9;0;NaN;NaN
TEL2006615_92;MFD_SETNO92;44.268667;-63.323333;288092;21;15-mar-06;05:34:44;NaN;0.2866;NaN;NaN;9;0.2866;1;NaN;9;0;NaN;NaN
TEL2006615_92;MFD_SETNO92;44.268667;-63.323333;288091;31;15-mar-06;05:34:44;NaN;0.3191;NaN;NaN;9;0.3191;1;NaN;9;0;NaN;NaN
TEL2006615_92;MFD_SETNO92;44.268667;-63.323333;288090;41;15-mar-06;05:34:44;NaN;1.2124;NaN;NaN;9;1.2124;1;NaN;9;0;NaN;NaN
TEL2006615_92;MFD_SETNO92;44.268667;-63.323333;288089;50;15-mar-06;05:34:44;NaN;1.4026;NaN;NaN;9;1.4026;1;NaN;9;0;NaN;NaN
TEL2006615_92;MFD_SETNO92;44.268667;-63.323333;288088;75;15-mar-06;05:34:44;NaN;1.5529;NaN;NaN;9;1.5529;1;NaN;9;0;NaN;NaN
TEL2006615_92;MFD_SETNO92;44.268667;-63.323333;288087;98;15-mar-06;05:34:44;NaN;2.0529;NaN;NaN;9;2.0529;1;NaN;9;0;NaN;NaN
TEL2006615_92;MFD_SETNO92;44.268667;-63.323333;288086;163;15-mar-06;05:34:44;NaN;8.5408;NaN;NaN;9;8.5408;1;NaN;9;0;NaN;NaN
