CTD;CTD;CTD;CTD;CTD;CTD;CTD;CTD;CTD;CTD;CTD;labo;labo;terrain;labo;labo;labo;labo;calc;calc
Fichier;Station;Latitude;Longitude;Echantillon;zbouteille;Date;Heure;PSAL;TEMP_XX;DOXY;OXY_XX;Q_OXY;TEMP_RT;Q_TEMP_RT;SSAL_BS;Q_SSAL;QCFF;N_P;N_Si
(nom);(nom/no);(degres);(degres);(no_unique);(dbar);(jj-mmm-yyyy);(GMT);(psu);(celsius);(ml/l);(ml/l);((none));(celsius);((none));(g/kg);((none));((none));((none));((none))
TEL2004530_0;MFD_SETNO0;44.270117;63.3215;257822;3;18-jul-04;02:22:03;30.88;14.081;4.6223;4.6223;1;14.081;1;30.88;1;0;NaN;NaN
TEL2004530_0;MFD_SETNO0;44.270117;63.3215;257821;5;18-jul-04;02:22:03;30.88;14.086;4.6205;4.6205;1;14.086;1;30.88;1;0;NaN;NaN
TEL2004530_0;MFD_SETNO0;44.270117;63.3215;257820;10;18-jul-04;02:22:03;30.886;14.001;4.622;4.622;1;14.001;1;30.886;1;0;NaN;NaN
TEL2004530_0;MFD_SETNO0;44.270117;63.3215;257819;20;18-jul-04;02:22:03;31.528;5.219;4.4228;4.4228;1;5.219;1;31.528;1;0;NaN;NaN
TEL2004530_0;MFD_SETNO0;44.270117;63.3215;257818;30;18-jul-04;02:22:03;31.761;2.908;4.8469;4.8469;1;2.908;1;31.761;1;0;NaN;NaN
TEL2004530_0;MFD_SETNO0;44.270117;63.3215;257817;40;18-jul-04;02:22:03;32.235;4.435;5.1753;5.1753;1;4.435;1;32.235;1;0;NaN;NaN
TEL2004530_0;MFD_SETNO0;44.270117;63.3215;257816;50;18-jul-04;02:22:03;32.304;3.147;5.2876;5.2876;1;3.147;1;32.304;1;0;NaN;NaN
TEL2004530_0;MFD_SETNO0;44.270117;63.3215;257815;75;18-jul-04;02:22:03;32.532;1.853;4.878;4.878;1;1.853;1;32.532;1;0;NaN;NaN
TEL2004530_0;MFD_SETNO0;44.270117;63.3215;257814;100;18-jul-04;02:22:03;32.815;2.708;4.5923;4.5923;1;2.708;1;32.815;1;0;NaN;NaN
TEL2004530_0;MFD_SETNO0;44.270117;63.3215;257813;149;18-jul-04;02:22:03;33.781;6.023;3.4102;3.4102;1;6.023;1;33.781;1;0;NaN;NaN
TEL2004530_1;MFD_SETNO1;44.553133;62.290033;257826;5;18-jul-04;08:08:17;31.34;15.374;4.3884;4.3884;1;15.374;1;31.34;1;0;NaN;NaN
TEL2004530_1;MFD_SETNO1;44.553133;62.290033;257825;25;18-jul-04;08:08:17;31.628;2.731;4.5478;4.5478;1;2.731;1;31.628;1;0;NaN;NaN
TEL2004530_1;MFD_SETNO1;44.553133;62.290033;257824;50;18-jul-04;08:08:17;32.179;2.696;5.0966;5.0966;1;2.696;1;32.179;1;0;NaN;NaN
TEL2004530_1;MFD_SETNO1;44.553133;62.290033;257823;153;18-jul-04;08:08:17;34.311;7.732;2.8644;2.8644;1;7.732;1;34.311;1;0;NaN;NaN
TEL2004530_2;MFD_SETNO2;44.699667;62.234067;257830;5;18-jul-04;10:00:37;30.954;15.07;4.5056;4.5056;1;15.07;1;30.954;1;0;NaN;NaN
TEL2004530_2;MFD_SETNO2;44.699667;62.234067;257829;25;18-jul-04;10:00:37;31.433;5.124;4.6135;4.6135;1;5.124;1;31.433;1;0;NaN;NaN
TEL2004530_2;MFD_SETNO2;44.699667;62.234067;257828;50;18-jul-04;10:00:37;31.703;1.902;4.8165;4.8165;1;1.902;1;31.703;1;0;NaN;NaN
TEL2004530_2;MFD_SETNO2;44.699667;62.234067;257827;113;18-jul-04;10:00:37;32.75;2.508;4.5849;4.5849;1;2.508;1;32.75;1;0;NaN;NaN
TEL2004530_3;MFD_SETNO3;44.443183;62.092467;257834;5;18-jul-04;13:16:17;31.561;15.507;4.2075;4.2075;1;15.507;1;31.561;1;0;NaN;NaN
TEL2004530_3;MFD_SETNO3;44.443183;62.092467;257833;25;18-jul-04;13:16:17;31.73;5.668;4.6421;4.6421;1;5.668;1;31.73;1;0;NaN;NaN
TEL2004530_3;MFD_SETNO3;44.443183;62.092467;257832;50;18-jul-04;13:16:17;32.374;2.5;4.7023;4.7023;1;2.5;1;32.374;1;0;NaN;NaN
TEL2004530_3;MFD_SETNO3;44.443183;62.092467;257831;220;18-jul-04;13:16:17;34.845;9.391;1.9046;1.9046;1;9.391;1;34.845;1;0;NaN;NaN
TEL2004530_4;MFD_SETNO4;44.0457;61.681217;257838;5;18-jul-04;17:19:24;31.83;16.24;4.2083;4.2083;1;16.24;1;31.83;1;0;NaN;NaN
TEL2004530_4;MFD_SETNO4;44.0457;61.681217;257837;25;18-jul-04;17:19:24;32.227;7.811;4.3011;4.3011;1;7.811;1;32.227;1;0;NaN;NaN
TEL2004530_4;MFD_SETNO4;44.0457;61.681217;257836;50;18-jul-04;17:19:24;32.512;2.517;4.8828;4.8828;1;2.517;1;32.512;1;0;NaN;NaN
TEL2004530_4;MFD_SETNO4;44.0457;61.681217;257835;119;18-jul-04;17:19:24;33.56;5.13;3.945;3.945;1;5.13;1;33.56;1;0;NaN;NaN
TEL2004530_5;MFD_SETNO5;43.9191;61.65965;257842;5;18-jul-04;19:27:22;31.959;16.082;4.3118;4.3118;1;16.082;1;31.959;1;0;NaN;NaN
TEL2004530_5;MFD_SETNO5;43.9191;61.65965;257841;25;18-jul-04;19:27:22;32.105;7.025;4.7235;4.7235;1;7.025;1;32.105;1;0;NaN;NaN
TEL2004530_5;MFD_SETNO5;43.9191;61.65965;257840;50;18-jul-04;19:27:22;32.425;2.498;4.6936;4.6936;1;2.498;1;32.425;1;0;NaN;NaN
TEL2004530_5;MFD_SETNO5;43.9191;61.65965;257839;69;18-jul-04;19:27:22;32.516;2.337;4.8204;4.8204;1;2.337;1;32.516;1;0;NaN;NaN
TEL2004530_6;MFD_SETNO6;44.17495;61.376717;257846;5;18-jul-04;22:05:54;31.961;15.921;4.3273;4.3273;1;15.921;1;31.961;1;0;NaN;NaN
TEL2004530_6;MFD_SETNO6;44.17495;61.376717;257845;25;18-jul-04;22:05:54;32.14;7.351;4.5052;4.5052;1;7.351;1;32.14;1;0;NaN;NaN
TEL2004530_6;MFD_SETNO6;44.17495;61.376717;257844;50;18-jul-04;22:05:54;32.435;2.64;4.8535;4.8535;1;2.64;1;32.435;1;0;NaN;NaN
TEL2004530_6;MFD_SETNO6;44.17495;61.376717;257843;128;18-jul-04;22:05:54;33.556;5.052;3.7731;3.7731;1;5.052;1;33.556;1;0;NaN;NaN
TEL2004530_7;MFD_SETNO7;44.04825;60.9115;257849;5;19-jul-04;00:54:14;31.815;13.642;5.0168;5.0168;1;13.642;1;31.815;1;0;NaN;NaN
TEL2004530_7;MFD_SETNO7;44.04825;60.9115;257848;25;19-jul-04;00:54:14;31.958;8.801;4.6767;4.6767;1;8.801;1;31.958;1;0;NaN;NaN
TEL2004530_7;MFD_SETNO7;44.04825;60.9115;257847;42;19-jul-04;00:54:14;31.973;7.653;4.7953;4.7953;1;7.653;1;31.973;1;0;NaN;NaN
TEL2004530_8;MFD_SETNO8;44.130667;60.730517;257852;5;19-jul-04;03:19:25;31.712;13.22;4.641;4.641;1;13.22;1;31.712;1;0;NaN;NaN
TEL2004530_8;MFD_SETNO8;44.130667;60.730517;257851;25;19-jul-04;03:19:25;31.913;7.631;4.593;4.593;1;7.631;1;31.913;1;0;NaN;NaN
TEL2004530_8;MFD_SETNO8;44.130667;60.730517;257850;36;19-jul-04;03:19:25;31.9;5.618;4.9607;4.9607;1;5.618;1;31.9;1;0;NaN;NaN
TEL2004530_9;MFD_SETNO9;44.059333;60.497983;257855;5;19-jul-04;05:06:03;31.68;10.409;4.9917;4.9917;1;10.409;1;31.68;1;0;NaN;NaN
TEL2004530_9;MFD_SETNO9;44.059333;60.497983;257854;25;19-jul-04;05:06:03;31.706;9.943;5.1093;5.1093;1;9.943;1;31.706;1;0;NaN;NaN
TEL2004530_9;MFD_SETNO9;44.059333;60.497983;257853;36;19-jul-04;05:06:03;32.022;6.099;4.9513;4.9513;1;6.099;1;32.022;1;0;NaN;NaN
TEL2004530_10;MFD_SETNO10;44.150017;60.363517;257859;5;19-jul-04;08:09:32;31.7;13.183;4.5466;4.5466;1;13.183;1;31.7;1;0;NaN;NaN
TEL2004530_10;MFD_SETNO10;44.150017;60.363517;257858;25;19-jul-04;08:09:32;32.129;6.412;4.3435;4.3435;1;6.412;1;32.129;1;0;NaN;NaN
TEL2004530_10;MFD_SETNO10;44.150017;60.363517;257857;50;19-jul-04;08:09:32;32.43;2.298;4.4821;4.4821;1;2.298;1;32.43;1;0;NaN;NaN
TEL2004530_10;MFD_SETNO10;44.150017;60.363517;257856;92;19-jul-04;08:09:32;32.642;1.752;4.5907;4.5907;1;1.752;1;32.642;1;0;NaN;NaN
TEL2004530_11;MFD_SETNO11;44.407783;60.24615;257863;5;19-jul-04;10:28:42;31.004;14.108;5.1797;5.1797;1;14.108;1;31.004;1;0;NaN;NaN
TEL2004530_11;MFD_SETNO11;44.407783;60.24615;257862;25;19-jul-04;10:28:42;31.942;4.115;4.4408;4.4408;1;4.115;1;31.942;1;0;NaN;NaN
TEL2004530_11;MFD_SETNO11;44.407783;60.24615;257861;50;19-jul-04;10:28:42;32.085;1.492;4.6126;4.6126;1;1.492;1;32.085;1;0;NaN;NaN
TEL2004530_11;MFD_SETNO11;44.407783;60.24615;257860;79;19-jul-04;10:28:42;32.344;1.24;4.6716;4.6716;1;1.24;1;32.344;1;0;NaN;NaN
TEL2004530_12;MFD_SETNO12;44.52615;60.392083;257866;5;19-jul-04;12:15:04;30.943;14.544;4.887;4.887;1;14.544;1;30.943;1;0;NaN;NaN
TEL2004530_12;MFD_SETNO12;44.52615;60.392083;257865;25;19-jul-04;12:15:04;31.684;5.392;4.6054;4.6054;1;5.392;1;31.684;1;0;NaN;NaN
TEL2004530_12;MFD_SETNO12;44.52615;60.392083;257864;47;19-jul-04;12:15:04;31.606;4.155;5.426;5.426;1;4.155;1;31.606;1;0;NaN;NaN
TEL2004530_13;MFD_SETNO13;44.46685;60.5179;257869;5;19-jul-04;13:40:19;30.888;13.487;4.5957;4.5957;1;13.487;1;30.888;1;0;NaN;NaN
TEL2004530_13;MFD_SETNO13;44.46685;60.5179;257868;25;19-jul-04;13:40:19;31.852;6.635;4.5463;4.5463;1;6.635;1;31.852;1;0;NaN;NaN
TEL2004530_13;MFD_SETNO13;44.46685;60.5179;257867;31;19-jul-04;13:40:19;31.651;6.075;4.7321;4.7321;1;6.075;1;31.651;1;0;NaN;NaN
TEL2004530_14;MFD_SETNO14;44.43355;60.652917;257872;5;19-jul-04;15:28:41;31.12;14.201;4.5025;4.5025;1;14.201;1;31.12;1;0;NaN;NaN
TEL2004530_14;MFD_SETNO14;44.43355;60.652917;257871;25;19-jul-04;15:28:41;31.432;10.589;4.6094;4.6094;1;10.589;1;31.432;1;0;NaN;NaN
TEL2004530_14;MFD_SETNO14;44.43355;60.652917;257870;52;19-jul-04;15:28:41;32.235;1.647;4.822;4.822;1;1.647;1;32.235;1;0;NaN;NaN
TEL2004530_15;MFD_SETNO15;44.526333;60.758383;257876;5;19-jul-04;16:53:49;31.103;14.728;4.3345;4.3345;1;14.728;1;31.103;1;0;NaN;NaN
TEL2004530_15;MFD_SETNO15;44.526333;60.758383;257875;25;19-jul-04;16:53:49;31.831;4.98;4.4131;4.4131;1;4.98;1;31.831;1;0;NaN;NaN
TEL2004530_15;MFD_SETNO15;44.526333;60.758383;257874;50;19-jul-04;16:53:49;32.004;2.214;4.7176;4.7176;1;2.214;1;32.004;1;0;NaN;NaN
TEL2004530_15;MFD_SETNO15;44.526333;60.758383;257873;55;19-jul-04;16:53:49;32.036;2.071;4.7325;4.7325;1;2.071;1;32.036;1;0;NaN;NaN
TEL2004530_16;MFD_SETNO16;44.439433;60.890917;257880;5;19-jul-04;18:42:46;31.717;14.634;4.4809;4.4809;1;14.634;1;31.717;1;0;NaN;NaN
TEL2004530_16;MFD_SETNO16;44.439433;60.890917;257879;25;19-jul-04;18:42:46;31.797;6.64;4.3875;4.3875;1;6.64;1;31.797;1;0;NaN;NaN
TEL2004530_16;MFD_SETNO16;44.439433;60.890917;257878;50;19-jul-04;18:42:46;32.243;1.726;4.8217;4.8217;1;1.726;1;32.243;1;0;NaN;NaN
TEL2004530_16;MFD_SETNO16;44.439433;60.890917;257877;82;19-jul-04;18:42:46;32.457;1.387;4.6861;4.6861;1;1.387;1;32.457;1;0;NaN;NaN
TEL2004530_18;MFD_SETNO18;44.396;60.839417;257884;5;19-jul-04;21:37:31;31.757;14.828;4.7269;4.7269;1;14.828;1;31.757;1;0;NaN;NaN
TEL2004530_18;MFD_SETNO18;44.396;60.839417;257883;25;19-jul-04;21:37:31;31.862;9.949;4.3539;4.3539;1;9.949;1;31.862;1;0;NaN;NaN
TEL2004530_18;MFD_SETNO18;44.396;60.839417;257882;50;19-jul-04;21:37:31;32.144;2.259;4.7234;4.7234;1;2.259;1;32.144;1;0;NaN;NaN
TEL2004530_18;MFD_SETNO18;44.396;60.839417;257881;75;19-jul-04;21:37:31;32.414;1.46;4.6296;4.6296;1;1.46;1;32.414;1;0;NaN;NaN
TEL2004530_19;MFD_SETNO19;44.208283;60.890633;257887;5;19-jul-04;23:48:50;31.646;13.827;4.4741;4.4741;1;13.827;1;31.646;1;0;NaN;NaN
TEL2004530_19;MFD_SETNO19;44.208283;60.890633;257886;25;19-jul-04;23:48:50;31.84;9.873;4.4047;4.4047;1;9.873;1;31.84;1;0;NaN;NaN
TEL2004530_19;MFD_SETNO19;44.208283;60.890633;257885;36;19-jul-04;23:48:50;31.756;9.66;4.6768;4.6768;1;9.66;1;31.756;1;0;NaN;NaN
TEL2004530_20;MFD_SETNO20;44.329083;60.9668;257891;5;20-jul-04;01:23:36;31.866;15.633;4.3281;4.3281;1;15.633;1;31.866;1;0;NaN;NaN
TEL2004530_20;MFD_SETNO20;44.329083;60.9668;257890;25;20-jul-04;01:23:36;32.027;10.21;4.3191;4.3191;1;10.21;1;32.027;1;0;NaN;NaN
TEL2004530_20;MFD_SETNO20;44.329083;60.9668;257889;50;20-jul-04;01:23:36;32.196;4.308;4.7147;4.7147;1;4.308;1;32.196;1;0;NaN;NaN
TEL2004530_20;MFD_SETNO20;44.329083;60.9668;257888;86;20-jul-04;01:23:36;32.938;2.949;4.3596;4.3596;1;2.949;1;32.938;1;0;NaN;NaN
TEL2004530_21;MFD_SETNO21;44.37185;61.247783;257895;5;20-jul-04;03:42:11;31.808;15.855;4.2449;4.2449;1;15.855;1;31.808;1;0;NaN;NaN
TEL2004530_21;MFD_SETNO21;44.37185;61.247783;257894;25;20-jul-04;03:42:11;32.061;11.117;4.0387;4.0387;1;11.117;1;32.061;1;0;NaN;NaN
TEL2004530_21;MFD_SETNO21;44.37185;61.247783;257893;50;20-jul-04;03:42:11;32.464;2.895;4.7371;4.7371;1;2.895;1;32.464;1;0;NaN;NaN
TEL2004530_21;MFD_SETNO21;44.37185;61.247783;257892;77;20-jul-04;03:42:11;32.845;2.915;4.4834;4.4834;1;2.915;1;32.845;1;0;NaN;NaN
TEL2004530_22;MFD_SETNO22;44.44255;61.240167;257899;5;20-jul-04;05:25:46;31.752;15.866;4.1662;4.1662;1;15.866;1;31.752;1;0;NaN;NaN
TEL2004530_22;MFD_SETNO22;44.44255;61.240167;257898;25;20-jul-04;05:25:46;32.341;7.876;4.1792;4.1792;1;7.876;1;32.341;1;0;NaN;NaN
TEL2004530_22;MFD_SETNO22;44.44255;61.240167;257897;50;20-jul-04;05:25:46;32.432;2.993;4.6499;4.6499;1;2.993;1;32.432;1;0;NaN;NaN
TEL2004530_22;MFD_SETNO22;44.44255;61.240167;257896;108;20-jul-04;05:25:46;33.526;5.221;4.0896;4.0896;1;5.221;1;33.526;1;0;NaN;NaN
TEL2004530_23;MFD_SETNO23;44.670517;60.8943;257903;5;20-jul-04;08:06:33;31.48;15.248;3.9907;3.9907;1;15.248;1;31.48;1;0;NaN;NaN
TEL2004530_23;MFD_SETNO23;44.670517;60.8943;257902;25;20-jul-04;08:06:33;32.112;7.334;4.2865;4.2865;1;7.334;1;32.112;1;0;NaN;NaN
TEL2004530_23;MFD_SETNO23;44.670517;60.8943;257901;50;20-jul-04;08:06:33;32.307;1.373;4.4417;4.4417;1;1.373;1;32.307;1;0;NaN;NaN
TEL2004530_23;MFD_SETNO23;44.670517;60.8943;257900;66;20-jul-04;08:06:33;32.292;1.309;4.5809;4.5809;1;1.309;1;32.292;1;0;NaN;NaN
TEL2004530_24;MFD_SETNO24;44.832283;61.089183;257907;5;20-jul-04;10:26:31;30.962;14.895;4.3084;4.3084;1;14.895;1;30.962;1;0;NaN;NaN
TEL2004530_24;MFD_SETNO24;44.832283;61.089183;257906;25;20-jul-04;10:26:31;31.974;4.172;4.3142;4.3142;1;4.172;1;31.974;1;0;NaN;NaN
TEL2004530_24;MFD_SETNO24;44.832283;61.089183;257905;50;20-jul-04;10:26:31;32.204;1.555;4.6284;4.6284;1;1.555;1;32.204;1;0;NaN;NaN
TEL2004530_24;MFD_SETNO24;44.832283;61.089183;257904;76;20-jul-04;10:26:31;32.377;1.081;4.5762;4.5762;1;1.081;1;32.377;1;0;NaN;NaN
TEL2004530_25;MFD_SETNO25;44.9975;61.362767;257911;5;20-jul-04;13:08:33;30.525;14.117;4.5427;4.5427;1;14.117;1;30.525;1;0;NaN;NaN
TEL2004530_25;MFD_SETNO25;44.9975;61.362767;257910;25;20-jul-04;13:08:33;31.113;4.612;4.5527;4.5527;1;4.612;1;31.113;1;0;NaN;NaN
TEL2004530_25;MFD_SETNO25;44.9975;61.362767;257909;50;20-jul-04;13:08:33;31.313;3.358;4.9645;4.9645;1;3.358;1;31.313;1;0;NaN;NaN
TEL2004530_25;MFD_SETNO25;44.9975;61.362767;257908;96;20-jul-04;13:08:33;32.418;0.917;4.6997;4.6997;1;0.917;1;32.418;1;0;NaN;NaN
TEL2004530_26;MFD_SETNO26;45.066833;61.057333;257915;5;20-jul-04;15:13:29;30.568;13.897;4.7305;4.7305;1;13.897;1;30.568;1;0;NaN;NaN
TEL2004530_26;MFD_SETNO26;45.066833;61.057333;257914;25;20-jul-04;15:13:29;31.079;5.282;4.8098;4.8098;1;5.282;1;31.079;1;0;NaN;NaN
TEL2004530_26;MFD_SETNO26;45.066833;61.057333;257913;50;20-jul-04;15:13:29;31.75;2.574;5.0589;5.0589;1;2.574;1;31.75;1;0;NaN;NaN
TEL2004530_26;MFD_SETNO26;45.066833;61.057333;257912;138;20-jul-04;15:13:29;32.618;1.041;4.4828;4.4828;1;1.041;1;32.618;1;0;NaN;NaN
TEL2004530_27;MFD_SETNO27;45.140167;60.634383;257919;5;20-jul-04;18:17:16;30.523;13.862;4.6998;4.6998;1;13.862;1;30.523;1;0;NaN;NaN
TEL2004530_27;MFD_SETNO27;45.140167;60.634383;257918;25;20-jul-04;18:17:16;31.17;6.043;4.6896;4.6896;1;6.043;1;31.17;1;0;NaN;NaN
TEL2004530_27;MFD_SETNO27;45.140167;60.634383;257917;50;20-jul-04;18:17:16;31.753;2.372;4.8616;4.8616;1;2.372;1;31.753;1;0;NaN;NaN
TEL2004530_27;MFD_SETNO27;45.140167;60.634383;257916;84;20-jul-04;18:17:16;32.34;0.945;4.7236;4.7236;1;0.945;1;32.34;1;0;NaN;NaN
TEL2004530_28;MFD_SETNO28;44.650033;60.389617;257923;5;20-jul-04;22:29:37;31.175;13.911;4.6407;4.6407;1;13.911;1;31.175;1;0;NaN;NaN
TEL2004530_28;MFD_SETNO28;44.650033;60.389617;257922;25;20-jul-04;22:29:37;31.681;3.956;4.8663;4.8663;1;3.956;1;31.681;1;0;NaN;NaN
TEL2004530_28;MFD_SETNO28;44.650033;60.389617;257921;50;20-jul-04;22:29:37;32.133;1.147;4.7611;4.7611;1;1.147;1;32.133;1;0;NaN;NaN
TEL2004530_28;MFD_SETNO28;44.650033;60.389617;257920;68;20-jul-04;22:29:37;32.357;0.999;4.6362;4.6362;1;0.999;1;32.357;1;0;NaN;NaN
TEL2004530_29;MFD_SETNO29;44.512067;60.078117;257927;5;21-jul-04;00:50:18;31.004;14.509;4.6777;4.6777;1;14.509;1;31.004;1;0;NaN;NaN
TEL2004530_29;MFD_SETNO29;44.512067;60.078117;257926;25;21-jul-04;00:50:18;31.823;4.482;4.8694;4.8694;1;4.482;1;31.823;1;0;NaN;NaN
TEL2004530_29;MFD_SETNO29;44.512067;60.078117;257925;50;21-jul-04;00:50:18;32.294;2.008;4.9096;4.9096;1;2.008;1;32.294;1;0;NaN;NaN
TEL2004530_29;MFD_SETNO29;44.512067;60.078117;257924;117;21-jul-04;00:50:18;33.281;2.585;4.5922;4.5922;1;2.585;1;33.281;1;0;NaN;NaN
TEL2004530_30;MFD_SETNO30;44.3812;59.76635;257931;5;21-jul-04;03:07:11;31.21;14.729;4.4644;4.4644;1;14.729;1;31.21;1;0;NaN;NaN
TEL2004530_30;MFD_SETNO30;44.3812;59.76635;257930;25;21-jul-04;03:07:11;32.319;8.189;4.5275;4.5275;1;8.189;1;32.319;1;0;NaN;NaN
TEL2004530_30;MFD_SETNO30;44.3812;59.76635;257929;50;21-jul-04;03:07:11;32.345;2.585;4.7289;4.7289;1;2.585;1;32.345;1;0;NaN;NaN
TEL2004530_30;MFD_SETNO30;44.3812;59.76635;257928;168;21-jul-04;03:07:11;33.744;3.193;4.3642;4.3642;1;3.193;1;33.744;1;0;NaN;NaN
TEL2004530_31;MFD_SETNO31;44.469817;59.68335;257934;5;21-jul-04;04:46:55;31.167;14.972;4.3769;4.3769;1;14.972;1;31.167;1;0;NaN;NaN
TEL2004530_31;MFD_SETNO31;44.469817;59.68335;257933;25;21-jul-04;04:46:55;32.331;3.425;4.0495;4.0495;1;3.425;1;32.331;1;0;NaN;NaN
TEL2004530_31;MFD_SETNO31;44.469817;59.68335;257932;47;21-jul-04;04:46:55;32.148;3.36;4.6867;4.6867;1;3.36;1;32.148;1;0;NaN;NaN
TEL2004530_32;MFD_SETNO32;44.613233;59.57905;257937;5;21-jul-04;06:48:20;31.22;14.673;4.5949;4.5949;1;14.673;1;31.22;1;0;NaN;NaN
TEL2004530_32;MFD_SETNO32;44.613233;59.57905;257936;25;21-jul-04;06:48:20;32.207;3.689;4.3505;4.3505;1;3.689;1;32.207;1;0;NaN;NaN
TEL2004530_32;MFD_SETNO32;44.613233;59.57905;257935;53;21-jul-04;06:48:20;32.225;3.09;4.6708;4.6708;1;3.09;1;32.225;1;0;NaN;NaN
TEL2004530_33;MFD_SETNO33;44.506733;59.3605;257940;5;21-jul-04;08:34:55;31.172;13.679;4.6164;4.6164;1;13.679;1;31.172;1;0;NaN;NaN
TEL2004530_33;MFD_SETNO33;44.506733;59.3605;257939;25;21-jul-04;08:34:55;32.229;2.914;4.3673;4.3673;1;2.914;1;32.229;1;0;NaN;NaN
TEL2004530_33;MFD_SETNO33;44.506733;59.3605;257938;55;21-jul-04;08:34:55;32.298;2.704;4.895;4.895;1;2.704;1;32.298;1;0;NaN;NaN
TEL2004530_34;MFD_SETNO34;44.568717;59.190617;257944;5;21-jul-04;10:11:56;31.233;13.946;4.6602;4.6602;1;13.946;1;31.233;1;0;NaN;NaN
TEL2004530_34;MFD_SETNO34;44.568717;59.190617;257943;25;21-jul-04;10:11:56;32.256;3.247;4.5224;4.5224;1;3.247;1;32.256;1;0;NaN;NaN
TEL2004530_34;MFD_SETNO34;44.568717;59.190617;257942;50;21-jul-04;10:11:56;32.227;2.829;4.8892;4.8892;1;2.829;1;32.227;1;0;NaN;NaN
TEL2004530_34;MFD_SETNO34;44.568717;59.190617;257941;73;21-jul-04;10:11:56;32.227;2.824;5.0771;5.0771;1;2.824;1;32.227;1;0;NaN;NaN
TEL2004530_35;MFD_SETNO35;44.844483;59.643217;257948;5;21-jul-04;14:39:45;31.354;14.432;4.4014;4.4014;1;14.432;1;31.354;1;0;NaN;NaN
TEL2004530_35;MFD_SETNO35;44.844483;59.643217;257947;25;21-jul-04;14:39:45;31.731;3.835;4.6319;4.6319;1;3.835;1;31.731;1;0;NaN;NaN
TEL2004530_35;MFD_SETNO35;44.844483;59.643217;257946;50;21-jul-04;14:39:45;32.206;1.333;4.6997;4.6997;1;1.333;1;32.206;1;0;NaN;NaN
TEL2004530_35;MFD_SETNO35;44.844483;59.643217;257945;108;21-jul-04;14:39:45;32.418;1.106;4.7245;4.7245;1;1.106;1;32.418;1;0;NaN;NaN
TEL2004530_36;MFD_SETNO36;44.9781;59.528467;257952;5;21-jul-04;16:20:31;31.063;14.071;4.7068;4.7068;1;14.071;1;31.063;1;0;NaN;NaN
TEL2004530_36;MFD_SETNO36;44.9781;59.528467;257951;25;21-jul-04;16:20:31;31.392;6.566;4.8744;4.8744;1;6.566;1;31.392;1;0;NaN;NaN
TEL2004530_36;MFD_SETNO36;44.9781;59.528467;257950;50;21-jul-04;16:20:31;31.919;1.721;4.9812;4.9812;1;1.721;1;31.919;1;0;NaN;NaN
TEL2004530_36;MFD_SETNO36;44.9781;59.528467;257949;104;21-jul-04;16:20:31;32.35;0.892;4.8049;4.8049;1;0.892;1;32.35;1;0;NaN;NaN
TEL2004530_37;MFD_SETNO37;44.915917;59.04485;257956;5;21-jul-04;20:13:48;30.826;14.039;4.6675;4.6675;1;14.039;1;30.826;1;0;NaN;NaN
TEL2004530_37;MFD_SETNO37;44.915917;59.04485;257955;25;21-jul-04;20:13:48;31.84;2.854;4.707;4.707;1;2.854;1;31.84;1;0;NaN;NaN
TEL2004530_37;MFD_SETNO37;44.915917;59.04485;257954;50;21-jul-04;20:13:48;32.279;0.842;4.6981;4.6981;1;0.842;1;32.279;1;0;NaN;NaN
TEL2004530_37;MFD_SETNO37;44.915917;59.04485;257953;87;21-jul-04;20:13:48;32.339;0.835;4.7834;4.7834;1;0.835;1;32.339;1;0;NaN;NaN
TEL2004530_38;MFD_SETNO38;44.935317;58.97215;257960;5;21-jul-04;22:01:54;30.824;14.435;4.6713;4.6713;1;14.435;1;30.824;1;0;NaN;NaN
TEL2004530_38;MFD_SETNO38;44.935317;58.97215;257959;25;21-jul-04;22:01:54;31.731;3.766;4.9031;4.9031;1;3.766;1;31.731;1;0;NaN;NaN
TEL2004530_38;MFD_SETNO38;44.935317;58.97215;257958;50;21-jul-04;22:01:54;32.189;1.127;4.9065;4.9065;1;1.127;1;32.189;1;0;NaN;NaN
TEL2004530_38;MFD_SETNO38;44.935317;58.97215;257957;104;21-jul-04;22:01:54;32.51;0.871;4.7855;4.7855;1;0.871;1;32.51;1;0;NaN;NaN
TEL2004530_39;MFD_SETNO39;44.799433;58.628117;257964;5;22-jul-04;02:31:30;31.046;14.436;4.4057;4.4057;1;14.436;1;31.046;1;0;NaN;NaN
TEL2004530_39;MFD_SETNO39;44.799433;58.628117;257963;25;22-jul-04;02:31:30;31.578;6.504;4.9139;4.9139;1;6.504;1;31.578;1;0;NaN;NaN
TEL2004530_39;MFD_SETNO39;44.799433;58.628117;257962;50;22-jul-04;02:31:30;32.21;1.378;4.8742;4.8742;1;1.378;1;32.21;1;0;NaN;NaN
TEL2004530_39;MFD_SETNO39;44.799433;58.628117;257961;242;22-jul-04;02:31:30;32.637;1.101;4.7124;4.7124;1;1.101;1;32.637;1;0;NaN;NaN
TEL2004530_40;MFD_SETNO40;44.55255;58.517183;257968;5;22-jul-04;05:11:39;31.348;14.5;4.4937;4.4937;1;14.5;1;31.348;1;0;NaN;NaN
TEL2004530_40;MFD_SETNO40;44.55255;58.517183;257967;25;22-jul-04;05:11:39;32.108;3.514;4.5249;4.5249;1;3.514;1;32.108;1;0;NaN;NaN
TEL2004530_40;MFD_SETNO40;44.55255;58.517183;257966;50;22-jul-04;05:11:39;32.113;2.692;4.5748;4.5748;1;2.692;1;32.113;1;0;NaN;NaN
TEL2004530_40;MFD_SETNO40;44.55255;58.517183;257965;64;22-jul-04;05:11:39;32.107;2.693;4.6886;4.6886;1;2.693;1;32.107;1;0;NaN;NaN
TEL2004530_41;MFD_SETNO41;44.734567;58.339017;257972;5;22-jul-04;07:13:23;31.209;14.316;4.6434;4.6434;1;14.316;1;31.209;1;0;NaN;NaN
TEL2004530_41;MFD_SETNO41;44.734567;58.339017;257971;25;22-jul-04;07:13:23;32.002;4.705;5.0748;5.0748;1;4.705;1;32.002;1;0;NaN;NaN
TEL2004530_41;MFD_SETNO41;44.734567;58.339017;257970;50;22-jul-04;07:13:23;32.221;2.126;4.6321;4.6321;1;2.126;1;32.221;1;0;NaN;NaN
TEL2004530_41;MFD_SETNO41;44.734567;58.339017;257969;65;22-jul-04;07:13:23;32.303;1.675;4.6192;4.6192;1;1.675;1;32.303;1;0;NaN;NaN
TEL2004530_42;MFD_SETNO42;44.751767;58.41695;257976;5;22-jul-04;08:57:14;31.181;14.526;3.9654;3.9654;1;14.526;1;31.181;1;0;NaN;NaN
TEL2004530_42;MFD_SETNO42;44.751767;58.41695;257975;25;22-jul-04;08:57:14;32.129;3.201;4.6392;4.6392;1;3.201;1;32.129;1;0;NaN;NaN
TEL2004530_42;MFD_SETNO42;44.751767;58.41695;257974;50;22-jul-04;08:57:14;32.273;1.888;4.5983;4.5983;1;1.888;1;32.273;1;0;NaN;NaN
TEL2004530_42;MFD_SETNO42;44.751767;58.41695;257973;82;22-jul-04;08:57:14;32.426;1.143;4.7054;4.7054;1;1.143;1;32.426;1;0;NaN;NaN
TEL2004530_43;MFD_SETNO43;45.162817;58.271833;257980;5;22-jul-04;12:11:29;31.124;14.216;4.4862;4.4862;1;14.216;1;31.124;1;0;NaN;NaN
TEL2004530_43;MFD_SETNO43;45.162817;58.271833;257979;25;22-jul-04;12:11:29;31.642;7.59;4.893;4.893;1;7.59;1;31.642;1;0;NaN;NaN
TEL2004530_43;MFD_SETNO43;45.162817;58.271833;257978;50;22-jul-04;12:11:29;32.245;1.575;4.6812;4.6812;1;1.575;1;32.245;1;0;NaN;NaN
TEL2004530_43;MFD_SETNO43;45.162817;58.271833;257977;143;22-jul-04;12:11:29;33.332;2.518;4.0958;4.0958;1;2.518;1;33.332;1;0;NaN;NaN
TEL2004530_44;MFD_SETNO44;45.21945;58.127767;257984;5;22-jul-04;13:58:07;30.987;14.51;4.4805;4.4805;1;14.51;1;30.987;1;0;NaN;NaN
TEL2004530_44;MFD_SETNO44;45.21945;58.127767;257983;25;22-jul-04;13:58:07;31.836;4.817;4.6698;4.6698;1;4.817;1;31.836;1;0;NaN;NaN
TEL2004530_44;MFD_SETNO44;45.21945;58.127767;257982;50;22-jul-04;13:58:07;32.24;1.466;4.6836;4.6836;1;1.466;1;32.24;1;0;NaN;NaN
TEL2004530_44;MFD_SETNO44;45.21945;58.127767;257981;77;22-jul-04;13:58:07;32.253;1.407;4.8139;4.8139;1;1.407;1;32.253;1;0;NaN;NaN
TEL2004530_46;MFD_SETNO46;45.3726;58.75615;257988;5;22-jul-04;18:55:16;30.923;15.385;4.4415;4.4415;1;15.385;1;30.923;1;0;NaN;NaN
TEL2004530_46;MFD_SETNO46;45.3726;58.75615;257987;25;22-jul-04;18:55:16;31.751;5.62;4.6387;4.6387;1;5.62;1;31.751;1;0;NaN;NaN
TEL2004530_46;MFD_SETNO46;45.3726;58.75615;257986;50;22-jul-04;18:55:16;32.153;1.077;4.7092;4.7092;1;1.077;1;32.153;1;0;NaN;NaN
TEL2004530_46;MFD_SETNO46;45.3726;58.75615;257985;82;22-jul-04;18:55:16;32.34;0.966;4.7197;4.7197;1;0.966;1;32.34;1;0;NaN;NaN
TEL2004530_47;MFD_SETNO47;45.082333;59.093633;257992;5;22-jul-04;22:01:39;30.919;14.671;4.5135;4.5135;1;14.671;1;30.919;1;0;NaN;NaN
TEL2004530_47;MFD_SETNO47;45.082333;59.093633;257991;25;22-jul-04;22:01:39;31.716;4.171;4.681;4.681;1;4.171;1;31.716;1;0;NaN;NaN
TEL2004530_47;MFD_SETNO47;45.082333;59.093633;257990;50;22-jul-04;22:01:39;32.249;0.82;4.7498;4.7498;1;0.82;1;32.249;1;0;NaN;NaN
TEL2004530_47;MFD_SETNO47;45.082333;59.093633;257989;76;22-jul-04;22:01:39;32.265;0.821;4.7799;4.7799;1;0.821;1;32.265;1;0;NaN;NaN
TEL2004530_48;MFD_SETNO48;45.233983;59.09295;257996;5;22-jul-04;23:58:50;31.038;14.329;4.5758;4.5758;1;14.329;1;31.038;1;0;NaN;NaN
TEL2004530_48;MFD_SETNO48;45.233983;59.09295;257995;25;22-jul-04;23:58:50;31.693;3.635;4.836;4.836;1;3.635;1;31.693;1;0;NaN;NaN
TEL2004530_48;MFD_SETNO48;45.233983;59.09295;257994;50;22-jul-04;23:58:50;32.24;0.874;4.7343;4.7343;1;0.874;1;32.24;1;0;NaN;NaN
TEL2004530_48;MFD_SETNO48;45.233983;59.09295;257993;109;22-jul-04;23:58:50;32.512;1.058;4.7086;4.7086;1;1.058;1;32.512;1;0;NaN;NaN
TEL2004530_49;MFD_SETNO49;45.463683;59.396083;258000;5;23-jul-04;03:13:17;30.886;15.365;4.6235;4.6235;1;15.365;1;30.886;1;0;NaN;NaN
TEL2004530_49;MFD_SETNO49;45.463683;59.396083;257999;25;23-jul-04;03:13:17;31.543;4.62;4.9986;4.9986;1;4.62;1;31.543;1;0;NaN;NaN
TEL2004530_49;MFD_SETNO49;45.463683;59.396083;257998;50;23-jul-04;03:13:17;31.829;2.333;5.0393;5.0393;1;2.333;1;31.829;1;0;NaN;NaN
TEL2004530_49;MFD_SETNO49;45.463683;59.396083;257997;135;23-jul-04;03:13:17;33.077;1.937;4.4686;4.4686;1;1.937;1;33.077;1;0;NaN;NaN
TEL2004530_50;MFD_SETNO50;45.4543;59.132383;268810;1;23-jul-04;05:35:07;30.829;15.241;4.3946;4.3946;1;15.241;1;30.829;1;0;NaN;NaN
TEL2004530_50;MFD_SETNO50;45.4543;59.132383;268809;10;23-jul-04;05:35:07;30.833;15.181;4.4473;4.4473;1;15.181;1;30.833;1;0;NaN;NaN
TEL2004530_50;MFD_SETNO50;45.4543;59.132383;268808;20;23-jul-04;05:35:07;31.427;6.636;4.563;4.563;1;6.636;1;31.427;1;0;NaN;NaN
TEL2004530_50;MFD_SETNO50;45.4543;59.132383;268807;30;23-jul-04;05:35:07;31.609;4.244;4.8988;4.8988;1;4.244;1;31.609;1;0;NaN;NaN
TEL2004530_50;MFD_SETNO50;45.4543;59.132383;268806;40;23-jul-04;05:35:07;31.802;3.026;4.9144;4.9144;1;3.026;1;31.802;1;0;NaN;NaN
TEL2004530_50;MFD_SETNO50;45.4543;59.132383;268805;50;23-jul-04;05:35:07;31.915;1.72;4.8936;4.8936;1;1.72;1;31.915;1;0;NaN;NaN
TEL2004530_50;MFD_SETNO50;45.4543;59.132383;268804;60;23-jul-04;05:35:07;32.049;1.178;4.8863;4.8863;1;1.178;1;32.049;1;0;NaN;NaN
TEL2004530_50;MFD_SETNO50;45.4543;59.132383;268803;80;23-jul-04;05:35:07;32.232;0.931;4.8721;4.8721;1;0.931;1;32.232;1;0;NaN;NaN
TEL2004530_50;MFD_SETNO50;45.4543;59.132383;268802;100;23-jul-04;05:35:07;32.331;0.912;4.9033;4.9033;1;0.912;1;32.331;1;0;NaN;NaN
TEL2004530_50;MFD_SETNO50;45.4543;59.132383;268801;119;23-jul-04;05:35:07;32.93;1.543;4.7081;4.7081;1;1.543;1;32.93;1;0;NaN;NaN
TEL2004530_51;MFD_SETNO51;45.63125;59.056483;268814;5;23-jul-04;08:06:35;30.168;14.733;4.5575;4.5575;1;14.733;1;30.168;1;0;NaN;NaN
TEL2004530_51;MFD_SETNO51;45.63125;59.056483;268813;25;23-jul-04;08:06:35;31.44;5.012;4.5108;4.5108;1;5.012;1;31.44;1;0;NaN;NaN
TEL2004530_51;MFD_SETNO51;45.63125;59.056483;268812;50;23-jul-04;08:06:35;31.723;3.684;5.0251;5.0251;1;3.684;1;31.723;1;0;NaN;NaN
TEL2004530_51;MFD_SETNO51;45.63125;59.056483;268811;276;23-jul-04;08:06:35;33.643;3.433;3.5947;3.5947;1;3.433;1;33.643;1;0;NaN;NaN
TEL2004530_52;MFD_SETNO52;45.832967;59.68235;268822;1;23-jul-04;11:50:38;30.284;14.824;5.1702;5.1702;1;14.824;1;30.284;1;0;NaN;NaN
TEL2004530_52;MFD_SETNO52;45.832967;59.68235;268821;10;23-jul-04;11:50:38;31.219;8.663;4.332;4.332;1;8.663;1;31.219;1;0;NaN;NaN
TEL2004530_52;MFD_SETNO52;45.832967;59.68235;268820;20;23-jul-04;11:50:38;31.796;6.442;4.6387;4.6387;1;6.442;1;31.796;1;0;NaN;NaN
TEL2004530_52;MFD_SETNO52;45.832967;59.68235;268819;30;23-jul-04;11:50:38;31.685;4.132;4.8984;4.8984;1;4.132;1;31.685;1;0;NaN;NaN
TEL2004530_52;MFD_SETNO52;45.832967;59.68235;268818;40;23-jul-04;11:50:38;31.911;3.534;4.9936;4.9936;1;3.534;1;31.911;1;0;NaN;NaN
TEL2004530_52;MFD_SETNO52;45.832967;59.68235;268817;50;23-jul-04;11:50:38;32.038;1.758;5.0469;5.0469;1;1.758;1;32.038;1;0;NaN;NaN
TEL2004530_52;MFD_SETNO52;45.832967;59.68235;268816;60;23-jul-04;11:50:38;32.24;1.365;5.0829;5.0829;1;1.365;1;32.24;1;0;NaN;NaN
TEL2004530_52;MFD_SETNO52;45.832967;59.68235;268815;85;23-jul-04;11:50:38;32.714;1.347;4.8047;4.8047;1;1.347;1;32.714;1;0;NaN;NaN
TEL2004530_53;MFD_SETNO53;45.958583;59.430417;268825;5;23-jul-04;14:29:37;30.541;15.239;4.4171;4.4171;1;15.239;1;30.541;1;0;NaN;NaN
TEL2004530_53;MFD_SETNO53;45.958583;59.430417;268824;25;23-jul-04;14:29:37;31.869;8.276;4.4565;4.4565;1;8.276;1;31.869;1;0;NaN;NaN
TEL2004530_53;MFD_SETNO53;45.958583;59.430417;268823;46;23-jul-04;14:29:37;32.182;3.158;5.1612;5.1612;1;3.158;1;32.182;1;0;NaN;NaN
TEL2004530_55;MFD_SETNO55;45.9809;59.136017;268829;5;23-jul-04;17:10:27;30.112;14.73;4.569;4.569;1;14.73;1;30.112;1;0;NaN;NaN
TEL2004530_55;MFD_SETNO55;45.9809;59.136017;268828;25;23-jul-04;17:10:27;30.502;8.041;4.5093;4.5093;1;8.041;1;30.502;1;0;NaN;NaN
TEL2004530_55;MFD_SETNO55;45.9809;59.136017;268827;50;23-jul-04;17:10:27;31.608;3.546;4.885;4.885;1;3.546;1;31.608;1;0;NaN;NaN
TEL2004530_55;MFD_SETNO55;45.9809;59.136017;268826;62;23-jul-04;17:10:27;31.789;3.196;5.1066;5.1066;1;3.196;1;31.789;1;0;NaN;NaN
TEL2004530_57;MFD_SETNO57;46.082267;59.492083;268833;5;24-jul-04;01:58:55;30.205;15.151;4.4965;4.4965;1;15.151;1;30.205;1;0;NaN;NaN
TEL2004530_57;MFD_SETNO57;46.082267;59.492083;268832;25;24-jul-04;01:58:55;31.351;6.932;4.4255;4.4255;1;6.932;1;31.351;1;0;NaN;NaN
TEL2004530_57;MFD_SETNO57;46.082267;59.492083;268831;50;24-jul-04;01:58:55;31.846;3.429;4.8761;4.8761;1;3.429;1;31.846;1;0;NaN;NaN
TEL2004530_57;MFD_SETNO57;46.082267;59.492083;268830;54;24-jul-04;01:58:55;31.838;3.429;4.9666;4.9666;1;3.429;1;31.838;1;0;NaN;NaN
TEL2004530_58;MFD_SETNO58;46.234767;59.56605;268837;5;24-jul-04;04:07:09;31.125;10.968;4.6648;4.6648;1;10.968;1;31.125;1;0;NaN;NaN
TEL2004530_58;MFD_SETNO58;46.234767;59.56605;268836;25;24-jul-04;04:07:09;31.122;4.632;4.8221;4.8221;1;4.632;1;31.122;1;0;NaN;NaN
TEL2004530_58;MFD_SETNO58;46.234767;59.56605;268835;50;24-jul-04;04:07:09;31.987;1.957;4.9815;4.9815;1;1.957;1;31.987;1;0;NaN;NaN
TEL2004530_58;MFD_SETNO58;46.234767;59.56605;268834;83;24-jul-04;04:07:09;32.383;1.239;4.9723;4.9723;1;1.239;1;32.383;1;0;NaN;NaN
TEL2004530_59;MFD_SETNO59;46.587717;60.3179;268841;5;24-jul-04;09:34:04;29.614;14.866;4.6068;4.6068;1;14.866;1;29.614;1;0;NaN;NaN
TEL2004530_59;MFD_SETNO59;46.587717;60.3179;268840;25;24-jul-04;09:34:04;30.43;7.658;4.3711;4.3711;1;7.658;1;30.43;1;0;NaN;NaN
TEL2004530_59;MFD_SETNO59;46.587717;60.3179;268839;50;24-jul-04;09:34:04;31.606;2.394;4.7321;4.7321;1;2.394;1;31.606;1;0;NaN;NaN
TEL2004530_59;MFD_SETNO59;46.587717;60.3179;268838;89;24-jul-04;09:34:04;32.663;1.277;4.6768;4.6768;1;1.277;1;32.663;1;0;NaN;NaN
TEL2004530_60;MFD_SETNO60;46.8444;60.091383;268845;5;24-jul-04;13:07:01;29.534;17.129;4.3461;4.3461;1;17.129;1;29.534;1;0;NaN;NaN
TEL2004530_60;MFD_SETNO60;46.8444;60.091383;268844;25;24-jul-04;13:07:01;30.244;9;4.3541;4.3541;1;9;1;30.244;1;0;NaN;NaN
TEL2004530_60;MFD_SETNO60;46.8444;60.091383;268843;50;24-jul-04;13:07:01;31.368;2.575;4.679;4.679;1;2.575;1;31.368;1;0;NaN;NaN
TEL2004530_60;MFD_SETNO60;46.8444;60.091383;268842;154;24-jul-04;13:07:01;33.826;3.884;3.3577;3.3577;1;3.884;1;33.826;1;0;NaN;NaN
TEL2004530_61;MFD_SETNO61;46.930833;59.962;268849;5;24-jul-04;14:53:33;29.017;17.978;4.2824;4.2824;1;17.978;1;29.017;1;0;NaN;NaN
TEL2004530_61;MFD_SETNO61;46.930833;59.962;268848;25;24-jul-04;14:53:33;30.363;8.189;4.1482;4.1482;1;8.189;1;30.363;1;0;NaN;NaN
TEL2004530_61;MFD_SETNO61;46.930833;59.962;268847;50;24-jul-04;14:53:33;31.466;2.673;4.6522;4.6522;1;2.673;1;31.466;1;0;NaN;NaN
TEL2004530_61;MFD_SETNO61;46.930833;59.962;268846;178;24-jul-04;14:53:33;33.198;3.995;3.3061;3.3061;1;3.995;1;33.198;1;0;NaN;NaN
TEL2004530_62;MFD_SETNO62;47.003967;59.9915;268853;5;24-jul-04;16:35:15;29.397;17.841;4.3329;4.3329;1;17.841;1;29.397;1;0;NaN;NaN
TEL2004530_62;MFD_SETNO62;47.003967;59.9915;268852;25;24-jul-04;16:35:15;30.6;5.647;4.3819;4.3819;1;5.647;1;30.6;1;0;NaN;NaN
TEL2004530_62;MFD_SETNO62;47.003967;59.9915;268851;50;24-jul-04;16:35:15;32.037;1.481;4.6388;4.6388;1;1.481;1;32.037;1;0;NaN;NaN
TEL2004530_62;MFD_SETNO62;47.003967;59.9915;268850;226;24-jul-04;16:35:15;34.194;4.992;2.9182;2.9182;1;4.992;1;34.194;1;0;NaN;NaN
TEL2004530_63;MFD_SETNO63;46.774967;60.076867;268857;5;24-jul-04;19:27:57;29.557;17.196;4.4969;4.4969;1;17.196;1;29.557;1;0;NaN;NaN
TEL2004530_63;MFD_SETNO63;46.774967;60.076867;268856;25;24-jul-04;19:27:57;30.379;7.36;4.5337;4.5337;1;7.36;1;30.379;1;0;NaN;NaN
TEL2004530_63;MFD_SETNO63;46.774967;60.076867;268855;50;24-jul-04;19:27:57;31.271;2.833;4.8101;4.8101;1;2.833;1;31.271;1;0;NaN;NaN
TEL2004530_63;MFD_SETNO63;46.774967;60.076867;268854;148;24-jul-04;19:27:57;33.681;3.459;3.4477;3.4477;1;3.459;1;33.681;1;0;NaN;NaN
TEL2004530_64;MFD_SETNO64;46.7202;60.12665;268861;5;24-jul-04;21:14:58;29.529;17.193;4.4618;4.4618;1;17.193;1;29.529;1;0;NaN;NaN
TEL2004530_64;MFD_SETNO64;46.7202;60.12665;268860;25;24-jul-04;21:14:58;30.62;7.532;4.5821;4.5821;1;7.532;1;30.62;1;0;NaN;NaN
TEL2004530_64;MFD_SETNO64;46.7202;60.12665;268859;50;24-jul-04;21:14:58;31.38;2.193;4.7945;4.7945;1;2.193;1;31.38;1;0;NaN;NaN
TEL2004530_64;MFD_SETNO64;46.7202;60.12665;268858;138;24-jul-04;21:14:58;33.583;3.178;3.5059;3.5059;1;3.178;1;33.583;1;0;NaN;NaN
TEL2004530_65;MFD_SETNO65;46.55025;59.51;268865;5;25-jul-04;01:21:38;29.288;17.563;4.4068;4.4068;1;17.563;1;29.288;1;0;NaN;NaN
TEL2004530_65;MFD_SETNO65;46.55025;59.51;268864;25;25-jul-04;01:21:38;31.479;1.903;3.9501;3.9501;1;1.903;1;31.479;1;0;NaN;NaN
TEL2004530_65;MFD_SETNO65;46.55025;59.51;268863;50;25-jul-04;01:21:38;32.06;1.536;4.8562;4.8562;1;1.536;1;32.06;1;0;NaN;NaN
TEL2004530_65;MFD_SETNO65;46.55025;59.51;268862;101;25-jul-04;01:21:38;33.191;2.136;4.2557;4.2557;1;2.136;1;33.191;1;0;NaN;NaN
TEL2004530_66;MFD_SETNO66;46.429217;59.022267;268869;5;25-jul-04;05:14:55;29.656;16.627;4.3693;4.3693;1;16.627;1;29.656;1;0;NaN;NaN
TEL2004530_66;MFD_SETNO66;46.429217;59.022267;268868;25;25-jul-04;05:14:55;31.923;4.977;4.6973;4.6973;1;4.977;1;31.923;1;0;NaN;NaN
TEL2004530_66;MFD_SETNO66;46.429217;59.022267;268867;50;25-jul-04;05:14:55;32.321;1.047;5.0049;5.0049;1;1.047;1;32.321;1;0;NaN;NaN
TEL2004530_66;MFD_SETNO66;46.429217;59.022267;268866;315;25-jul-04;05:14:55;34.81;5.664;2.5455;2.5455;1;5.664;1;34.81;1;0;NaN;NaN
TEL2004530_67;MFD_SETNO67;46.182617;59.1386;268873;5;25-jul-04;07:49:04;29.891;15.324;4.5336;4.5336;1;15.324;1;29.891;1;0;NaN;NaN
TEL2004530_67;MFD_SETNO67;46.182617;59.1386;268872;25;25-jul-04;07:49:04;30.991;7.834;4.4544;4.4544;1;7.834;1;30.991;1;0;NaN;NaN
TEL2004530_67;MFD_SETNO67;46.182617;59.1386;268871;50;25-jul-04;07:49:04;31.6;3.572;4.8935;4.8935;1;3.572;1;31.6;1;0;NaN;NaN
TEL2004530_67;MFD_SETNO67;46.182617;59.1386;268870;94;25-jul-04;07:49:04;32.417;1.667;4.8523;4.8523;1;1.667;1;32.417;1;0;NaN;NaN
TEL2004530_68;MFD_SETNO68;46.252417;58.9136;268877;5;25-jul-04;10:01:32;29.662;16.147;4.4356;4.4356;1;16.147;1;29.662;1;0;NaN;NaN
TEL2004530_68;MFD_SETNO68;46.252417;58.9136;268876;25;25-jul-04;10:01:32;31.347;3.849;4.5158;4.5158;1;3.849;1;31.347;1;0;NaN;NaN
TEL2004530_68;MFD_SETNO68;46.252417;58.9136;268875;50;25-jul-04;10:01:32;32.195;1.274;4.9706;4.9706;1;1.274;1;32.195;1;0;NaN;NaN
TEL2004530_68;MFD_SETNO68;46.252417;58.9136;268874;240;25-jul-04;10:01:32;34.543;5.342;2.7097;2.7097;1;5.342;1;34.543;1;0;NaN;NaN
TEL2004530_69;MFD_SETNO69;46.076533;58.5342;268881;5;25-jul-04;12:56:13;29.889;15.35;4.8742;4.8742;1;15.35;1;29.889;1;0;NaN;NaN
TEL2004530_69;MFD_SETNO69;46.076533;58.5342;268880;25;25-jul-04;12:56:13;31.114;3.775;4.8817;4.8817;1;3.775;1;31.114;1;0;NaN;NaN
TEL2004530_69;MFD_SETNO69;46.076533;58.5342;268879;50;25-jul-04;12:56:13;32.201;2.329;5.3258;5.3258;1;2.329;1;32.201;1;0;NaN;NaN
TEL2004530_69;MFD_SETNO69;46.076533;58.5342;268878;313;25-jul-04;12:56:13;34.758;5.814;2.3475;2.3475;1;5.814;1;34.758;1;0;NaN;NaN
TEL2004530_70;MFD_SETNO70;45.675583;58.617117;268885;5;25-jul-04;16:17:55;30.066;15.724;4.2456;4.2456;1;15.724;1;30.066;1;0;NaN;NaN
TEL2004530_70;MFD_SETNO70;45.675583;58.617117;268884;25;25-jul-04;16:17:55;31.998;6.655;4.5828;4.5828;1;6.655;1;31.998;1;0;NaN;NaN
TEL2004530_70;MFD_SETNO70;45.675583;58.617117;268883;50;25-jul-04;16:17:55;32.146;1.288;4.7495;4.7495;1;1.288;1;32.146;1;0;NaN;NaN
TEL2004530_70;MFD_SETNO70;45.675583;58.617117;268882;87;25-jul-04;16:17:55;32.615;1.107;4.7154;4.7154;1;1.107;1;32.615;1;0;NaN;NaN
TEL2004530_71;MFD_SETNO71;45.639183;58.540083;268889;5;25-jul-04;18:20:57;29.906;16.139;4.3481;4.3481;1;16.139;1;29.906;1;0;NaN;NaN
TEL2004530_71;MFD_SETNO71;45.639183;58.540083;268888;25;25-jul-04;18:20:57;31.872;5.97;4.5306;4.5306;1;5.97;1;31.872;1;0;NaN;NaN
TEL2004530_71;MFD_SETNO71;45.639183;58.540083;268887;50;25-jul-04;18:20:57;32.165;1.197;4.8098;4.8098;1;1.197;1;32.165;1;0;NaN;NaN
TEL2004530_71;MFD_SETNO71;45.639183;58.540083;268886;380;25-jul-04;18:20:57;33.478;2.981;3.9329;3.9329;1;2.981;1;33.478;1;0;NaN;NaN
TEL2004530_72;MFD_SETNO72;45.618467;58.406383;268893;5;25-jul-04;20:51:51;30.103;15.695;4.4439;4.4439;1;15.695;1;30.103;1;0;NaN;NaN
TEL2004530_72;MFD_SETNO72;45.618467;58.406383;268892;25;25-jul-04;20:51:51;31.66;5.354;4.5455;4.5455;1;5.354;1;31.66;1;0;NaN;NaN
TEL2004530_72;MFD_SETNO72;45.618467;58.406383;268891;50;25-jul-04;20:51:51;32.07;1.74;5.0067;5.0067;1;1.74;1;32.07;1;0;NaN;NaN
TEL2004530_72;MFD_SETNO72;45.618467;58.406383;268890;112;25-jul-04;20:51:51;32.852;1.547;4.5889;4.5889;1;1.547;1;32.852;1;0;NaN;NaN
TEL2004530_73;MFD_SETNO73;45.619783;58.041083;268897;5;25-jul-04;23:21:20;30.165;15.903;4.5597;4.5597;1;15.903;1;30.165;1;0;NaN;NaN
TEL2004530_73;MFD_SETNO73;45.619783;58.041083;268896;25;25-jul-04;23:21:20;31.667;5.122;4.7915;4.7915;1;5.122;1;31.667;1;0;NaN;NaN
TEL2004530_73;MFD_SETNO73;45.619783;58.041083;268895;50;25-jul-04;23:21:20;32.008;2.026;5.0632;5.0632;1;2.026;1;32.008;1;0;NaN;NaN
TEL2004530_73;MFD_SETNO73;45.619783;58.041083;268894;160;25-jul-04;23:21:20;34.115;4.88;3.3736;3.3736;1;4.88;1;34.115;1;0;NaN;NaN
TEL2004530_74;MFD_SETNO74;45.569183;57.936617;268901;5;26-jul-04;01:08:41;30.366;15.843;4.2008;4.2008;1;15.843;1;30.366;1;0;NaN;NaN
TEL2004530_74;MFD_SETNO74;45.569183;57.936617;268900;25;26-jul-04;01:08:41;32.028;4.472;4.5699;4.5699;1;4.472;1;32.028;1;0;NaN;NaN
TEL2004530_74;MFD_SETNO74;45.569183;57.936617;268899;50;26-jul-04;01:08:41;32.091;2.793;4.6544;4.6544;1;2.793;1;32.091;1;0;NaN;NaN
TEL2004530_74;MFD_SETNO74;45.569183;57.936617;268898;250;26-jul-04;01:08:41;34.66;6.071;2.4509;2.4509;1;6.071;1;34.66;1;0;NaN;NaN
TEL2004530_75;MFD_SETNO75;45.4351;58.019033;268905;5;26-jul-04;04:20:08;30.083;15.692;4.3757;4.3757;1;15.692;1;30.083;1;0;NaN;NaN
TEL2004530_75;MFD_SETNO75;45.4351;58.019033;268904;25;26-jul-04;04:20:08;31.881;5.914;4.8028;4.8028;1;5.914;1;31.881;1;0;NaN;NaN
TEL2004530_75;MFD_SETNO75;45.4351;58.019033;268903;50;26-jul-04;04:20:08;32.104;1.491;5.0256;5.0256;1;1.491;1;32.104;1;0;NaN;NaN
TEL2004530_75;MFD_SETNO75;45.4351;58.019033;268902;258;26-jul-04;04:20:08;33.547;3.171;3.9625;3.9625;1;3.171;1;33.547;1;0;NaN;NaN
TEL2004530_76;MFD_SETNO76;45.223933;57.7794;268909;5;26-jul-04;07:33:20;30.883;15.247;4.555;4.555;1;15.247;1;30.883;1;0;NaN;NaN
TEL2004530_76;MFD_SETNO76;45.223933;57.7794;268908;25;26-jul-04;07:33:20;31.648;4.885;4.991;4.991;1;4.885;1;31.648;1;0;NaN;NaN
TEL2004530_76;MFD_SETNO76;45.223933;57.7794;268907;50;26-jul-04;07:33:20;32.1;1.554;5.0073;5.0073;1;1.554;1;32.1;1;0;NaN;NaN
TEL2004530_76;MFD_SETNO76;45.223933;57.7794;268906;78;26-jul-04;07:33:20;32.521;1.135;4.74;4.74;1;1.135;1;32.521;1;0;NaN;NaN
TEL2004530_77;MFD_SETNO77;45.077933;57.5333;268913;5;26-jul-04;09:52:33;30.714;15.786;4.9465;4.9465;1;15.786;1;30.714;1;0;NaN;NaN
TEL2004530_77;MFD_SETNO77;45.077933;57.5333;268912;25;26-jul-04;09:52:33;31.805;3.523;4.9853;4.9853;1;3.523;1;31.805;1;0;NaN;NaN
TEL2004530_77;MFD_SETNO77;45.077933;57.5333;268911;50;26-jul-04;09:52:33;32.252;1.04;4.9851;4.9851;1;1.04;1;32.252;1;0;NaN;NaN
TEL2004530_77;MFD_SETNO77;45.077933;57.5333;268910;279;26-jul-04;09:52:33;34.7;5.881;2.7515;2.7515;1;5.881;1;34.7;1;0;NaN;NaN
TEL2004530_78;MFD_SETNO78;45.001217;57.745583;268916;5;26-jul-04;12:01:56;31.104;16.287;4.4394;4.4394;1;16.287;1;31.104;1;0;NaN;NaN
TEL2004530_78;MFD_SETNO78;45.001217;57.745583;268915;25;26-jul-04;12:01:56;31.936;4.894;4.5754;4.5754;1;4.894;1;31.936;1;0;NaN;NaN
TEL2004530_78;MFD_SETNO78;45.001217;57.745583;268914;53;26-jul-04;12:01:56;32.14;2.563;4.5069;4.5069;1;2.563;1;32.14;1;0;NaN;NaN
TEL2004530_79;MFD_SETNO79;44.822267;57.519833;268919;5;26-jul-04;14:10:32;31.275;15.142;4.7595;4.7595;1;15.142;1;31.275;1;0;NaN;NaN
TEL2004530_79;MFD_SETNO79;44.822267;57.519833;268918;25;26-jul-04;14:10:32;31.809;4.402;4.9525;4.9525;1;4.402;1;31.809;1;0;NaN;NaN
TEL2004530_79;MFD_SETNO79;44.822267;57.519833;268917;37;26-jul-04;14:10:32;31.967;3.2;5.1009;5.1009;1;3.2;1;31.967;1;0;NaN;NaN
TEL2004530_80;MFD_SETNO80;44.871517;57.335433;268923;5;26-jul-04;16:09:47;31.001;16.149;4.7394;4.7394;1;16.149;1;31.001;1;0;NaN;NaN
TEL2004530_80;MFD_SETNO80;44.871517;57.335433;268922;25;26-jul-04;16:09:47;31.734;4.108;4.9333;4.9333;1;4.108;1;31.734;1;0;NaN;NaN
TEL2004530_80;MFD_SETNO80;44.871517;57.335433;268921;50;26-jul-04;16:09:47;32.204;1.057;4.9565;4.9565;1;1.057;1;32.204;1;0;NaN;NaN
TEL2004530_80;MFD_SETNO80;44.871517;57.335433;268920;331;26-jul-04;16:09:47;34.731;5.357;3.2391;3.2391;1;5.357;1;34.731;1;0;NaN;NaN
TEL2004530_81;MFD_SETNO81;44.504717;57.427067;268927;5;26-jul-04;19:46:08;31.05;15.792;4.5806;4.5806;1;15.792;1;31.05;1;0;NaN;NaN
TEL2004530_81;MFD_SETNO81;44.504717;57.427067;268926;25;26-jul-04;19:46:08;32.366;4.873;4.4163;4.4163;1;4.873;1;32.366;1;0;NaN;NaN
TEL2004530_81;MFD_SETNO81;44.504717;57.427067;268925;50;26-jul-04;19:46:08;32.533;1.31;4.7792;4.7792;1;1.31;1;32.533;1;0;NaN;NaN
TEL2004530_81;MFD_SETNO81;44.504717;57.427067;268924;66;26-jul-04;19:46:08;32.518;1.277;5.0279;5.0279;1;1.277;1;32.518;1;0;NaN;NaN
TEL2004530_82;MFD_SETNO82;44.426233;57.540933;268931;5;26-jul-04;21:22:23;31.056;16.122;4.5953;4.5953;1;16.122;1;31.056;1;0;NaN;NaN
TEL2004530_82;MFD_SETNO82;44.426233;57.540933;268930;25;26-jul-04;21:22:23;32.421;5.49;4.3975;4.3975;1;5.49;1;32.421;1;0;NaN;NaN
TEL2004530_82;MFD_SETNO82;44.426233;57.540933;268929;50;26-jul-04;21:22:23;32.47;1.483;4.7434;4.7434;1;1.483;1;32.47;1;0;NaN;NaN
TEL2004530_82;MFD_SETNO82;44.426233;57.540933;268928;89;26-jul-04;21:22:23;32.698;0.855;5.0976;5.0976;1;0.855;1;32.698;1;0;NaN;NaN
TEL2004530_83;MFD_SETNO83;44.344133;57.535617;268941;1;27-jul-04;00:32:25;31.01;15.651;4.7901;4.7901;1;15.651;1;31.01;1;0;NaN;NaN
TEL2004530_83;MFD_SETNO83;44.344133;57.535617;268940;10;27-jul-04;00:32:25;31.668;13.775;4.302;4.302;1;13.775;1;31.668;1;0;NaN;NaN
TEL2004530_83;MFD_SETNO83;44.344133;57.535617;268939;20;27-jul-04;00:32:25;32.77;10.322;4.6077;4.6077;1;10.322;1;32.77;1;0;NaN;NaN
TEL2004530_83;MFD_SETNO83;44.344133;57.535617;268938;30;27-jul-04;00:32:25;32.816;7.012;4.5339;4.5339;1;7.012;1;32.816;1;0;NaN;NaN
TEL2004530_83;MFD_SETNO83;44.344133;57.535617;268937;40;27-jul-04;00:32:25;32.713;2.107;4.3698;4.3698;1;2.107;1;32.713;1;0;NaN;NaN
TEL2004530_83;MFD_SETNO83;44.344133;57.535617;268936;50;27-jul-04;00:32:25;32.72;0.727;4.6243;4.6243;1;0.727;1;32.72;1;0;NaN;NaN
TEL2004530_83;MFD_SETNO83;44.344133;57.535617;268935;60;27-jul-04;00:32:25;32.732;0.682;4.8523;4.8523;1;0.682;1;32.732;1;0;NaN;NaN
TEL2004530_83;MFD_SETNO83;44.344133;57.535617;268934;80;27-jul-04;00:32:25;32.807;0.558;4.9936;4.9936;1;0.558;1;32.807;1;0;NaN;NaN
TEL2004530_83;MFD_SETNO83;44.344133;57.535617;268933;100;27-jul-04;00:32:25;32.828;0.642;5.0178;5.0178;1;0.642;1;32.828;1;0;NaN;NaN
TEL2004530_83;MFD_SETNO83;44.344133;57.535617;268932;561;27-jul-04;00:32:25;34.886;4.283;4.5001;4.5001;1;4.283;1;34.886;1;0;NaN;NaN
TEL2004530_84;MFD_SETNO84;44.31995;57.549717;268945;5;27-jul-04;04:38:24;31.074;15.99;4.5442;4.5442;1;15.99;1;31.074;1;0;NaN;NaN
TEL2004530_84;MFD_SETNO84;44.31995;57.549717;268944;25;27-jul-04;04:38:24;32.776;10.234;4.5465;4.5465;1;10.234;1;32.776;1;0;NaN;NaN
TEL2004530_84;MFD_SETNO84;44.31995;57.549717;268943;50;27-jul-04;04:38:24;32.847;3.789;4.3783;4.3783;1;3.789;1;32.847;1;0;NaN;NaN
TEL2004530_84;MFD_SETNO84;44.31995;57.549717;268942;600;27-jul-04;04:38:24;34.887;4.282;4.5126;4.5126;1;4.282;1;34.887;1;0;NaN;NaN
TEL2004530_85;MFD_SETNO85;44.379867;57.6812;268949;5;27-jul-04;07:50:11;31.279;16.006;4.5436;4.5436;1;16.006;1;31.279;1;0;NaN;NaN
TEL2004530_85;MFD_SETNO85;44.379867;57.6812;268948;25;27-jul-04;07:50:11;32.015;2.767;4.5873;4.5873;1;2.767;1;32.015;1;0;NaN;NaN
TEL2004530_85;MFD_SETNO85;44.379867;57.6812;268947;50;27-jul-04;07:50:11;32.336;1.476;4.9535;4.9535;1;1.476;1;32.336;1;0;NaN;NaN
TEL2004530_85;MFD_SETNO85;44.379867;57.6812;268946;115;27-jul-04;07:50:11;33.134;2.21;4.8837;4.8837;1;2.21;1;33.134;1;0;NaN;NaN
TEL2004530_86;MFD_SETNO86;44.390483;58.180467;268952;5;27-jul-04;10:36:35;31.418;14.79;4.7607;4.7607;1;14.79;1;31.418;1;0;NaN;NaN
TEL2004530_86;MFD_SETNO86;44.390483;58.180467;268951;25;27-jul-04;10:36:35;31.878;6.627;4.7352;4.7352;1;6.627;1;31.878;1;0;NaN;NaN
TEL2004530_86;MFD_SETNO86;44.390483;58.180467;268950;54;27-jul-04;10:36:35;32.141;2.818;4.9616;4.9616;1;2.818;1;32.141;1;0;NaN;NaN
TEL2004530_87;MFD_SETNO87;44.290083;58.064833;268956;5;27-jul-04;13:20:01;31.629;15.426;4.5014;4.5014;1;15.426;1;31.629;1;0;NaN;NaN
TEL2004530_87;MFD_SETNO87;44.290083;58.064833;268955;25;27-jul-04;13:20:01;32.466;6.819;4.6449;4.6449;1;6.819;1;32.466;1;0;NaN;NaN
TEL2004530_87;MFD_SETNO87;44.290083;58.064833;268954;50;27-jul-04;13:20:01;32.556;3.007;4.8281;4.8281;1;3.007;1;32.556;1;0;NaN;NaN
TEL2004530_87;MFD_SETNO87;44.290083;58.064833;268953;111;27-jul-04;13:20:01;32.834;0.95;4.9705;4.9705;1;0.95;1;32.834;1;0;NaN;NaN
TEL2004530_88;MFD_SETNO88;44.106;58.289883;268960;5;27-jul-04;16:25:01;31.423;16.684;4.6614;4.6614;1;16.684;1;31.423;1;0;NaN;NaN
TEL2004530_88;MFD_SETNO88;44.106;58.289883;268959;25;27-jul-04;16:25:01;32.245;5.215;4.3969;4.3969;1;5.215;1;32.245;1;0;NaN;NaN
TEL2004530_88;MFD_SETNO88;44.106;58.289883;268958;50;27-jul-04;16:25:01;32.686;4.102;4.9576;4.9576;1;4.102;1;32.686;1;0;NaN;NaN
TEL2004530_88;MFD_SETNO88;44.106;58.289883;268957;471;27-jul-04;16:25:01;34.886;4.37;4.4428;4.4428;1;4.37;1;34.886;1;0;NaN;NaN
TEL2004530_89;MFD_SETNO89;43.986717;58.638533;268964;5;27-jul-04;19:40:46;31.714;16.087;4.5533;4.5533;1;16.087;1;31.714;1;0;NaN;NaN
TEL2004530_89;MFD_SETNO89;43.986717;58.638533;268963;25;27-jul-04;19:40:46;32.509;8.103;5.0929;5.0929;1;8.103;1;32.509;1;0;NaN;NaN
TEL2004530_89;MFD_SETNO89;43.986717;58.638533;268962;50;27-jul-04;19:40:46;32.457;1.52;4.7389;4.7389;1;1.52;1;32.457;1;0;NaN;NaN
TEL2004530_89;MFD_SETNO89;43.986717;58.638533;268961;186;27-jul-04;19:40:46;34.482;6.284;3.8364;3.8364;1;6.284;1;34.482;1;0;NaN;NaN
TEL2004530_90;MFD_SETNO90;44.004133;58.747167;268968;5;27-jul-04;21:18:20;31.56;16.957;4.5581;4.5581;1;16.957;1;31.56;1;0;NaN;NaN
TEL2004530_90;MFD_SETNO90;44.004133;58.747167;268967;25;27-jul-04;21:18:20;32.522;8.975;4.8354;4.8354;1;8.975;1;32.522;1;0;NaN;NaN
TEL2004530_90;MFD_SETNO90;44.004133;58.747167;268966;50;27-jul-04;21:18:20;32.676;3.125;4.7897;4.7897;1;3.125;1;32.676;1;0;NaN;NaN
TEL2004530_90;MFD_SETNO90;44.004133;58.747167;268965;115;27-jul-04;21:18:20;33.531;3.358;4.4389;4.4389;1;3.358;1;33.531;1;0;NaN;NaN
TEL2004530_91;MFD_SETNO91;44.361817;58.610917;268972;5;28-jul-04;00:20:54;31.706;15.445;4.8675;4.8675;1;15.445;1;31.706;1;0;NaN;NaN
TEL2004530_91;MFD_SETNO91;44.361817;58.610917;268971;25;28-jul-04;00:20:54;31.905;5.547;5.1195;5.1195;1;5.547;1;31.905;1;0;NaN;NaN
TEL2004530_91;MFD_SETNO91;44.361817;58.610917;268970;50;28-jul-04;00:20:54;32.256;2.423;4.9261;4.9261;1;2.423;1;32.256;1;0;NaN;NaN
TEL2004530_91;MFD_SETNO91;44.361817;58.610917;268969;61;28-jul-04;00:20:54;32.253;2.395;5.0995;5.0995;1;2.395;1;32.253;1;0;NaN;NaN
TEL2004530_92;MFD_SETNO92;44.404917;58.721883;268976;5;28-jul-04;01:41:10;31.481;16.706;4.4217;4.4217;1;16.706;1;31.481;1;0;NaN;NaN
TEL2004530_92;MFD_SETNO92;44.404917;58.721883;268975;25;28-jul-04;01:41:10;31.878;7.462;4.6118;4.6118;1;7.462;1;31.878;1;0;NaN;NaN
TEL2004530_92;MFD_SETNO92;44.404917;58.721883;268974;50;28-jul-04;01:41:10;32.199;2.437;4.7553;4.7553;1;2.437;1;32.199;1;0;NaN;NaN
TEL2004530_92;MFD_SETNO92;44.404917;58.721883;268973;60;28-jul-04;01:41:10;32.187;2.406;4.9902;4.9902;1;2.406;1;32.187;1;0;NaN;NaN
TEL2004530_93;MFD_SETNO93;44.2609;59.05005;268980;5;28-jul-04;04:40:37;31.345;16.903;4.4499;4.4499;1;16.903;1;31.345;1;0;NaN;NaN
TEL2004530_93;MFD_SETNO93;44.2609;59.05005;268979;25;28-jul-04;04:40:37;32.283;6.737;4.4681;4.4681;1;6.737;1;32.283;1;0;NaN;NaN
TEL2004530_93;MFD_SETNO93;44.2609;59.05005;268978;50;28-jul-04;04:40:37;32.52;3.128;4.8534;4.8534;1;3.128;1;32.52;1;0;NaN;NaN
TEL2004530_93;MFD_SETNO93;44.2609;59.05005;268977;184;28-jul-04;04:40:37;34.473;4.787;4.1153;4.1153;1;4.787;1;34.473;1;0;NaN;NaN
TEL2004530_95;MFD_SETNO95;44.300933;59.321483;268984;5;28-jul-04;09:23:43;31.546;15.349;4.5289;4.5289;1;15.349;1;31.546;1;0;NaN;NaN
TEL2004530_95;MFD_SETNO95;44.300933;59.321483;268983;25;28-jul-04;09:23:43;32.184;8.248;4.7901;4.7901;1;8.248;1;32.184;1;0;NaN;NaN
TEL2004530_95;MFD_SETNO95;44.300933;59.321483;268982;50;28-jul-04;09:23:43;32.397;4.812;5.074;5.074;1;4.812;1;32.397;1;0;NaN;NaN
TEL2004530_95;MFD_SETNO95;44.300933;59.321483;268981;240;28-jul-04;09:23:43;34.466;4.236;4.2709;4.2709;1;4.236;1;34.466;1;0;NaN;NaN
TEL2004530_96;MFD_SETNO96;44.3414;59.338783;268988;5;28-jul-04;11:53:35;31.538;15.832;4.5233;4.5233;1;15.832;1;31.538;1;0;NaN;NaN
TEL2004530_96;MFD_SETNO96;44.3414;59.338783;268987;25;28-jul-04;11:53:35;32.184;8.387;4.6853;4.6853;1;8.387;1;32.184;1;0;NaN;NaN
TEL2004530_96;MFD_SETNO96;44.3414;59.338783;268986;50;28-jul-04;11:53:35;32.51;2.954;4.7441;4.7441;1;2.954;1;32.51;1;0;NaN;NaN
TEL2004530_96;MFD_SETNO96;44.3414;59.338783;268985;214;28-jul-04;11:53:35;34.366;3.995;4.2651;4.2651;1;3.995;1;34.366;1;0;NaN;NaN
TEL2004530_97;MFD_SETNO97;44.26045;59.376883;268992;5;28-jul-04;13:54:13;31.544;15.991;4.4235;4.4235;1;15.991;1;31.544;1;0;NaN;NaN
TEL2004530_97;MFD_SETNO97;44.26045;59.376883;268991;25;28-jul-04;13:54:13;32.197;8.304;4.7835;4.7835;1;8.304;1;32.197;1;0;NaN;NaN
TEL2004530_97;MFD_SETNO97;44.26045;59.376883;268990;50;28-jul-04;13:54:13;32.621;3.679;4.7937;4.7937;1;3.679;1;32.621;1;0;NaN;NaN
TEL2004530_97;MFD_SETNO97;44.26045;59.376883;268989;232;28-jul-04;13:54:13;34.346;3.941;4.242;4.242;1;3.941;1;34.346;1;0;NaN;NaN
TEL2004530_98;MFD_SETNO98;44.106;59.259567;268996;5;28-jul-04;16:18:35;31.109;16.91;4.4318;4.4318;1;16.91;1;31.109;1;0;NaN;NaN
TEL2004530_98;MFD_SETNO98;44.106;59.259567;268995;25;28-jul-04;16:18:35;32.095;8.927;4.9725;4.9725;1;8.927;1;32.095;1;0;NaN;NaN
TEL2004530_98;MFD_SETNO98;44.106;59.259567;268994;50;28-jul-04;16:18:35;32.389;2.922;4.7554;4.7554;1;2.922;1;32.389;1;0;NaN;NaN
TEL2004530_98;MFD_SETNO98;44.106;59.259567;268993;203;28-jul-04;16:18:35;33.818;3.477;4.4771;4.4771;1;3.477;1;33.818;1;0;NaN;NaN
TEL2004530_99;MFD_SETNO99;43.9678;59.29685;268999;5;28-jul-04;18:25:39;31.225;16.38;4.4746;4.4746;1;16.38;1;31.225;1;0;NaN;NaN
TEL2004530_99;MFD_SETNO99;43.9678;59.29685;268998;25;28-jul-04;18:25:39;31.94;7.658;4.4829;4.4829;1;7.658;1;31.94;1;0;NaN;NaN
TEL2004530_99;MFD_SETNO99;43.9678;59.29685;268997;40;28-jul-04;18:25:39;32.321;3.712;4.9969;4.9969;1;3.712;1;32.321;1;0;NaN;NaN
TEL2004530_100;MFD_SETNO100;43.8818;59.2577;269003;5;28-jul-04;20:07:21;31.42;14.168;4.781;4.781;1;14.168;1;31.42;1;0;NaN;NaN
TEL2004530_100;MFD_SETNO100;43.8818;59.2577;269002;25;28-jul-04;20:07:21;32.022;6.511;4.7351;4.7351;1;6.511;1;32.022;1;0;NaN;NaN
TEL2004530_100;MFD_SETNO100;43.8818;59.2577;269001;50;28-jul-04;20:07:21;32.536;3.043;4.7021;4.7021;1;3.043;1;32.536;1;0;NaN;NaN
TEL2004530_100;MFD_SETNO100;43.8818;59.2577;269000;62;28-jul-04;20:07:21;32.533;2.996;4.9391;4.9391;1;2.996;1;32.533;1;0;NaN;NaN
TEL2004530_101;MFD_SETNO101;43.6564;59.399017;269007;5;28-jul-04;22:44:21;31.952;19.948;4.0675;4.0675;1;19.948;1;31.952;1;0;NaN;NaN
TEL2004530_101;MFD_SETNO101;43.6564;59.399017;269006;25;28-jul-04;22:44:21;32.624;9.371;4.3763;4.3763;1;9.371;1;32.624;1;0;NaN;NaN
TEL2004530_101;MFD_SETNO101;43.6564;59.399017;269005;50;28-jul-04;22:44:21;32.863;5.107;4.7628;4.7628;1;5.107;1;32.863;1;0;NaN;NaN
TEL2004530_101;MFD_SETNO101;43.6564;59.399017;269004;195;28-jul-04;22:44:21;34.628;6.384;3.5462;3.5462;1;6.384;1;34.628;1;0;NaN;NaN
TEL2004530_102;MFD_SETNO102;43.696517;59.77545;269011;5;29-jul-04;01:26:50;32.219;19.803;4.3027;4.3027;1;19.803;1;32.219;1;0;NaN;NaN
TEL2004530_102;MFD_SETNO102;43.696517;59.77545;269010;25;29-jul-04;01:26:50;32.732;7.076;4.6636;4.6636;1;7.076;1;32.732;1;0;NaN;NaN
TEL2004530_102;MFD_SETNO102;43.696517;59.77545;269009;50;29-jul-04;01:26:50;32.751;2.171;4.7735;4.7735;1;2.171;1;32.751;1;0;NaN;NaN
TEL2004530_102;MFD_SETNO102;43.696517;59.77545;269008;83;29-jul-04;01:26:50;33.091;2.414;4.7992;4.7992;1;2.414;1;33.091;1;0;NaN;NaN
TEL2004530_103;MFD_SETNO103;43.792783;59.880033;269014;5;29-jul-04;03:05:59;31.379;15.619;4.5753;4.5753;1;15.619;1;31.379;1;0;NaN;NaN
TEL2004530_103;MFD_SETNO103;43.792783;59.880033;269013;25;29-jul-04;03:05:59;31.958;6.82;4.8989;4.8989;1;6.82;1;31.958;1;0;NaN;NaN
TEL2004530_103;MFD_SETNO103;43.792783;59.880033;269012;51;29-jul-04;03:05:59;32.279;4.555;5.0052;5.0052;1;4.555;1;32.279;1;0;NaN;NaN
TEL2004530_104;MFD_SETNO104;43.549267;59.946417;269018;5;29-jul-04;05:57:49;32.252;19.689;4.2606;4.2606;1;19.689;1;32.252;1;0;NaN;NaN
TEL2004530_104;MFD_SETNO104;43.549267;59.946417;269017;25;29-jul-04;05:57:49;32.706;6.358;4.404;4.404;1;6.358;1;32.706;1;0;NaN;NaN
TEL2004530_104;MFD_SETNO104;43.549267;59.946417;269016;50;29-jul-04;05:57:49;32.994;5.231;4.7558;4.7558;1;5.231;1;32.994;1;0;NaN;NaN
TEL2004530_104;MFD_SETNO104;43.549267;59.946417;269015;232;29-jul-04;05:57:49;34.667;5.505;3.6878;3.6878;1;5.505;1;34.667;1;0;NaN;NaN
TEL2004530_105;MFD_SETNO105;43.485033;60.212983;269022;5;29-jul-04;09:59:50;32.252;19.29;4.2056;4.2056;1;19.29;1;32.252;1;0;NaN;NaN
TEL2004530_105;MFD_SETNO105;43.485033;60.212983;269021;25;29-jul-04;09:59:50;32.332;7.109;4.393;4.393;1;7.109;1;32.332;1;0;NaN;NaN
TEL2004530_105;MFD_SETNO105;43.485033;60.212983;269020;50;29-jul-04;09:59:50;32.789;2.139;4.5903;4.5903;1;2.139;1;32.789;1;0;NaN;NaN
TEL2004530_105;MFD_SETNO105;43.485033;60.212983;269019;136;29-jul-04;09:59:50;33.923;4.765;4.3523;4.3523;1;4.765;1;33.923;1;0;NaN;NaN
TEL2004530_106;MFD_SETNO106;43.449;60.41905;269026;5;29-jul-04;11:57:02;31.846;18.271;4.3624;4.3624;1;18.271;1;31.846;1;0;NaN;NaN
TEL2004530_106;MFD_SETNO106;43.449;60.41905;269025;25;29-jul-04;11:57:02;32.593;7.291;4.6809;4.6809;1;7.291;1;32.593;1;0;NaN;NaN
TEL2004530_106;MFD_SETNO106;43.449;60.41905;269024;50;29-jul-04;11:57:02;32.662;3.488;4.8525;4.8525;1;3.488;1;32.662;1;0;NaN;NaN
TEL2004530_106;MFD_SETNO106;43.449;60.41905;269023;138;29-jul-04;11:57:02;33.536;3.691;4.5574;4.5574;1;3.691;1;33.536;1;0;NaN;NaN
TEL2004530_107;MFD_SETNO107;43.741667;60.381967;269030;5;29-jul-04;14:31:57;31.342;16.465;4.4925;4.4925;1;16.465;1;31.342;1;0;NaN;NaN
TEL2004530_107;MFD_SETNO107;43.741667;60.381967;269029;25;29-jul-04;14:31:57;31.685;10.712;4.6623;4.6623;1;10.712;1;31.685;1;0;NaN;NaN
TEL2004530_107;MFD_SETNO107;43.741667;60.381967;269028;50;29-jul-04;14:31:57;32.135;4.923;4.4794;4.4794;1;4.923;1;32.135;1;0;NaN;NaN
TEL2004530_107;MFD_SETNO107;43.741667;60.381967;269027;57;29-jul-04;14:31:57;32.169;4.419;4.5949;4.5949;1;4.419;1;32.169;1;0;NaN;NaN
TEL2004530_108;MFD_SETNO108;43.754617;60.775017;269033;5;29-jul-04;17:08:23;31.631;17.377;4.2768;4.2768;1;17.377;1;31.631;1;0;NaN;NaN
TEL2004530_108;MFD_SETNO108;43.754617;60.775017;269032;25;29-jul-04;17:08:23;31.892;8.171;4.5146;4.5146;1;8.171;1;31.892;1;0;NaN;NaN
TEL2004530_108;MFD_SETNO108;43.754617;60.775017;269031;41;29-jul-04;17:08:23;31.859;7.939;5.0442;5.0442;1;7.939;1;31.859;1;0;NaN;NaN
TEL2004530_109;MFD_SETNO109;43.455933;60.805417;269037;5;29-jul-04;19:42:07;31.619;17.478;4.5034;4.5034;1;17.478;1;31.619;1;0;NaN;NaN
TEL2004530_109;MFD_SETNO109;43.455933;60.805417;269036;25;29-jul-04;19:42:07;32.429;4.474;4.6867;4.6867;1;4.474;1;32.429;1;0;NaN;NaN
TEL2004530_109;MFD_SETNO109;43.455933;60.805417;269035;50;29-jul-04;19:42:07;32.586;2.436;4.7631;4.7631;1;2.436;1;32.586;1;0;NaN;NaN
TEL2004530_109;MFD_SETNO109;43.455933;60.805417;269034;83;29-jul-04;19:42:07;32.778;2.432;4.9271;4.9271;1;2.432;1;32.778;1;0;NaN;NaN
TEL2004530_110;MFD_SETNO110;43.469533;60.99725;269041;5;29-jul-04;21:34:58;31.587;17.163;4.6963;4.6963;1;17.163;1;31.587;1;0;NaN;NaN
TEL2004530_110;MFD_SETNO110;43.469533;60.99725;269040;25;29-jul-04;21:34:58;32.384;5.227;4.8392;4.8392;1;5.227;1;32.384;1;0;NaN;NaN
TEL2004530_110;MFD_SETNO110;43.469533;60.99725;269039;50;29-jul-04;21:34:58;32.53;2.446;4.7872;4.7872;1;2.446;1;32.53;1;0;NaN;NaN
TEL2004530_110;MFD_SETNO110;43.469533;60.99725;269038;68;29-jul-04;21:34:58;32.598;2.27;4.8835;4.8835;1;2.27;1;32.598;1;0;NaN;NaN
TEL2004530_111;MFD_SETNO111;43.542467;61.406633;269045;5;30-jul-04;00:13:48;31.396;17.169;4.5699;4.5699;1;17.169;1;31.396;1;0;NaN;NaN
TEL2004530_111;MFD_SETNO111;43.542467;61.406633;269044;25;30-jul-04;00:13:48;31.989;6.168;4.6484;4.6484;1;6.168;1;31.989;1;0;NaN;NaN
TEL2004530_111;MFD_SETNO111;43.542467;61.406633;269043;50;30-jul-04;00:13:48;32.296;3.262;4.6718;4.6718;1;3.262;1;32.296;1;0;NaN;NaN
TEL2004530_111;MFD_SETNO111;43.542467;61.406633;269042;61;30-jul-04;00:13:48;32.28;3.24;4.8891;4.8891;1;3.24;1;32.28;1;0;NaN;NaN
TEL2004530_112;MFD_SETNO112;43.26635;61.3949;269049;5;30-jul-04;02:58:13;31.355;16.513;4.5313;4.5313;1;16.513;1;31.355;1;0;NaN;NaN
TEL2004530_112;MFD_SETNO112;43.26635;61.3949;269048;25;30-jul-04;02:58:13;31.756;12.417;4.6527;4.6527;1;12.417;1;31.756;1;0;NaN;NaN
TEL2004530_112;MFD_SETNO112;43.26635;61.3949;269047;50;30-jul-04;02:58:13;32.466;3.339;4.7302;4.7302;1;3.339;1;32.466;1;0;NaN;NaN
TEL2004530_112;MFD_SETNO112;43.26635;61.3949;269046;76;30-jul-04;02:58:13;32.826;2.552;4.8631;4.8631;1;2.552;1;32.826;1;0;NaN;NaN
TEL2004530_113;MFD_SETNO113;42.9523;61.87;269053;5;30-jul-04;07:55:55;31.686;15.836;4.6399;4.6399;1;15.836;1;31.686;1;0;NaN;NaN
TEL2004530_113;MFD_SETNO113;42.9523;61.87;269052;25;30-jul-04;07:55:55;32.615;7.712;4.7778;4.7778;1;7.712;1;32.615;1;0;NaN;NaN
TEL2004530_113;MFD_SETNO113;42.9523;61.87;269051;50;30-jul-04;07:55:55;32.802;2.229;4.5383;4.5383;1;2.229;1;32.802;1;0;NaN;NaN
TEL2004530_113;MFD_SETNO113;42.9523;61.87;269050;386;30-jul-04;07:55:55;34.817;5.078;3.8965;3.8965;1;5.078;1;34.817;1;0;NaN;NaN
TEL2004530_114;MFD_SETNO114;43.145067;61.8548;269062;3;30-jul-04;11:03:59;31.588;16.078;4.4553;4.4553;1;16.078;1;31.588;1;0;NaN;NaN
TEL2004530_114;MFD_SETNO114;43.145067;61.8548;269061;10;30-jul-04;11:03:59;31.623;15.876;4.4468;4.4468;1;15.876;1;31.623;1;0;NaN;NaN
TEL2004530_114;MFD_SETNO114;43.145067;61.8548;269060;20;30-jul-04;11:03:59;31.825;13.014;4.4615;4.4615;1;13.014;1;31.825;1;0;NaN;NaN
TEL2004530_114;MFD_SETNO114;43.145067;61.8548;269059;30;30-jul-04;11:03:59;32.039;8.246;4.5939;4.5939;1;8.246;1;32.039;1;0;NaN;NaN
TEL2004530_114;MFD_SETNO114;43.145067;61.8548;269058;40;30-jul-04;11:03:59;32.154;6.997;4.8845;4.8845;1;6.997;1;32.154;1;0;NaN;NaN
TEL2004530_114;MFD_SETNO114;43.145067;61.8548;269057;50;30-jul-04;11:03:59;32.384;3.455;4.7216;4.7216;1;3.455;1;32.384;1;0;NaN;NaN
TEL2004530_114;MFD_SETNO114;43.145067;61.8548;269056;60;30-jul-04;11:03:59;32.541;2.391;4.7224;4.7224;1;2.391;1;32.541;1;0;NaN;NaN
TEL2004530_114;MFD_SETNO114;43.145067;61.8548;269055;80;30-jul-04;11:03:59;32.766;2.163;4.7308;4.7308;1;2.163;1;32.766;1;0;NaN;NaN
TEL2004530_114;MFD_SETNO114;43.145067;61.8548;269054;92;30-jul-04;11:03:59;32.868;2.283;4.797;4.797;1;2.283;1;32.868;1;0;NaN;NaN
TEL2004530_115;MFD_SETNO115;43.333467;61.957783;269066;5;30-jul-04;13:41:56;31.6;17.954;4.3603;4.3603;1;17.954;1;31.6;1;0;NaN;NaN
TEL2004530_115;MFD_SETNO115;43.333467;61.957783;269065;25;30-jul-04;13:41:56;32.158;7.141;4.7568;4.7568;1;7.141;1;32.158;1;0;NaN;NaN
TEL2004530_115;MFD_SETNO115;43.333467;61.957783;269064;50;30-jul-04;13:41:56;32.52;2.759;4.9723;4.9723;1;2.759;1;32.52;1;0;NaN;NaN
TEL2004530_115;MFD_SETNO115;43.333467;61.957783;269063;90;30-jul-04;13:41:56;32.767;2.137;4.838;4.838;1;2.137;1;32.767;1;0;NaN;NaN
TEL2004530_116;MFD_SETNO116;43.741717;61.831183;269070;5;30-jul-04;16:50:22;31.66;18.274;4.2544;4.2544;1;18.274;1;31.66;1;0;NaN;NaN
TEL2004530_116;MFD_SETNO116;43.741717;61.831183;269069;25;30-jul-04;16:50:22;32.084;5.749;4.4831;4.4831;1;5.749;1;32.084;1;0;NaN;NaN
TEL2004530_116;MFD_SETNO116;43.741717;61.831183;269068;50;30-jul-04;16:50:22;32.472;2.767;4.8743;4.8743;1;2.767;1;32.472;1;0;NaN;NaN
TEL2004530_116;MFD_SETNO116;43.741717;61.831183;269067;80;30-jul-04;16:50:22;32.758;2.129;4.8131;4.8131;1;2.129;1;32.758;1;0;NaN;NaN
TEL2004530_117;MFD_SETNO117;44.271817;63.3234;269080;1;30-jul-04;23:07:32;31.364;18.437;4.2266;4.2266;1;18.437;1;31.364;1;0;NaN;NaN
TEL2004530_117;MFD_SETNO117;44.271817;63.3234;269079;5;30-jul-04;23:07:32;31.363;18.437;4.2479;4.2479;1;18.437;1;31.363;1;0;NaN;NaN
TEL2004530_117;MFD_SETNO117;44.271817;63.3234;269078;10;30-jul-04;23:07:32;31.369;18.414;4.2593;4.2593;1;18.414;1;31.369;1;0;NaN;NaN
TEL2004530_117;MFD_SETNO117;44.271817;63.3234;269077;20;30-jul-04;23:07:32;31.886;11.764;4.0276;4.0276;1;11.764;1;31.886;1;0;NaN;NaN
TEL2004530_117;MFD_SETNO117;44.271817;63.3234;269076;30;30-jul-04;23:07:32;32.146;5.499;4.4766;4.4766;1;5.499;1;32.146;1;0;NaN;NaN
TEL2004530_117;MFD_SETNO117;44.271817;63.3234;269075;40;30-jul-04;23:07:32;32.351;3.148;4.9111;4.9111;1;3.148;1;32.351;1;0;NaN;NaN
TEL2004530_117;MFD_SETNO117;44.271817;63.3234;269074;50;30-jul-04;23:07:32;32.505;2.446;4.9328;4.9328;1;2.446;1;32.505;1;0;NaN;NaN
TEL2004530_117;MFD_SETNO117;44.271817;63.3234;269073;75;30-jul-04;23:07:32;32.864;2.731;4.7485;4.7485;1;2.731;1;32.864;1;0;NaN;NaN
TEL2004530_117;MFD_SETNO117;44.271817;63.3234;269072;100;30-jul-04;23:07:32;33.234;3.93;4.3018;4.3018;1;3.93;1;33.234;1;0;NaN;NaN
TEL2004530_117;MFD_SETNO117;44.271817;63.3234;269071;152;30-jul-04;23:07:32;33.866;6.125;3.3782;3.3782;1;6.125;1;33.866;1;0;NaN;NaN
