CTD;CTD;CTD;CTD;CTD;CTD;CTD;CTD;CTD;CTD;CTD;labo;labo;terrain;labo;labo;labo;labo;calc;calc
Fichier;Station;Latitude;Longitude;Echantillon;zbouteille;Date;Heure;PSAL;TEMP_XX;DOXY;OXY_XX;Q_OXY;TEMP_RT;Q_TEMP_RT;SSAL_BS;Q_SSAL;QCFF;N_P;N_Si
(nom);(nom/no);(degres);(degres);(no_unique);(dbar);(jj-mmm-yyyy);(GMT);(psu);(celsius);(ml/l);(ml/l);((none));(celsius);((none));(g/kg);((none));((none));((none));((none))
TEL2008805_1;MFD_SETNO1;44.271217;-63.3224;301319;3;19-mar-08;14:43:31;31.5905;0.2608;4.84346;4.84346;1;0.2608;1;31.5905;1;0;NaN;NaN
TEL2008805_1;MFD_SETNO1;44.271217;-63.3224;301318;6;19-mar-08;14:43:31;31.5909;0.263;4.84114;4.84114;1;0.263;1;31.5909;1;0;NaN;NaN
TEL2008805_1;MFD_SETNO1;44.271217;-63.3224;301317;11;19-mar-08;14:43:31;31.5911;0.2561;4.84218;4.84218;1;0.2561;1;31.5911;1;0;NaN;NaN
TEL2008805_1;MFD_SETNO1;44.271217;-63.3224;301316;20;19-mar-08;14:43:31;31.5964;0.2506;4.83516;4.83516;1;0.2506;1;31.5964;1;0;NaN;NaN
TEL2008805_1;MFD_SETNO1;44.271217;-63.3224;301315;29;19-mar-08;14:43:31;31.5983;0.257;4.8333;4.8333;1;0.257;1;31.5983;1;0;NaN;NaN
TEL2008805_1;MFD_SETNO1;44.271217;-63.3224;301314;40;19-mar-08;14:43:31;31.6011;0.2651;4.8326;4.8326;1;0.2651;1;31.6011;1;0;NaN;NaN
TEL2008805_1;MFD_SETNO1;44.271217;-63.3224;301313;50;19-mar-08;14:43:31;31.6038;0.2747;4.82495;4.82495;1;0.2747;1;31.6038;1;0;NaN;NaN
TEL2008805_1;MFD_SETNO1;44.271217;-63.3224;301312;81;19-mar-08;14:43:31;31.6474;0.5329;4.72427;4.72427;1;0.5329;1;31.6474;1;0;NaN;NaN
TEL2008805_1;MFD_SETNO1;44.271217;-63.3224;301311;101;19-mar-08;14:43:31;31.6807;0.6783;4.66687;4.66687;1;0.6783;1;31.6807;1;0;NaN;NaN
TEL2008805_1;MFD_SETNO1;44.271217;-63.3224;301310;185;19-mar-08;14:43:31;33.5987;5.3337;2.98993;2.98993;1;5.3337;1;33.5987;1;0;NaN;NaN
TEL2008805_2;MFD_SETNO2;44.26825;-62.034033;301323;6;19-mar-08;21:41:23;32.2336;2.4124;4.65622;4.65622;1;2.4124;1;32.2336;1;0;NaN;NaN
TEL2008805_2;MFD_SETNO2;44.26825;-62.034033;301322;25;19-mar-08;21:41:23;32.2682;2.5421;4.65381;4.65381;1;2.5421;1;32.2682;1;0;NaN;NaN
TEL2008805_2;MFD_SETNO2;44.26825;-62.034033;301321;52;19-mar-08;21:41:23;32.3543;2.8378;4.54478;4.54478;1;2.8378;1;32.3543;1;0;NaN;NaN
TEL2008805_2;MFD_SETNO2;44.26825;-62.034033;301320;174;19-mar-08;21:41:23;34.542;7.8019;2.37874;2.37874;1;7.8019;1;34.542;1;0;NaN;NaN
TEL2008805_3;MFD_SETNO3;44.1401;-62.11045;301327;6;20-mar-08;00:03:17;32.3346;2.8229;4.54871;4.54871;1;2.8229;1;32.3346;1;0;NaN;NaN
TEL2008805_3;MFD_SETNO3;44.1401;-62.11045;301326;26;20-mar-08;00:03:17;32.3422;2.865;4.55432;4.55432;1;2.865;1;32.3422;1;0;NaN;NaN
TEL2008805_3;MFD_SETNO3;44.1401;-62.11045;301325;50;20-mar-08;00:03:17;32.4002;3.1146;4.53604;4.53604;1;3.1146;1;32.4002;1;0;NaN;NaN
TEL2008805_3;MFD_SETNO3;44.1401;-62.11045;301324;146;20-mar-08;00:03:17;33.9151;6.4363;2.86196;2.86196;1;6.4363;1;33.9151;1;0;NaN;NaN
TEL2008805_4;MFD_SETNO4;44.109267;-61.512517;301331;6;20-mar-08;04:00:58;32.2596;2.5151;4.56595;4.56595;1;2.5151;1;32.2596;1;0;NaN;NaN
TEL2008805_4;MFD_SETNO4;44.109267;-61.512517;301330;26;20-mar-08;04:00:58;32.2649;2.5343;4.62905;4.62905;1;2.5343;1;32.2649;1;0;NaN;NaN
TEL2008805_4;MFD_SETNO4;44.109267;-61.512517;301329;51;20-mar-08;04:00:58;32.2974;2.7173;4.59737;4.59737;1;2.7173;1;32.2974;1;0;NaN;NaN
TEL2008805_4;MFD_SETNO4;44.109267;-61.512517;301328;132;20-mar-08;04:00:58;33.9753;6.533;2.66161;2.66161;1;6.533;1;33.9753;1;0;NaN;NaN
TEL2008805_5;MFD_SETNO5;44.329933;-61.324183;301335;5;20-mar-08;07:03:40;32.0788;1.086;4.81772;4.81772;1;1.086;1;32.0788;1;0;NaN;NaN
TEL2008805_5;MFD_SETNO5;44.329933;-61.324183;301334;25;20-mar-08;07:03:40;32.0825;1.1079;4.82428;4.82428;1;1.1079;1;32.0825;1;0;NaN;NaN
TEL2008805_5;MFD_SETNO5;44.329933;-61.324183;301333;51;20-mar-08;07:03:40;32.2808;1.4582;4.72417;4.72417;1;1.4582;1;32.2808;1;0;NaN;NaN
TEL2008805_5;MFD_SETNO5;44.329933;-61.324183;301332;179;20-mar-08;07:03:40;34.0477;6.6511;2.49894;2.49894;1;6.6511;1;34.0477;1;0;NaN;NaN
TEL2008805_6;MFD_SETNO6;44.537767;-60.806717;301339;5;20-mar-08;10:40:29;32.0911;-0.1956;4.83715;4.83715;1;-0.1956;1;32.0911;1;0;NaN;NaN
TEL2008805_6;MFD_SETNO6;44.537767;-60.806717;301338;26;20-mar-08;10:40:29;31.5752;-0.1104;4.98094;4.98094;1;-0.1104;1;31.5752;1;0;NaN;NaN
TEL2008805_6;MFD_SETNO6;44.537767;-60.806717;301337;51;20-mar-08;10:40:29;31.7131;0.0303;4.88987;4.88987;1;0.0303;1;31.7131;1;0;NaN;NaN
TEL2008805_6;MFD_SETNO6;44.537767;-60.806717;301336;61;20-mar-08;10:40:29;32.1302;1.2654;4.61492;4.61492;1;1.2654;1;32.1302;1;0;NaN;NaN
TEL2008805_7;MFD_SETNO7;44.514067;-60.451467;301342;6;20-mar-08;13:03:12;32.1732;1.0752;4.6602;4.6602;1;1.0752;1;32.1732;1;0;NaN;NaN
TEL2008805_7;MFD_SETNO7;44.514067;-60.451467;301341;25;20-mar-08;13:03:12;32.1651;1.0677;4.7128;4.7128;1;1.0677;1;32.1651;1;0;NaN;NaN
TEL2008805_7;MFD_SETNO7;44.514067;-60.451467;301340;30;20-mar-08;13:03:12;32.1653;1.0689;4.72038;4.72038;1;1.0689;1;32.1653;1;0;NaN;NaN
TEL2008805_8;MFD_SETNO8;44.265183;-60.641683;301346;6;20-mar-08;15:53:43;32.2069;1.2873;4.72295;4.72295;1;1.2873;1;32.2069;1;0;NaN;NaN
TEL2008805_8;MFD_SETNO8;44.265183;-60.641683;301345;25;20-mar-08;15:53:43;32.2065;1.2853;4.74968;4.74968;1;1.2853;1;32.2065;1;0;NaN;NaN
TEL2008805_8;MFD_SETNO8;44.265183;-60.641683;301344;50;20-mar-08;15:53:43;32.2075;1.2779;4.74801;4.74801;1;1.2779;1;32.2075;1;0;NaN;NaN
TEL2008805_8;MFD_SETNO8;44.265183;-60.641683;301343;137;20-mar-08;15:53:43;32.6864;2.3738;4.16424;4.16424;1;2.3738;1;32.6864;1;0;NaN;NaN
TEL2008805_9;MFD_SETNO9;44.291717;-60.3377;301350;5;20-mar-08;18:22:33;32.0724;0.9046;4.73907;4.73907;1;0.9046;1;32.0724;1;0;NaN;NaN
TEL2008805_9;MFD_SETNO9;44.291717;-60.3377;301349;25;20-mar-08;18:22:33;32.0772;0.8889;4.78155;4.78155;1;0.8889;1;32.0772;1;0;NaN;NaN
TEL2008805_9;MFD_SETNO9;44.291717;-60.3377;301348;50;20-mar-08;18:22:33;32.0816;0.8888;4.78559;4.78559;1;0.8888;1;32.0816;1;0;NaN;NaN
TEL2008805_9;MFD_SETNO9;44.291717;-60.3377;301347;138;20-mar-08;18:22:33;33.2297;3.5077;3.7344;3.7344;1;3.5077;1;33.2297;1;0;NaN;NaN
TEL2008805_10;MFD_SETNO10;44.189983;-60.231417;301354;5;20-mar-08;20:09:45;32.2315;1.285;4.78836;4.78836;1;1.285;1;32.2315;1;0;NaN;NaN
TEL2008805_10;MFD_SETNO10;44.189983;-60.231417;301353;25;20-mar-08;20:09:45;32.2414;1.2853;4.83335;4.83335;1;1.2853;1;32.2414;1;0;NaN;NaN
TEL2008805_10;MFD_SETNO10;44.189983;-60.231417;301352;50;20-mar-08;20:09:45;32.2799;1.3935;4.81516;4.81516;1;1.3935;1;32.2799;1;0;NaN;NaN
TEL2008805_10;MFD_SETNO10;44.189983;-60.231417;301351;143;20-mar-08;20:09:45;32.8853;2.7861;3.96148;3.96148;1;2.7861;1;32.8853;1;0;NaN;NaN
TEL2008805_11;MFD_SETNO11;44.0604;-59.936533;301358;6;20-mar-08;22:45:23;32.2014;1.3415;4.75689;4.75689;1;1.3415;1;32.2014;1;0;NaN;NaN
TEL2008805_11;MFD_SETNO11;44.0604;-59.936533;301357;25;20-mar-08;22:45:23;32.2057;1.3437;4.76539;4.76539;1;1.3437;1;32.2057;1;0;NaN;NaN
TEL2008805_11;MFD_SETNO11;44.0604;-59.936533;301356;50;20-mar-08;22:45:23;32.222;1.3887;4.75857;4.75857;1;1.3887;1;32.222;1;0;NaN;NaN
TEL2008805_11;MFD_SETNO11;44.0604;-59.936533;301355;53;20-mar-08;22:45:23;32.2217;1.3743;4.753;4.753;1;1.3743;1;32.2217;1;0;NaN;NaN
TEL2008805_12;MFD_SETNO12;44.253783;-59.621433;301362;6;21-mar-08;01:23:01;32.1548;1.0816;4.79204;4.79204;1;1.0816;1;32.1548;1;0;NaN;NaN
TEL2008805_12;MFD_SETNO12;44.253783;-59.621433;301361;25;21-mar-08;01:23:01;32.159;1.0775;4.8094;4.8094;1;1.0775;1;32.159;1;0;NaN;NaN
TEL2008805_12;MFD_SETNO12;44.253783;-59.621433;301360;50;21-mar-08;01:23:01;32.172;1.1039;4.8023;4.8023;1;1.1039;1;32.172;1;0;NaN;NaN
TEL2008805_12;MFD_SETNO12;44.253783;-59.621433;301359;190;21-mar-08;01:23:01;33.8289;4.3737;3.54577;3.54577;1;4.3737;1;33.8289;1;0;NaN;NaN
TEL2008805_13;MFD_SETNO13;44.247767;-59.32155;301366;6;21-mar-08;03:53:56;32.3996;0.8721;4.76612;4.76612;1;0.8721;1;32.3996;1;0;NaN;NaN
TEL2008805_13;MFD_SETNO13;44.247767;-59.32155;301365;26;21-mar-08;03:53:56;32.4353;0.8491;4.81951;4.81951;1;0.8491;1;32.4353;1;0;NaN;NaN
TEL2008805_13;MFD_SETNO13;44.247767;-59.32155;301364;48;21-mar-08;03:53:56;32.4748;0.955;4.80227;4.80227;1;0.955;1;32.4748;1;0;NaN;NaN
TEL2008805_13;MFD_SETNO13;44.247767;-59.32155;301363;236;21-mar-08;03:53:56;34.4545;4.7665;3.4165;3.4165;1;4.7665;1;34.4545;1;0;NaN;NaN
TEL2008805_14;MFD_SETNO14;44.2518;-59.2069;301370;5;21-mar-08;06:09:28;32.4163;0.7612;4.52454;4.52454;1;0.7612;1;32.4163;1;0;NaN;NaN
TEL2008805_14;MFD_SETNO14;44.2518;-59.2069;301369;26;21-mar-08;06:09:28;32.3207;0.7389;4.86005;4.86005;1;0.7389;1;32.3207;1;0;NaN;NaN
TEL2008805_14;MFD_SETNO14;44.2518;-59.2069;301368;49;21-mar-08;06:09:28;32.3214;0.7424;4.86155;4.86155;1;0.7424;1;32.3214;1;0;NaN;NaN
TEL2008805_14;MFD_SETNO14;44.2518;-59.2069;301367;206;21-mar-08;06:09:28;33.8407;4.3041;3.59381;3.59381;1;4.3041;1;33.8407;1;0;NaN;NaN
TEL2008805_15;MFD_SETNO15;44.305617;-59.02995;301374;6;21-mar-08;08:12:40;31.9922;0.5026;4.89333;4.89333;1;0.5026;1;31.9922;1;0;NaN;NaN
TEL2008805_15;MFD_SETNO15;44.305617;-59.02995;301373;26;21-mar-08;08:12:40;31.9995;0.4227;4.91096;4.91096;1;0.4227;1;31.9995;1;0;NaN;NaN
TEL2008805_15;MFD_SETNO15;44.305617;-59.02995;301372;49;21-mar-08;08:12:40;31.9966;0.3693;4.91311;4.91311;1;0.3693;1;31.9966;1;0;NaN;NaN
TEL2008805_15;MFD_SETNO15;44.305617;-59.02995;301371;156;21-mar-08;08:12:40;33.347;3.2159;4.07016;4.07016;1;3.2159;1;33.347;1;0;NaN;NaN
TEL2008805_16;MFD_SETNO16;44.180017;-58.877883;301378;5;21-mar-08;10:37:24;32.1521;0.3656;4.87937;4.87937;1;0.3656;1;32.1521;1;0;NaN;NaN
TEL2008805_16;MFD_SETNO16;44.180017;-58.877883;301377;25;21-mar-08;10:37:24;32.1601;0.3658;4.90203;4.90203;1;0.3658;1;32.1601;1;0;NaN;NaN
TEL2008805_16;MFD_SETNO16;44.180017;-58.877883;301376;49;21-mar-08;10:37:24;32.339;0.5899;4.84525;4.84525;1;0.5899;1;32.339;1;0;NaN;NaN
TEL2008805_16;MFD_SETNO16;44.180017;-58.877883;301375;65;21-mar-08;10:37:24;32.3723;0.5821;4.86734;4.86734;1;0.5821;1;32.3723;1;0;NaN;NaN
TEL2008805_17;MFD_SETNO17;44.28395;-58.867817;301382;5;21-mar-08;12:14:15;32.0406;0.2805;4.93415;4.93415;1;0.2805;1;32.0406;1;0;NaN;NaN
TEL2008805_17;MFD_SETNO17;44.28395;-58.867817;301381;26;21-mar-08;12:14:15;32.1161;0.321;4.93503;4.93503;1;0.321;1;32.1161;1;0;NaN;NaN
TEL2008805_17;MFD_SETNO17;44.28395;-58.867817;301380;49;21-mar-08;12:14:15;32.4474;0.7139;4.87751;4.87751;1;0.7139;1;32.4474;1;0;NaN;NaN
TEL2008805_17;MFD_SETNO17;44.28395;-58.867817;301379;60;21-mar-08;12:14:15;32.4881;0.8104;4.86411;4.86411;1;0.8104;1;32.4881;1;0;NaN;NaN
TEL2008805_18;MFD_SETNO18;44.4343;-58.902983;301386;5;21-mar-08;14:14:18;31.9624;0.1405;4.89578;4.89578;1;0.1405;1;31.9624;1;0;NaN;NaN
TEL2008805_18;MFD_SETNO18;44.4343;-58.902983;301385;24;21-mar-08;14:14:18;31.9644;0.1457;4.92632;4.92632;1;0.1457;1;31.9644;1;0;NaN;NaN
TEL2008805_18;MFD_SETNO18;44.4343;-58.902983;301384;51;21-mar-08;14:14:18;31.9702;0.1745;4.93168;4.93168;1;0.1745;1;31.9702;1;0;NaN;NaN
TEL2008805_18;MFD_SETNO18;44.4343;-58.902983;301383;61;21-mar-08;14:14:18;31.9696;0.1728;4.93381;4.93381;1;0.1728;1;31.9696;1;0;NaN;NaN
TEL2008805_19;MFD_SETNO19;44.41475;-59.335517;301390;6;21-mar-08;18:50:15;32.0601;0.599;4.83657;4.83657;1;0.599;1;32.0601;1;0;NaN;NaN
TEL2008805_19;MFD_SETNO19;44.41475;-59.335517;301389;25;21-mar-08;18:50:15;32.0603;0.6023;4.86556;4.86556;1;0.6023;1;32.0603;1;0;NaN;NaN
TEL2008805_19;MFD_SETNO19;44.41475;-59.335517;301388;51;21-mar-08;18:50:15;32.0624;0.6055;4.8721;4.8721;1;0.6055;1;32.0624;1;0;NaN;NaN
TEL2008805_19;MFD_SETNO19;44.41475;-59.335517;301387;154;21-mar-08;18:50:15;33.6022;3.9243;3.75004;3.75004;1;3.9243;1;33.6022;1;0;NaN;NaN
TEL2008805_20;MFD_SETNO20;44.77665;-59.444067;301394;6;21-mar-08;22:25:47;31.9459;0.405;4.83312;4.83312;1;0.405;1;31.9459;1;0;NaN;NaN
TEL2008805_20;MFD_SETNO20;44.77665;-59.444067;301393;26;21-mar-08;22:25:47;31.9464;0.4027;4.84603;4.84603;1;0.4027;1;31.9464;1;0;NaN;NaN
TEL2008805_20;MFD_SETNO20;44.77665;-59.444067;301392;52;21-mar-08;22:25:47;31.959;0.3484;4.85188;4.85188;1;0.3484;1;31.959;1;0;NaN;NaN
TEL2008805_20;MFD_SETNO20;44.77665;-59.444067;301391;175;21-mar-08;22:25:47;32.6362;2.2121;4.07682;4.07682;1;2.2121;1;32.6362;1;0;NaN;NaN
TEL2008805_21;MFD_SETNO21;44.7962;-59.974833;301398;5;22-mar-08;03:24:35;32.0857;0.9351;4.55048;4.55048;1;0.9351;1;32.0857;1;0;NaN;NaN
TEL2008805_21;MFD_SETNO21;44.7962;-59.974833;301397;26;22-mar-08;03:24:35;32.0203;0.9601;4.74901;4.74901;1;0.9601;1;32.0203;1;0;NaN;NaN
TEL2008805_21;MFD_SETNO21;44.7962;-59.974833;301396;49;22-mar-08;03:24:35;32.1093;1.1057;4.71856;4.71856;1;1.1057;1;32.1093;1;0;NaN;NaN
TEL2008805_21;MFD_SETNO21;44.7962;-59.974833;301395;225;22-mar-08;03:24:35;32.896;1.8893;3.85745;3.85745;1;1.8893;1;32.896;1;0;NaN;NaN
TEL2008805_22;MFD_SETNO22;44.777433;-60.399717;301402;6;22-mar-08;07:19:13;32.0131;0.5534;4.56284;4.56284;1;0.5534;1;32.0131;1;0;NaN;NaN
TEL2008805_22;MFD_SETNO22;44.777433;-60.399717;301401;24;22-mar-08;07:19:13;31.9369;0.5552;4.82242;4.82242;1;0.5552;1;31.9369;1;0;NaN;NaN
TEL2008805_22;MFD_SETNO22;44.777433;-60.399717;301400;50;22-mar-08;07:19:13;32.1148;0.8269;4.70784;4.70784;1;0.8269;1;32.1148;1;0;NaN;NaN
TEL2008805_22;MFD_SETNO22;44.777433;-60.399717;301399;81;22-mar-08;07:19:13;32.4537;1.5971;4.2317;4.2317;1;1.5971;1;32.4537;1;0;NaN;NaN
TEL2008805_23;MFD_SETNO23;44.846267;-60.599917;301406;5;22-mar-08;09:56:13;31.7976;0.2335;4.88792;4.88792;1;0.2335;1;31.7976;1;0;NaN;NaN
TEL2008805_23;MFD_SETNO23;44.846267;-60.599917;301405;24;22-mar-08;09:56:13;31.7983;0.239;4.89707;4.89707;1;0.239;1;31.7983;1;0;NaN;NaN
TEL2008805_23;MFD_SETNO23;44.846267;-60.599917;301404;49;22-mar-08;09:56:13;31.8628;0.508;4.86803;4.86803;1;0.508;1;31.8628;1;0;NaN;NaN
TEL2008805_23;MFD_SETNO23;44.846267;-60.599917;301403;185;22-mar-08;09:56:13;32.5439;1.9383;4.10252;4.10252;1;1.9383;1;32.5439;1;0;NaN;NaN
TEL2008805_24;MFD_SETNO24;45.13895;-60.494533;301410;5;22-mar-08;13:15:39;31.594;-1.1839;4.92225;4.92225;1;-1.1839;1;31.594;1;0;NaN;NaN
TEL2008805_24;MFD_SETNO24;45.13895;-60.494533;301409;24;22-mar-08;13:15:39;31.3348;-1.0727;5.10639;5.10639;1;-1.0727;1;31.3348;1;0;NaN;NaN
TEL2008805_24;MFD_SETNO24;45.13895;-60.494533;301408;48;22-mar-08;13:15:39;31.7195;0.0382;4.94086;4.94086;1;0.0382;1;31.7195;1;0;NaN;NaN
TEL2008805_24;MFD_SETNO24;45.13895;-60.494533;301407;66;22-mar-08;13:15:39;31.8237;0.096;4.88857;4.88857;1;0.096;1;31.8237;1;0;NaN;NaN
TEL2008805_25;MFD_SETNO25;45.034133;-60.191167;301414;5;22-mar-08;16:02:42;31.2079;-1.3029;5.10543;5.10543;1;-1.3029;1;31.2079;1;0;NaN;NaN
TEL2008805_25;MFD_SETNO25;45.034133;-60.191167;301413;27;22-mar-08;16:02:42;31.2081;-1.3107;5.13459;5.13459;1;-1.3107;1;31.2081;1;0;NaN;NaN
TEL2008805_25;MFD_SETNO25;45.034133;-60.191167;301412;52;22-mar-08;16:02:42;31.6184;-0.2265;4.97144;4.97144;1;-0.2265;1;31.6184;1;0;NaN;NaN
TEL2008805_25;MFD_SETNO25;45.034133;-60.191167;301411;117;22-mar-08;16:02:42;32.4409;1.1839;4.34726;4.34726;1;1.1839;1;32.4409;1;0;NaN;NaN
TEL2008805_26;MFD_SETNO26;45.063233;-59.8382;301418;6;22-mar-08;18:48:35;31.8057;0.3793;4.81972;4.81972;1;0.3793;1;31.8057;1;0;NaN;NaN
TEL2008805_26;MFD_SETNO26;45.063233;-59.8382;301417;26;22-mar-08;18:48:35;31.8836;0.5739;4.83269;4.83269;1;0.5739;1;31.8836;1;0;NaN;NaN
TEL2008805_26;MFD_SETNO26;45.063233;-59.8382;301416;51;22-mar-08;18:48:35;31.9967;0.8972;4.76145;4.76145;1;0.8972;1;31.9967;1;0;NaN;NaN
TEL2008805_26;MFD_SETNO26;45.063233;-59.8382;301415;115;22-mar-08;18:48:35;32.6202;1.8751;4.07793;4.07793;1;1.8751;1;32.6202;1;0;NaN;NaN
TEL2008805_27;MFD_SETNO27;45.2001;-59.88695;301422;6;22-mar-08;21:10:29;31.2678;-1.2276;5.09013;5.09013;1;-1.2276;1;31.2678;1;0;NaN;NaN
TEL2008805_27;MFD_SETNO27;45.2001;-59.88695;301421;25;22-mar-08;21:10:29;31.2643;-1.213;5.11305;5.11305;1;-1.213;1;31.2643;1;0;NaN;NaN
TEL2008805_27;MFD_SETNO27;45.2001;-59.88695;301420;51;22-mar-08;21:10:29;31.8829;0.5901;4.82389;4.82389;1;0.5901;1;31.8829;1;0;NaN;NaN
TEL2008805_27;MFD_SETNO27;45.2001;-59.88695;301419;88;22-mar-08;21:10:29;32.3562;1.6197;4.32118;4.32118;1;1.6197;1;32.3562;1;0;NaN;NaN
TEL2008805_28;MFD_SETNO28;45.389533;-59.726167;301426;6;23-mar-08;00:11:05;31.4289;-1.084;5.07032;5.07032;1;-1.084;1;31.4289;1;0;NaN;NaN
TEL2008805_28;MFD_SETNO28;45.389533;-59.726167;301425;27;23-mar-08;00:11:05;31.8373;0.073;4.8923;4.8923;1;0.073;1;31.8373;1;0;NaN;NaN
TEL2008805_28;MFD_SETNO28;45.389533;-59.726167;301424;49;23-mar-08;00:11:05;31.8627;0.0417;4.85875;4.85875;1;0.0417;1;31.8627;1;0;NaN;NaN
TEL2008805_28;MFD_SETNO28;45.389533;-59.726167;301423;136;23-mar-08;00:11:05;32.8367;1.5865;3.97512;3.97512;1;1.5865;1;32.8367;1;0;NaN;NaN
TEL2008805_29;MFD_SETNO29;45.25975;-59.627217;301430;6;23-mar-08;01:59:21;31.4626;-1.0332;5.05064;5.05064;1;-1.0332;1;31.4626;1;0;NaN;NaN
TEL2008805_29;MFD_SETNO29;45.25975;-59.627217;301429;25;23-mar-08;01:59:21;31.4658;-1.0202;5.07479;5.07479;1;-1.0202;1;31.4658;1;0;NaN;NaN
TEL2008805_29;MFD_SETNO29;45.25975;-59.627217;301428;50;23-mar-08;01:59:21;31.7607;-0.2001;4.93231;4.93231;1;-0.2001;1;31.7607;1;0;NaN;NaN
TEL2008805_29;MFD_SETNO29;45.25975;-59.627217;301427;87;23-mar-08;01:59:21;31.8229;0.0169;4.88108;4.88108;1;0.0169;1;31.8229;1;0;NaN;NaN
TEL2008805_30;MFD_SETNO30;45.13315;-59.602467;301434;5;23-mar-08;03:35:57;31.8947;0.4714;4.82303;4.82303;1;0.4714;1;31.8947;1;0;NaN;NaN
TEL2008805_30;MFD_SETNO30;45.13315;-59.602467;301433;25;23-mar-08;03:35:57;31.8938;0.4711;4.82434;4.82434;1;0.4711;1;31.8938;1;0;NaN;NaN
TEL2008805_30;MFD_SETNO30;45.13315;-59.602467;301432;50;23-mar-08;03:35:57;31.8936;0.4807;4.8287;4.8287;1;0.4807;1;31.8936;1;0;NaN;NaN
TEL2008805_30;MFD_SETNO30;45.13315;-59.602467;301431;106;23-mar-08;03:35:57;32.1158;1.006;4.5539;4.5539;1;1.006;1;32.1158;1;0;NaN;NaN
TEL2008805_31;MFD_SETNO31;44.967217;-59.114517;301438;5;23-mar-08;07:12:43;31.7571;-0.4827;5.00293;5.00293;1;-0.4827;1;31.7571;1;0;NaN;NaN
TEL2008805_31;MFD_SETNO31;44.967217;-59.114517;301437;26;23-mar-08;07:12:43;31.7579;-0.4806;5.01683;5.01683;1;-0.4806;1;31.7579;1;0;NaN;NaN
TEL2008805_31;MFD_SETNO31;44.967217;-59.114517;301436;52;23-mar-08;07:12:43;31.7618;-0.4673;5.01882;5.01882;1;-0.4673;1;31.7618;1;0;NaN;NaN
TEL2008805_31;MFD_SETNO31;44.967217;-59.114517;301435;119;23-mar-08;07:12:43;32.1972;0.7723;4.5502;4.5502;1;0.7723;1;32.1972;1;0;NaN;NaN
TEL2008805_32;MFD_SETNO32;44.820067;-59.194217;301442;5;23-mar-08;09:59:19;31.9241;-0.032;4.91247;4.91247;1;-0.032;1;31.9241;1;0;NaN;NaN
TEL2008805_32;MFD_SETNO32;44.820067;-59.194217;301441;24;23-mar-08;09:59:19;31.9242;-0.0273;4.91634;4.91634;1;-0.0273;1;31.9242;1;0;NaN;NaN
TEL2008805_32;MFD_SETNO32;44.820067;-59.194217;301440;51;23-mar-08;09:59:19;31.9324;0.0183;4.91456;4.91456;1;0.0183;1;31.9324;1;0;NaN;NaN
TEL2008805_32;MFD_SETNO32;44.820067;-59.194217;301439;228;23-mar-08;09:59:19;32.6487;1.7953;3.99605;3.99605;1;1.7953;1;32.6487;1;0;NaN;NaN
TEL2008805_33;MFD_SETNO33;44.80125;-58.86595;301446;5;23-mar-08;13:13:26;31.9466;-0.1539;4.93289;4.93289;1;-0.1539;1;31.9466;1;0;NaN;NaN
TEL2008805_33;MFD_SETNO33;44.80125;-58.86595;301445;25;23-mar-08;13:13:26;31.9462;-0.1562;4.9476;4.9476;1;-0.1562;1;31.9462;1;0;NaN;NaN
TEL2008805_33;MFD_SETNO33;44.80125;-58.86595;301444;50;23-mar-08;13:13:26;32.0244;0.1591;4.9175;4.9175;1;0.1591;1;32.0244;1;0;NaN;NaN
TEL2008805_33;MFD_SETNO33;44.80125;-58.86595;301443;261;23-mar-08;13:13:26;32.6563;1.5884;4.08201;4.08201;1;1.5884;1;32.6563;1;0;NaN;NaN
TEL2008805_34;MFD_SETNO34;44.746883;-58.694933;301450;5;23-mar-08;15:29:03;31.9657;-0.0691;4.86182;4.86182;1;-0.0691;1;31.9657;1;0;NaN;NaN
TEL2008805_34;MFD_SETNO34;44.746883;-58.694933;301449;26;23-mar-08;15:29:03;32.0104;0.0917;4.90704;4.90704;1;0.0917;1;32.0104;1;0;NaN;NaN
TEL2008805_34;MFD_SETNO34;44.746883;-58.694933;301448;51;23-mar-08;15:29:03;32.1331;0.5023;4.77603;4.77603;1;0.5023;1;32.1331;1;0;NaN;NaN
TEL2008805_34;MFD_SETNO34;44.746883;-58.694933;301447;103;23-mar-08;15:29:03;32.2192;0.5681;4.69208;4.69208;1;0.5681;1;32.2192;1;0;NaN;NaN
TEL2008805_35;MFD_SETNO35;44.85;-58.525817;301454;5;23-mar-08;18:30:32;32.0638;0.1537;4.8567;4.8567;1;0.1537;1;32.0638;1;0;NaN;NaN
TEL2008805_35;MFD_SETNO35;44.85;-58.525817;301453;26;23-mar-08;18:30:32;32.0649;0.1512;4.8799;4.8799;1;0.1512;1;32.0649;1;0;NaN;NaN
TEL2008805_35;MFD_SETNO35;44.85;-58.525817;301452;50;23-mar-08;18:30:32;32.0709;0.1418;4.88089;4.88089;1;0.1418;1;32.0709;1;0;NaN;NaN
TEL2008805_35;MFD_SETNO35;44.85;-58.525817;301451;166;23-mar-08;18:30:32;32.6342;1.4576;4.16276;4.16276;1;1.4576;1;32.6342;1;0;NaN;NaN
TEL2008805_36;MFD_SETNO36;45.31235;-58.781233;301458;6;23-mar-08;23:14:53;31.807;-0.5261;4.97976;4.97976;1;-0.5261;1;31.807;1;0;NaN;NaN
TEL2008805_36;MFD_SETNO36;45.31235;-58.781233;301457;26;23-mar-08;23:14:53;31.8057;-0.5244;4.99027;4.99027;1;-0.5244;1;31.8057;1;0;NaN;NaN
TEL2008805_36;MFD_SETNO36;45.31235;-58.781233;301456;50;23-mar-08;23:14:53;31.8424;-0.4714;4.97406;4.97406;1;-0.4714;1;31.8424;1;0;NaN;NaN
TEL2008805_36;MFD_SETNO36;45.31235;-58.781233;301455;74;23-mar-08;23:14:53;31.9212;-0.3838;4.89679;4.89679;1;-0.3838;1;31.9212;1;0;NaN;NaN
TEL2008805_37;MFD_SETNO37;45.417383;-58.969;301462;6;24-mar-08;02:01:12;31.7244;-0.5215;5.01673;5.01673;1;-0.5215;1;31.7244;1;0;NaN;NaN
TEL2008805_37;MFD_SETNO37;45.417383;-58.969;301461;25;24-mar-08;02:01:12;31.7248;-0.5147;5.01767;5.01767;1;-0.5147;1;31.7248;1;0;NaN;NaN
TEL2008805_37;MFD_SETNO37;45.417383;-58.969;301460;50;24-mar-08;02:01:12;31.7324;-0.4998;5.02628;5.02628;1;-0.4998;1;31.7324;1;0;NaN;NaN
TEL2008805_37;MFD_SETNO37;45.417383;-58.969;301459;140;24-mar-08;02:01:12;33.0611;1.8515;3.70821;3.70821;1;1.8515;1;33.0611;1;0;NaN;NaN
TEL2008805_38;MFD_SETNO38;45.464967;-58.583483;301466;5;24-mar-08;04:55:28;31.6593;-0.7495;5.05869;5.05869;1;-0.7495;1;31.6593;1;0;NaN;NaN
TEL2008805_38;MFD_SETNO38;45.464967;-58.583483;301465;24;24-mar-08;04:55:28;31.6766;-0.7453;5.0641;5.0641;1;-0.7453;1;31.6766;1;0;NaN;NaN
TEL2008805_38;MFD_SETNO38;45.464967;-58.583483;301464;50;24-mar-08;04:55:28;31.7816;-0.865;5.06328;5.06328;1;-0.865;1;31.7816;1;0;NaN;NaN
TEL2008805_38;MFD_SETNO38;45.464967;-58.583483;301463;78;24-mar-08;04:55:28;32.0595;-0.1665;4.87091;4.87091;1;-0.1665;1;32.0595;1;0;NaN;NaN
TEL2008805_39;MFD_SETNO39;45.346783;-57.7108;301470;6;24-mar-08;10:42:20;32.0243;-0.4373;4.96121;4.96121;1;-0.4373;1;32.0243;1;0;NaN;NaN
TEL2008805_39;MFD_SETNO39;45.346783;-57.7108;301469;25;24-mar-08;10:42:20;32.0246;-0.4292;4.97287;4.97287;1;-0.4292;1;32.0246;1;0;NaN;NaN
TEL2008805_39;MFD_SETNO39;45.346783;-57.7108;301468;51;24-mar-08;10:42:20;32.0991;-0.1547;4.92068;4.92068;1;-0.1547;1;32.0991;1;0;NaN;NaN
TEL2008805_39;MFD_SETNO39;45.346783;-57.7108;301467;275;24-mar-08;10:42:20;34.6988;5.5046;2.25819;2.25819;1;5.5046;1;34.6988;1;0;NaN;NaN
TEL2008805_40;MFD_SETNO40;44.8948;-57.503717;301473;5;24-mar-08;15:22:07;32.3371;0.3359;4.89021;4.89021;1;0.3359;1;32.3371;1;0;NaN;NaN
TEL2008805_40;MFD_SETNO40;44.8948;-57.503717;301472;25;24-mar-08;15:22:07;32.3461;0.2715;4.91139;4.91139;1;0.2715;1;32.3461;1;0;NaN;NaN
TEL2008805_40;MFD_SETNO40;44.8948;-57.503717;301471;41;24-mar-08;15:22:07;32.3508;0.28;4.90503;4.90503;1;0.28;1;32.3508;1;0;NaN;NaN
TEL2008805_42;MFD_SETNO42;44.737417;-57.315483;301478;5;24-mar-08;18:02:21;32.3563;0.4868;4.84157;4.84157;1;0.4868;1;32.3563;1;0;NaN;NaN
TEL2008805_42;MFD_SETNO42;44.737417;-57.315483;301477;25;24-mar-08;18:02:21;32.3868;0.2811;4.86911;4.86911;1;0.2811;1;32.3868;1;0;NaN;NaN
TEL2008805_42;MFD_SETNO42;44.737417;-57.315483;301476;50;24-mar-08;18:02:21;32.4269;0.387;4.84363;4.84363;1;0.387;1;32.4269;1;0;NaN;NaN
TEL2008805_42;MFD_SETNO42;44.737417;-57.315483;301475;134;24-mar-08;18:02:21;33.4334;2.7751;3.6382;3.6382;1;2.7751;1;33.4334;1;0;NaN;NaN
TEL2008805_43;MFD_SETNO43;44.4324;-57.411317;301482;5;24-mar-08;20:46:42;32.4737;0.8663;4.83791;4.83791;1;0.8663;1;32.4737;1;0;NaN;NaN
TEL2008805_43;MFD_SETNO43;44.4324;-57.411317;301481;24;24-mar-08;20:46:42;32.4766;0.4303;4.89259;4.89259;1;0.4303;1;32.4766;1;0;NaN;NaN
TEL2008805_43;MFD_SETNO43;44.4324;-57.411317;301480;50;24-mar-08;20:46:42;32.4738;0.3993;4.89051;4.89051;1;0.3993;1;32.4738;1;0;NaN;NaN
TEL2008805_43;MFD_SETNO43;44.4324;-57.411317;301479;94;24-mar-08;20:46:42;32.4913;0.3487;4.86849;4.86849;1;0.3487;1;32.4913;1;0;NaN;NaN
TEL2008805_44;MFD_SETNO44;44.3436;-57.53065;301486;6;24-mar-08;23:14:18;32.48;0.6096;4.92144;4.92144;1;0.6096;1;32.48;1;0;NaN;NaN
TEL2008805_44;MFD_SETNO44;44.3436;-57.53065;301485;25;24-mar-08;23:14:18;32.4799;0.4497;4.93065;4.93065;1;0.4497;1;32.4799;1;0;NaN;NaN
TEL2008805_44;MFD_SETNO44;44.3436;-57.53065;301484;50;24-mar-08;23:14:18;32.5021;0.346;4.88981;4.88981;1;0.346;1;32.5021;1;0;NaN;NaN
TEL2008805_44;MFD_SETNO44;44.3436;-57.53065;301483;461;24-mar-08;23:14:18;34.8708;4.5899;3.54023;3.54023;1;4.5899;1;34.8708;1;0;NaN;NaN
TEL2008805_45;MFD_SETNO45;44.493233;-57.70935;301490;5;25-mar-08;01:27:03;32.5548;1.1093;4.77989;4.77989;1;1.1093;1;32.5548;1;0;NaN;NaN
TEL2008805_45;MFD_SETNO45;44.493233;-57.70935;301489;25;25-mar-08;01:27:03;32.5716;0.8586;4.86582;4.86582;1;0.8586;1;32.5716;1;0;NaN;NaN
TEL2008805_45;MFD_SETNO45;44.493233;-57.70935;301488;51;25-mar-08;01:27:03;32.652;0.9965;4.81071;4.81071;1;0.9965;1;32.652;1;0;NaN;NaN
TEL2008805_45;MFD_SETNO45;44.493233;-57.70935;301487;66;25-mar-08;01:27:03;32.6617;1.0307;4.77283;4.77283;1;1.0307;1;32.6617;1;0;NaN;NaN
TEL2008805_46;MFD_SETNO46;44.442817;-58.0358;301493;6;25-mar-08;03:51:38;32.4788;0.9422;4.9147;4.9147;1;0.9422;1;32.4788;1;0;NaN;NaN
TEL2008805_46;MFD_SETNO46;44.442817;-58.0358;301494;6;25-mar-08;03:51:38;32.4788;0.9422;4.9147;4.9147;1;0.9422;1;32.4788;1;0;NaN;NaN
TEL2008805_46;MFD_SETNO46;44.442817;-58.0358;301492;25;25-mar-08;03:51:38;32.5785;0.9407;4.83803;4.83803;1;0.9407;1;32.5785;1;0;NaN;NaN
TEL2008805_46;MFD_SETNO46;44.442817;-58.0358;301491;48;25-mar-08;03:51:38;32.5851;0.971;4.81925;4.81925;1;0.971;1;32.5851;1;0;NaN;NaN
TEL2008805_47;MFD_SETNO47;43.834367;-62.294683;301498;5;26-mar-08;05:45:39;32.5694;3.4802;4.34039;4.34039;1;3.4802;1;32.5694;1;0;NaN;NaN
TEL2008805_47;MFD_SETNO47;43.834367;-62.294683;301497;26;26-mar-08;05:45:39;32.578;3.5329;4.35914;4.35914;1;3.5329;1;32.578;1;0;NaN;NaN
TEL2008805_47;MFD_SETNO47;43.834367;-62.294683;301496;51;26-mar-08;05:45:39;32.5996;3.6049;4.3649;4.3649;1;3.6049;1;32.5996;1;0;NaN;NaN
TEL2008805_47;MFD_SETNO47;43.834367;-62.294683;301495;139;26-mar-08;05:45:39;34.3066;8.3865;3.10552;3.10552;1;8.3865;1;34.3066;1;0;NaN;NaN
TEL2008805_48;MFD_SETNO48;43.671033;-62.1265;57574;5;26-mar-08;08:02:04;32.5151;3.3935;4.44657;4.44657;1;3.3935;1;32.5151;1;0;NaN;NaN
TEL2008805_48;MFD_SETNO48;43.671033;-62.1265;57573;26;26-mar-08;08:02:04;32.5154;3.4054;4.45172;4.45172;1;3.4054;1;32.5154;1;0;NaN;NaN
TEL2008805_48;MFD_SETNO48;43.671033;-62.1265;57572;50;26-mar-08;08:02:04;32.5166;3.4147;4.45274;4.45274;1;3.4147;1;32.5166;1;0;NaN;NaN
TEL2008805_48;MFD_SETNO48;43.671033;-62.1265;57571;98;26-mar-08;08:02:04;33.3919;5.4715;3.83997;3.83997;1;5.4715;1;33.3919;1;0;NaN;NaN
TEL2008805_49;MFD_SETNO49;43.7097;-61.933567;57578;6;26-mar-08;09:52:10;32.4912;3.3182;4.47794;4.47794;1;3.3182;1;32.4912;1;0;NaN;NaN
TEL2008805_49;MFD_SETNO49;43.7097;-61.933567;57577;26;26-mar-08;09:52:10;32.4911;3.34;4.48428;4.48428;1;3.34;1;32.4911;1;0;NaN;NaN
TEL2008805_49;MFD_SETNO49;43.7097;-61.933567;57576;51;26-mar-08;09:52:10;32.4917;3.3463;4.48328;4.48328;1;3.3463;1;32.4917;1;0;NaN;NaN
TEL2008805_49;MFD_SETNO49;43.7097;-61.933567;57575;88;26-mar-08;09:52:10;33.6831;6.0684;3.34789;3.34789;1;6.0684;1;33.6831;1;0;NaN;NaN
TEL2008805_50;MFD_SETNO50;43.883983;-61.74865;57582;5;26-mar-08;12:05:47;32.4452;3.1286;4.54587;4.54587;1;3.1286;1;32.4452;1;0;NaN;NaN
TEL2008805_50;MFD_SETNO50;43.883983;-61.74865;57581;26;26-mar-08;12:05:47;32.4671;3.2669;4.52676;4.52676;1;3.2669;1;32.4671;1;0;NaN;NaN
TEL2008805_50;MFD_SETNO50;43.883983;-61.74865;57580;50;26-mar-08;12:05:47;32.5059;3.4288;4.47589;4.47589;1;3.4288;1;32.5059;1;0;NaN;NaN
TEL2008805_50;MFD_SETNO50;43.883983;-61.74865;57579;81;26-mar-08;12:05:47;32.8917;3.9888;4.1667;4.1667;1;3.9888;1;32.8917;1;0;NaN;NaN
TEL2008805_51;MFD_SETNO51;43.705167;-61.272133;57585;5;26-mar-08;15:04:43;32.144;1.9526;4.8466;4.8466;1;1.9526;1;32.144;1;0;NaN;NaN
TEL2008805_51;MFD_SETNO51;43.705167;-61.272133;57584;25;26-mar-08;15:04:43;32.1671;2.0725;4.88638;4.88638;1;2.0725;1;32.1671;1;0;NaN;NaN
TEL2008805_51;MFD_SETNO51;43.705167;-61.272133;57583;47;26-mar-08;15:04:43;32.2082;2.2852;4.80875;4.80875;1;2.2852;1;32.2082;1;0;NaN;NaN
TEL2008805_52;MFD_SETNO52;43.726917;-60.7815;57589;7;26-mar-08;17:49:50;32.0807;1.1604;4.93368;4.93368;1;1.1604;1;32.0807;1;0;NaN;NaN
TEL2008805_52;MFD_SETNO52;43.726917;-60.7815;57588;24;26-mar-08;17:49:50;32.088;1.1498;4.94957;4.94957;1;1.1498;1;32.088;1;0;NaN;NaN
TEL2008805_52;MFD_SETNO52;43.726917;-60.7815;57587;47;26-mar-08;17:49:50;32.0978;1.1551;4.92884;4.92884;1;1.1551;1;32.0978;1;0;NaN;NaN
TEL2008805_53;MFD_SETNO53;43.837683;-60.853917;57593;5;26-mar-08;19:57:02;32.0421;1.1878;4.71368;4.71368;1;1.1878;1;32.0421;1;0;NaN;NaN
TEL2008805_53;MFD_SETNO53;43.837683;-60.853917;57592;25;26-mar-08;19:57:02;32.0392;1.1704;5.00794;5.00794;1;1.1704;1;32.0392;1;0;NaN;NaN
TEL2008805_53;MFD_SETNO53;43.837683;-60.853917;57591;38;26-mar-08;19:57:02;32.0395;1.1706;5.02328;5.02328;1;1.1706;1;32.0395;1;0;NaN;NaN
TEL2008805_54;MFD_SETNO54;43.86255;-60.454517;57597;6;26-mar-08;22:19:10;32.1487;1.315;4.95835;4.95835;1;1.315;1;32.1487;1;0;NaN;NaN
TEL2008805_54;MFD_SETNO54;43.86255;-60.454517;57596;26;26-mar-08;22:19:10;32.1619;1.2767;4.93684;4.93684;1;1.2767;1;32.1619;1;0;NaN;NaN
TEL2008805_54;MFD_SETNO54;43.86255;-60.454517;57595;35;26-mar-08;22:19:10;32.1617;1.2653;4.9226;4.9226;1;1.2653;1;32.1617;1;0;NaN;NaN
TEL2008805_55;MFD_SETNO55;43.707083;-60.4704;203949;6;27-mar-08;00:16:06;32.0872;1.3416;4.90568;4.90568;1;1.3416;1;32.0872;1;0;NaN;NaN
TEL2008805_55;MFD_SETNO55;43.707083;-60.4704;203948;25;27-mar-08;00:16:06;32.0899;1.3365;4.92939;4.92939;1;1.3365;1;32.0899;1;0;NaN;NaN
TEL2008805_55;MFD_SETNO55;43.707083;-60.4704;203947;58;27-mar-08;00:16:06;32.1235;1.2787;4.81568;4.81568;1;1.2787;1;32.1235;1;0;NaN;NaN
TEL2008805_56;MFD_SETNO56;43.70875;-60.36105;203954;5;27-mar-08;01:32:09;32.0618;1.1906;4.86981;4.86981;1;1.1906;1;32.0618;1;0;NaN;NaN
TEL2008805_56;MFD_SETNO56;43.70875;-60.36105;203953;25;27-mar-08;01:32:09;32.0632;1.1926;4.91928;4.91928;1;1.1926;1;32.0632;1;0;NaN;NaN
TEL2008805_56;MFD_SETNO56;43.70875;-60.36105;203952;50;27-mar-08;01:32:09;32.0741;1.2117;4.88367;4.88367;1;1.2117;1;32.0741;1;0;NaN;NaN
TEL2008805_56;MFD_SETNO56;43.70875;-60.36105;203951;60;27-mar-08;01:32:09;32.0892;1.2511;4.83192;4.83192;1;1.2511;1;32.0892;1;0;NaN;NaN
TEL2008805_57;MFD_SETNO57;43.598517;-60.304433;203958;6;27-mar-08;03:26:38;32.2223;1.4113;4.99366;4.99366;1;1.4113;1;32.2223;1;0;NaN;NaN
TEL2008805_57;MFD_SETNO57;43.598517;-60.304433;203957;26;27-mar-08;03:26:38;32.2355;1.4267;5.03421;5.03421;1;1.4267;1;32.2355;1;0;NaN;NaN
TEL2008805_57;MFD_SETNO57;43.598517;-60.304433;203956;51;27-mar-08;03:26:38;32.3753;1.4823;4.72599;4.72599;1;1.4823;1;32.3753;1;0;NaN;NaN
TEL2008805_57;MFD_SETNO57;43.598517;-60.304433;203955;73;27-mar-08;03:26:38;32.3786;1.4902;4.69059;4.69059;1;1.4902;1;32.3786;1;0;NaN;NaN
TEL2008805_58;MFD_SETNO58;43.438417;-60.279567;203962;5;27-mar-08;05:36:02;32.24;1.2694;4.94294;4.94294;1;1.2694;1;32.24;1;0;NaN;NaN
TEL2008805_58;MFD_SETNO58;43.438417;-60.279567;203961;25;27-mar-08;05:36:02;32.2416;1.2816;4.99014;4.99014;1;1.2816;1;32.2416;1;0;NaN;NaN
TEL2008805_58;MFD_SETNO58;43.438417;-60.279567;203960;50;27-mar-08;05:36:02;32.3058;1.2793;4.95833;4.95833;1;1.2793;1;32.3058;1;0;NaN;NaN
TEL2008805_58;MFD_SETNO58;43.438417;-60.279567;203959;197;27-mar-08;05:36:02;34.5787;6.7349;2.97361;2.97361;1;6.7349;1;34.5787;1;0;NaN;NaN
TEL2008805_59;MFD_SETNO59;43.469017;-60.441083;203966;5;27-mar-08;07:23:04;32.2415;1.2486;5.00737;5.00737;1;1.2486;1;32.2415;1;0;NaN;NaN
TEL2008805_59;MFD_SETNO59;43.469017;-60.441083;203965;26;27-mar-08;07:23:04;32.2688;1.264;5.01322;5.01322;1;1.264;1;32.2688;1;0;NaN;NaN
TEL2008805_59;MFD_SETNO59;43.469017;-60.441083;203964;50;27-mar-08;07:23:04;32.2828;1.2676;5.04982;5.04982;1;1.2676;1;32.2828;1;0;NaN;NaN
TEL2008805_59;MFD_SETNO59;43.469017;-60.441083;203963;116;27-mar-08;07:23:04;32.9895;2.4788;4.32824;4.32824;1;2.4788;1;32.9895;1;0;NaN;NaN
TEL2008805_60;MFD_SETNO60;43.427767;-60.573517;203970;5;27-mar-08;08:58:29;32.1719;1.2453;4.96093;4.96093;1;1.2453;1;32.1719;1;0;NaN;NaN
TEL2008805_60;MFD_SETNO60;43.427767;-60.573517;203969;25;27-mar-08;08:58:29;32.1742;1.2216;4.99509;4.99509;1;1.2216;1;32.1742;1;0;NaN;NaN
TEL2008805_60;MFD_SETNO60;43.427767;-60.573517;203968;50;27-mar-08;08:58:29;32.2777;1.2665;4.91728;4.91728;1;1.2665;1;32.2777;1;0;NaN;NaN
TEL2008805_60;MFD_SETNO60;43.427767;-60.573517;203967;129;27-mar-08;08:58:29;33.3665;3.4695;3.95832;3.95832;1;3.4695;1;33.3665;1;0;NaN;NaN
TEL2008805_61;MFD_SETNO61;43.258067;-60.977783;203974;6;27-mar-08;11:53:12;32.0593;1.7512;4.82235;4.82235;1;1.7512;1;32.0593;1;0;NaN;NaN
TEL2008805_61;MFD_SETNO61;43.258067;-60.977783;203973;25;27-mar-08;11:53:12;32.1668;1.5479;4.89791;4.89791;1;1.5479;1;32.1668;1;0;NaN;NaN
TEL2008805_61;MFD_SETNO61;43.258067;-60.977783;203972;49;27-mar-08;11:53:12;32.3762;1.3388;4.83456;4.83456;1;1.3388;1;32.3762;1;0;NaN;NaN
TEL2008805_61;MFD_SETNO61;43.258067;-60.977783;203971;254;27-mar-08;11:53:12;34.826;7.0316;2.71739;2.71739;1;7.0316;1;34.826;1;0;NaN;NaN
TEL2008805_62;MFD_SETNO62;43.443983;-60.855167;203978;5;27-mar-08;14:29:39;31.9805;1.8116;4.81359;4.81359;1;1.8116;1;31.9805;1;0;NaN;NaN
TEL2008805_62;MFD_SETNO62;43.443983;-60.855167;203977;25;27-mar-08;14:29:39;31.9841;1.6796;4.84164;4.84164;1;1.6796;1;31.9841;1;0;NaN;NaN
TEL2008805_62;MFD_SETNO62;43.443983;-60.855167;203976;50;27-mar-08;14:29:39;31.9975;1.5442;4.86538;4.86538;1;1.5442;1;31.9975;1;0;NaN;NaN
TEL2008805_62;MFD_SETNO62;43.443983;-60.855167;203975;85;27-mar-08;14:29:39;32.6027;2.2435;4.43056;4.43056;1;2.2435;1;32.6027;1;0;NaN;NaN
TEL2008805_63;MFD_SETNO63;43.4225;-61.23915;203982;5;27-mar-08;16:57:56;32.0762;2.1148;4.72613;4.72613;1;2.1148;1;32.0762;1;0;NaN;NaN
TEL2008805_63;MFD_SETNO63;43.4225;-61.23915;203981;25;27-mar-08;16:57:56;32.0797;2.0198;4.76607;4.76607;1;2.0198;1;32.0797;1;0;NaN;NaN
TEL2008805_63;MFD_SETNO63;43.4225;-61.23915;203980;51;27-mar-08;16:57:56;32.0863;2.0208;4.76213;4.76213;1;2.0208;1;32.0863;1;0;NaN;NaN
TEL2008805_63;MFD_SETNO63;43.4225;-61.23915;203979;70;27-mar-08;16:57:56;32.2015;2.2937;4.64627;4.64627;1;2.2937;1;32.2015;1;0;NaN;NaN
TEL2008805_64;MFD_SETNO64;43.3881;-62.0067;203986;6;27-mar-08;20:44:36;32.5388;2.6239;4.84044;4.84044;1;2.6239;1;32.5388;1;0;NaN;NaN
TEL2008805_64;MFD_SETNO64;43.3881;-62.0067;203985;26;27-mar-08;20:44:36;32.5417;2.4187;4.87727;4.87727;1;2.4187;1;32.5417;1;0;NaN;NaN
TEL2008805_64;MFD_SETNO64;43.3881;-62.0067;203984;51;27-mar-08;20:44:36;32.5481;2.4519;4.82895;4.82895;1;2.4519;1;32.5481;1;0;NaN;NaN
TEL2008805_64;MFD_SETNO64;43.3881;-62.0067;203983;90;27-mar-08;20:44:36;33.3565;5.3254;4.09698;4.09698;1;5.3254;1;33.3565;1;0;NaN;NaN
TEL2008805_65;MFD_SETNO65;43.295183;-62.267617;203990;5;27-mar-08;22:45:23;32.4129;1.9244;5.01848;5.01848;1;1.9244;1;32.4129;1;0;NaN;NaN
TEL2008805_65;MFD_SETNO65;43.295183;-62.267617;203989;25;27-mar-08;22:45:23;32.4178;1.6043;5.04779;5.04779;1;1.6043;1;32.4178;1;0;NaN;NaN
TEL2008805_65;MFD_SETNO65;43.295183;-62.267617;203988;51;27-mar-08;22:45:23;32.4466;1.6454;5.0006;5.0006;1;1.6454;1;32.4466;1;0;NaN;NaN
TEL2008805_65;MFD_SETNO65;43.295183;-62.267617;203987;98;27-mar-08;22:45:23;33.8863;7.1517;3.7294;3.7294;1;7.1517;1;33.8863;1;0;NaN;NaN
TEL2008805_66;MFD_SETNO66;43.274467;-62.603583;203994;5;28-mar-08;01:40:57;32.6571;3.0795;4.78551;4.78551;1;3.0795;1;32.6571;1;0;NaN;NaN
TEL2008805_66;MFD_SETNO66;43.274467;-62.603583;203993;26;28-mar-08;01:40:57;32.712;3.1963;4.73056;4.73056;1;3.1963;1;32.712;1;0;NaN;NaN
TEL2008805_66;MFD_SETNO66;43.274467;-62.603583;203992;50;28-mar-08;01:40:57;32.8971;3.6183;4.75828;4.75828;1;3.6183;1;32.8971;1;0;NaN;NaN
TEL2008805_66;MFD_SETNO66;43.274467;-62.603583;203991;92;28-mar-08;01:40:57;34.6076;9.29;3.0648;3.0648;1;9.29;1;34.6076;1;0;NaN;NaN
TEL2008805_67;MFD_SETNO67;43.44525;-62.7144;203998;5;28-mar-08;03:33:11;32.6971;3.8226;4.66392;4.66392;1;3.8226;1;32.6971;1;0;NaN;NaN
TEL2008805_67;MFD_SETNO67;43.44525;-62.7144;203997;26;28-mar-08;03:33:11;32.7847;3.9105;4.6479;4.6479;1;3.9105;1;32.7847;1;0;NaN;NaN
TEL2008805_67;MFD_SETNO67;43.44525;-62.7144;203996;51;28-mar-08;03:33:11;33.1748;4.9297;4.55143;4.55143;1;4.9297;1;33.1748;1;0;NaN;NaN
TEL2008805_67;MFD_SETNO67;43.44525;-62.7144;203995;96;28-mar-08;03:33:11;34.79;9.5934;2.87773;2.87773;1;9.5934;1;34.79;1;0;NaN;NaN
