CTD;CTD;CTD;CTD;CTD;CTD;CTD;CTD;CTD;CTD;CTD;labo;labo;terrain;labo;labo;labo;labo;calc;calc
Fichier;Station;Latitude;Longitude;Echantillon;zbouteille;Date;Heure;PSAL;TEMP_XX;DOXY;OXY_XX;Q_OXY;TEMP_RT;Q_TEMP_RT;SSAL_BS;Q_SSAL;QCFF;N_P;N_Si
(nom);(nom/no);(degres);(degres);(no_unique);(dbar);(jj-mmm-yyyy);(GMT);(psu);(celsius);(ml/l);(ml/l);((none));(celsius);((none));(g/kg);((none));((none));((none));((none))
TEL2004529_0;MFD_SETNO0;44.27075;63.325017;263459;1;05-jul-04;22:35:12;31.352;13.49;3.8925;3.8925;1;13.49;1;31.352;1;0;NaN;NaN
TEL2004529_0;MFD_SETNO0;44.27075;63.325017;263458;5;05-jul-04;22:35:12;31.438;13.013;3.9455;3.9455;1;13.013;1;31.438;1;0;NaN;NaN
TEL2004529_0;MFD_SETNO0;44.27075;63.325017;263457;10;05-jul-04;22:35:12;31.711;12.018;3.8792;3.8792;1;12.018;1;31.711;1;0;NaN;NaN
TEL2004529_0;MFD_SETNO0;44.27075;63.325017;263456;20;05-jul-04;22:35:12;31.671;7.362;3.7305;3.7305;1;7.362;1;31.671;1;0;NaN;NaN
TEL2004529_0;MFD_SETNO0;44.27075;63.325017;263455;30;05-jul-04;22:35:12;31.996;5.13;3.9254;3.9254;1;5.13;1;31.996;1;0;NaN;NaN
TEL2004529_0;MFD_SETNO0;44.27075;63.325017;263454;40;05-jul-04;22:35:12;32.268;3.852;3.8812;3.8812;1;3.852;1;32.268;1;0;NaN;NaN
TEL2004529_0;MFD_SETNO0;44.27075;63.325017;263453;50;05-jul-04;22:35:12;32.315;2.255;3.8527;3.8527;1;2.255;1;32.315;1;0;NaN;NaN
TEL2004529_0;MFD_SETNO0;44.27075;63.325017;263452;75;05-jul-04;22:35:12;32.566;2.094;3.9463;3.9463;1;2.094;1;32.566;1;0;NaN;NaN
TEL2004529_0;MFD_SETNO0;44.27075;63.325017;263451;100;05-jul-04;22:35:12;32.896;2.95;3.8571;3.8571;1;2.95;1;32.896;1;0;NaN;NaN
TEL2004529_0;MFD_SETNO0;44.27075;63.325017;263450;171;05-jul-04;22:35:12;33.873;6.382;3.128;3.128;1;6.382;1;33.873;1;0;NaN;NaN
TEL2004529_1;MFD_SETNO1;44.179967;63.150933;263463;5;06-jul-04;02:13:29;31.371;14.055;4.055;4.055;1;14.055;1;31.371;1;0;NaN;NaN
TEL2004529_1;MFD_SETNO1;44.179967;63.150933;263462;25;06-jul-04;02:13:29;32.166;6.326;3.9245;3.9245;1;6.326;1;32.166;1;0;NaN;NaN
TEL2004529_1;MFD_SETNO1;44.179967;63.150933;263461;50;06-jul-04;02:13:29;32.463;2.07;4.0489;4.0489;1;2.07;1;32.463;1;0;NaN;NaN
TEL2004529_1;MFD_SETNO1;44.179967;63.150933;263460;170;06-jul-04;02:13:29;34.888;9.445;2.6206;2.6206;1;9.445;1;34.888;1;0;NaN;NaN
TEL2004529_2;MFD_SETNO2;43.975667;63.051517;263467;5;06-jul-04;04:44:13;31.245;13.6;3.9716;3.9716;1;13.6;1;31.245;1;0;NaN;NaN
TEL2004529_2;MFD_SETNO2;43.975667;63.051517;263466;25;06-jul-04;04:44:13;32.137;5.133;3.9661;3.9661;1;5.133;1;32.137;1;0;NaN;NaN
TEL2004529_2;MFD_SETNO2;43.975667;63.051517;263465;50;06-jul-04;04:44:13;32.642;2.358;4.1432;4.1432;1;2.358;1;32.642;1;0;NaN;NaN
TEL2004529_2;MFD_SETNO2;43.975667;63.051517;263464;223;06-jul-04;04:44:13;34.996;9.683;2.0213;2.0213;1;9.683;1;34.996;1;0;NaN;NaN
TEL2004529_3;MFD_SETNO3;43.7632;62.618583;263471;5;06-jul-04;09:16:52;31.48;14.626;4.0378;4.0378;1;14.626;1;31.48;1;0;NaN;NaN
TEL2004529_3;MFD_SETNO3;43.7632;62.618583;263470;25;06-jul-04;09:16:52;32.547;7.1;3.993;3.993;1;7.1;1;32.547;1;0;NaN;NaN
TEL2004529_3;MFD_SETNO3;43.7632;62.618583;263469;50;06-jul-04;09:16:52;32.728;3.378;4.1868;4.1868;1;3.378;1;32.728;1;0;NaN;NaN
TEL2004529_3;MFD_SETNO3;43.7632;62.618583;263468;151;06-jul-04;09:16:52;34.534;8.129;3.2328;3.2328;1;8.129;1;34.534;1;0;NaN;NaN
TEL2004529_4;MFD_SETNO4;43.709567;62.430183;263475;5;06-jul-04;11:14:55;31.806;14.267;4.0476;4.0476;1;14.267;1;31.806;1;0;NaN;NaN
TEL2004529_4;MFD_SETNO4;43.709567;62.430183;263474;25;06-jul-04;11:14:55;32.48;5.354;3.9316;3.9316;1;5.354;1;32.48;1;0;NaN;NaN
TEL2004529_4;MFD_SETNO4;43.709567;62.430183;263473;50;06-jul-04;11:14:55;32.72;2.971;4.2069;4.2069;1;2.971;1;32.72;1;0;NaN;NaN
TEL2004529_4;MFD_SETNO4;43.709567;62.430183;263472;102;06-jul-04;11:14:55;33.327;3.35;4.089;4.089;1;3.35;1;33.327;1;0;NaN;NaN
TEL2004529_5;MFD_SETNO5;43.59335;62.2449;263479;5;06-jul-04;13:40:09;31.962;13.902;3.9558;3.9558;1;13.902;1;31.962;1;0;NaN;NaN
TEL2004529_5;MFD_SETNO5;43.59335;62.2449;263478;25;06-jul-04;13:40:09;32.171;7.476;3.8758;3.8758;1;7.476;1;32.171;1;0;NaN;NaN
TEL2004529_5;MFD_SETNO5;43.59335;62.2449;263477;50;06-jul-04;13:40:09;32.707;2.619;4.1245;4.1245;1;2.619;1;32.707;1;0;NaN;NaN
TEL2004529_5;MFD_SETNO5;43.59335;62.2449;263476;90;06-jul-04;13:40:09;32.934;2.444;4.0997;4.0997;1;2.444;1;32.934;1;0;NaN;NaN
TEL2004529_6;MFD_SETNO6;43.536117;62.500817;263487;1;06-jul-04;16:13:25;32.073;13.82;4.0113;4.0113;1;13.82;1;32.073;1;0;NaN;NaN
TEL2004529_6;MFD_SETNO6;43.536117;62.500817;263486;10;06-jul-04;16:13:25;32.085;13.803;4.114;4.114;1;13.803;1;32.085;1;0;NaN;NaN
TEL2004529_6;MFD_SETNO6;43.536117;62.500817;263485;20;06-jul-04;16:13:25;32.246;11.197;3.9655;3.9655;1;11.197;1;32.246;1;0;NaN;NaN
TEL2004529_6;MFD_SETNO6;43.536117;62.500817;263484;30;06-jul-04;16:13:25;32.488;7.652;4.0746;4.0746;1;7.652;1;32.488;1;0;NaN;NaN
TEL2004529_6;MFD_SETNO6;43.536117;62.500817;263483;40;06-jul-04;16:13:25;32.521;2.768;4.0427;4.0427;1;2.768;1;32.521;1;0;NaN;NaN
TEL2004529_6;MFD_SETNO6;43.536117;62.500817;263482;50;06-jul-04;16:13:25;32.629;1.927;4.0941;4.0941;1;1.927;1;32.629;1;0;NaN;NaN
TEL2004529_6;MFD_SETNO6;43.536117;62.500817;263481;60;06-jul-04;16:13:25;32.912;2.128;4.1008;4.1008;1;2.128;1;32.912;1;0;NaN;NaN
TEL2004529_6;MFD_SETNO6;43.536117;62.500817;263480;77;06-jul-04;16:13:25;32.942;2.178;4.1744;4.1744;1;2.178;1;32.942;1;0;NaN;NaN
TEL2004529_7;MFD_SETNO7;43.419017;62.08175;263491;5;06-jul-04;19:26:58;32.009;13.549;4.1407;4.1407;1;13.549;1;32.009;1;0;NaN;NaN
TEL2004529_7;MFD_SETNO7;43.419017;62.08175;263490;25;06-jul-04;19:26:58;32.193;7.141;4.1604;4.1604;1;7.141;1;32.193;1;0;NaN;NaN
TEL2004529_7;MFD_SETNO7;43.419017;62.08175;263489;50;06-jul-04;19:26:58;32.504;2.934;4.3534;4.3534;1;2.934;1;32.504;1;0;NaN;NaN
TEL2004529_7;MFD_SETNO7;43.419017;62.08175;263488;97;06-jul-04;19:26:58;32.875;2.108;4.2755;4.2755;1;2.108;1;32.875;1;0;NaN;NaN
TEL2004529_8;MFD_SETNO8;43.40365;62.212683;263495;5;06-jul-04;21:21:29;32.015;13.604;4.2443;4.2443;1;13.604;1;32.015;1;0;NaN;NaN
TEL2004529_8;MFD_SETNO8;43.40365;62.212683;263494;25;06-jul-04;21:21:29;32.154;8.566;4.1888;4.1888;1;8.566;1;32.154;1;0;NaN;NaN
TEL2004529_8;MFD_SETNO8;43.40365;62.212683;263493;50;06-jul-04;21:21:29;32.478;3.29;4.5037;4.5037;1;3.29;1;32.478;1;0;NaN;NaN
TEL2004529_8;MFD_SETNO8;43.40365;62.212683;263492;96;06-jul-04;21:21:29;32.914;2.298;4.2502;4.2502;1;2.298;1;32.914;1;0;NaN;NaN
TEL2004529_9;MFD_SETNO9;43.381867;62.4081;263499;5;06-jul-04;23:50:24;32.059;13.688;4.1747;4.1747;1;13.688;1;32.059;1;0;NaN;NaN
TEL2004529_9;MFD_SETNO9;43.381867;62.4081;263498;25;06-jul-04;23:50:24;32.236;8.395;4.1445;4.1445;1;8.395;1;32.236;1;0;NaN;NaN
TEL2004529_9;MFD_SETNO9;43.381867;62.4081;263497;50;06-jul-04;23:50:24;32.599;2.62;4.3729;4.3729;1;2.62;1;32.599;1;0;NaN;NaN
TEL2004529_9;MFD_SETNO9;43.381867;62.4081;263496;84;06-jul-04;23:50:24;32.839;2.821;4.2598;4.2598;1;2.821;1;32.839;1;0;NaN;NaN
TEL2004529_10;MFD_SETNO10;43.302533;62.7803;263804;5;07-jul-04;02:22:46;31.976;13.571;4.2662;4.2662;1;13.571;1;31.976;1;0;NaN;NaN
TEL2004529_10;MFD_SETNO10;43.302533;62.7803;263803;25;07-jul-04;02:22:46;32.203;9.64;4.2878;4.2878;1;9.64;1;32.203;1;0;NaN;NaN
TEL2004529_10;MFD_SETNO10;43.302533;62.7803;263802;50;07-jul-04;02:22:46;32.636;3.895;4.4653;4.4653;1;3.895;1;32.636;1;0;NaN;NaN
TEL2004529_10;MFD_SETNO10;43.302533;62.7803;263801;97;07-jul-04;02:22:46;33.045;2.332;4.3072;4.3072;1;2.332;1;33.045;1;0;NaN;NaN
TEL2004529_11;MFD_SETNO11;43.124317;62.777283;263808;5;07-jul-04;04:28:31;32.065;12.65;4.355;4.355;1;12.65;1;32.065;1;0;NaN;NaN
TEL2004529_11;MFD_SETNO11;43.124317;62.777283;263807;25;07-jul-04;04:28:31;32.29;7.783;4.1811;4.1811;1;7.783;1;32.29;1;0;NaN;NaN
TEL2004529_11;MFD_SETNO11;43.124317;62.777283;263806;50;07-jul-04;04:28:31;32.629;2.254;4.3036;4.3036;1;2.254;1;32.629;1;0;NaN;NaN
TEL2004529_11;MFD_SETNO11;43.124317;62.777283;263805;109;07-jul-04;04:28:31;33.052;2.224;4.3366;4.3366;1;2.224;1;33.052;1;0;NaN;NaN
TEL2004529_12;MFD_SETNO12;43.13575;62.904333;263812;5;07-jul-04;06:16:57;31.925;12.489;4.4337;4.4337;1;12.489;1;31.925;1;0;NaN;NaN
TEL2004529_12;MFD_SETNO12;43.13575;62.904333;263811;25;07-jul-04;06:16:57;32.166;7.821;4.3753;4.3753;1;7.821;1;32.166;1;0;NaN;NaN
TEL2004529_12;MFD_SETNO12;43.13575;62.904333;263810;50;07-jul-04;06:16:57;32.595;3.251;4.5211;4.5211;1;3.251;1;32.595;1;0;NaN;NaN
TEL2004529_12;MFD_SETNO12;43.13575;62.904333;263809;119;07-jul-04;06:16:57;33.443;3.319;4.2801;4.2801;1;3.319;1;33.443;1;0;NaN;NaN
TEL2004529_13;MFD_SETNO13;43.004933;62.99175;263816;5;07-jul-04;08:52:32;31.922;12.032;4.8093;4.8093;1;12.032;1;31.922;1;0;NaN;NaN
TEL2004529_13;MFD_SETNO13;43.004933;62.99175;263815;25;07-jul-04;08:52:32;32.37;4.379;4.4503;4.4503;1;4.379;1;32.37;1;0;NaN;NaN
TEL2004529_13;MFD_SETNO13;43.004933;62.99175;263814;50;07-jul-04;08:52:32;32.561;1.472;4.4618;4.4618;1;1.472;1;32.561;1;0;NaN;NaN
TEL2004529_13;MFD_SETNO13;43.004933;62.99175;263813;131;07-jul-04;08:52:32;33.408;3.058;4.4566;4.4566;1;3.058;1;33.408;1;0;NaN;NaN
TEL2004529_14;MFD_SETNO14;42.9716;62.664883;263820;5;07-jul-04;11:18:38;31.983;13.363;4.3866;4.3866;1;13.363;1;31.983;1;0;NaN;NaN
TEL2004529_14;MFD_SETNO14;42.9716;62.664883;263819;25;07-jul-04;11:18:38;32.239;6.408;4.2347;4.2347;1;6.408;1;32.239;1;0;NaN;NaN
TEL2004529_14;MFD_SETNO14;42.9716;62.664883;263818;50;07-jul-04;11:18:38;32.566;2.464;4.4012;4.4012;1;2.464;1;32.566;1;0;NaN;NaN
TEL2004529_14;MFD_SETNO14;42.9716;62.664883;263817;112;07-jul-04;11:18:38;33.042;1.995;4.4438;4.4438;1;1.995;1;33.042;1;0;NaN;NaN
TEL2004529_15;MFD_SETNO15;42.88085;63.065883;263824;5;07-jul-04;18:20:03;31.924;14.227;4.2288;4.2288;1;14.227;1;31.924;1;0;NaN;NaN
TEL2004529_15;MFD_SETNO15;42.88085;63.065883;263823;25;07-jul-04;18:20:03;32.078;9.909;4.0892;4.0892;1;9.909;1;32.078;1;0;NaN;NaN
TEL2004529_15;MFD_SETNO15;42.88085;63.065883;263822;50;07-jul-04;18:20:03;32.559;3.13;4.3524;4.3524;1;3.13;1;32.559;1;0;NaN;NaN
TEL2004529_15;MFD_SETNO15;42.88085;63.065883;263821;139;07-jul-04;18:20:03;33.923;4.553;4.0207;4.0207;1;4.553;1;33.923;1;0;NaN;NaN
TEL2004529_16;MFD_SETNO16;42.813117;63.120733;263828;5;07-jul-04;20:52:34;32.398;14.874;4.1298;4.1298;1;14.874;1;32.398;1;0;NaN;NaN
TEL2004529_16;MFD_SETNO16;42.813117;63.120733;263827;25;07-jul-04;20:52:34;32.764;6.275;4.0681;4.0681;1;6.275;1;32.764;1;0;NaN;NaN
TEL2004529_16;MFD_SETNO16;42.813117;63.120733;263826;50;07-jul-04;20:52:34;32.55;1.861;4.3588;4.3588;1;1.861;1;32.55;1;0;NaN;NaN
TEL2004529_16;MFD_SETNO16;42.813117;63.120733;263825;215;07-jul-04;20:52:34;34.326;5.571;3.8595;3.8595;1;5.571;1;34.326;1;0;NaN;NaN
TEL2004529_17;MFD_SETNO17;42.879167;63.426867;263832;5;07-jul-04;23:16:32;31.917;13.251;4.4883;4.4883;1;13.251;1;31.917;1;0;NaN;NaN
TEL2004529_17;MFD_SETNO17;42.879167;63.426867;263831;25;07-jul-04;23:16:32;32.452;4.598;4.3056;4.3056;1;4.598;1;32.452;1;0;NaN;NaN
TEL2004529_17;MFD_SETNO17;42.879167;63.426867;263830;50;07-jul-04;23:16:32;32.733;3.038;4.5635;4.5635;1;3.038;1;32.733;1;0;NaN;NaN
TEL2004529_17;MFD_SETNO17;42.879167;63.426867;263829;162;07-jul-04;23:16:32;34.289;6.29;3.9075;3.9075;1;6.29;1;34.289;1;0;NaN;NaN
TEL2004529_18;MFD_SETNO18;42.75795;63.507533;263842;1;08-jul-04;01:52:06;31.358;15.208;4.4738;4.4738;1;15.208;1;31.358;1;0;NaN;NaN
TEL2004529_18;MFD_SETNO18;42.75795;63.507533;263841;10;08-jul-04;01:52:06;32.02;12.179;4.3788;4.3788;1;12.179;1;32.02;1;0;NaN;NaN
TEL2004529_18;MFD_SETNO18;42.75795;63.507533;263840;20;08-jul-04;01:52:06;32.352;7.698;4.3185;4.3185;1;7.698;1;32.352;1;0;NaN;NaN
TEL2004529_18;MFD_SETNO18;42.75795;63.507533;263839;30;08-jul-04;01:52:06;32.521;6.336;4.5377;4.5377;1;6.336;1;32.521;1;0;NaN;NaN
TEL2004529_18;MFD_SETNO18;42.75795;63.507533;263838;40;08-jul-04;01:52:06;32.691;4.758;4.5762;4.5762;1;4.758;1;32.691;1;0;NaN;NaN
TEL2004529_18;MFD_SETNO18;42.75795;63.507533;263837;50;08-jul-04;01:52:06;32.778;3.325;4.5123;4.5123;1;3.325;1;32.778;1;0;NaN;NaN
TEL2004529_18;MFD_SETNO18;42.75795;63.507533;263836;75;08-jul-04;01:52:06;32.933;2.839;4.5278;4.5278;1;2.839;1;32.933;1;0;NaN;NaN
TEL2004529_18;MFD_SETNO18;42.75795;63.507533;263835;100;08-jul-04;01:52:06;33.58;5.039;4.3572;4.3572;1;5.039;1;33.58;1;0;NaN;NaN
TEL2004529_18;MFD_SETNO18;42.75795;63.507533;263834;250;08-jul-04;01:52:06;35.111;8.444;2.6749;2.6749;1;8.444;1;35.111;1;0;NaN;NaN
TEL2004529_18;MFD_SETNO18;42.75795;63.507533;263833;586;08-jul-04;01:52:06;34.922;4.679;3.8702;3.8702;1;4.679;1;34.922;1;0;NaN;NaN
TEL2004529_19;MFD_SETNO19;42.773283;63.973517;263846;5;08-jul-04;05:32:50;30.962;14.758;4.4828;4.4828;1;14.758;1;30.962;1;0;NaN;NaN
TEL2004529_19;MFD_SETNO19;42.773283;63.973517;263845;25;08-jul-04;05:32:50;32.275;4.916;4.3479;4.3479;1;4.916;1;32.275;1;0;NaN;NaN
TEL2004529_19;MFD_SETNO19;42.773283;63.973517;263844;50;08-jul-04;05:32:50;32.788;2.677;4.5196;4.5196;1;2.677;1;32.788;1;0;NaN;NaN
TEL2004529_19;MFD_SETNO19;42.773283;63.973517;263843;256;08-jul-04;05:32:50;35.049;7.724;2.7408;2.7408;1;7.724;1;35.049;1;0;NaN;NaN
TEL2004529_20;MFD_SETNO20;42.712967;63.996183;263850;5;08-jul-04;08:28:38;31.375;15.212;4.2335;4.2335;1;15.212;1;31.375;1;0;NaN;NaN
TEL2004529_20;MFD_SETNO20;42.712967;63.996183;263849;25;08-jul-04;08:28:38;31.951;8.788;4.2851;4.2851;1;8.788;1;31.951;1;0;NaN;NaN
TEL2004529_20;MFD_SETNO20;42.712967;63.996183;263848;50;08-jul-04;08:28:38;34.035;11.031;4.667;4.667;1;11.031;1;34.035;1;0;NaN;NaN
TEL2004529_20;MFD_SETNO20;42.712967;63.996183;263847;585;08-jul-04;08:28:38;34.906;4.767;3.8622;3.8622;1;4.767;1;34.906;1;0;NaN;NaN
TEL2004529_21;MFD_SETNO21;42.863633;63.90915;263854;5;08-jul-04;10:56:08;30.985;14.138;4.4165;4.4165;1;14.138;1;30.985;1;0;NaN;NaN
TEL2004529_21;MFD_SETNO21;42.863633;63.90915;263853;25;08-jul-04;10:56:08;32.221;2.128;4.1981;4.1981;1;2.128;1;32.221;1;0;NaN;NaN
TEL2004529_21;MFD_SETNO21;42.863633;63.90915;263852;50;08-jul-04;10:56:08;32.445;1.825;4.4981;4.4981;1;1.825;1;32.445;1;0;NaN;NaN
TEL2004529_21;MFD_SETNO21;42.863633;63.90915;263851;123;08-jul-04;10:56:08;33.975;6.673;3.5559;3.5559;1;6.673;1;33.975;1;0;NaN;NaN
TEL2004529_22;MFD_SETNO22;43.126517;63.459183;263858;5;08-jul-04;14:17:57;31.707;14.525;4.2275;4.2275;1;14.525;1;31.707;1;0;NaN;NaN
TEL2004529_22;MFD_SETNO22;43.126517;63.459183;263857;25;08-jul-04;14:17:57;32.335;5.744;4.188;4.188;1;5.744;1;32.335;1;0;NaN;NaN
TEL2004529_22;MFD_SETNO22;43.126517;63.459183;263856;50;08-jul-04;14:17:57;32.662;2.409;4.3444;4.3444;1;2.409;1;32.662;1;0;NaN;NaN
TEL2004529_22;MFD_SETNO22;43.126517;63.459183;263855;150;08-jul-04;14:17:57;34.863;9.245;3.2008;3.2008;1;9.245;1;34.863;1;0;NaN;NaN
TEL2004529_23;MFD_SETNO23;43.31585;63.786983;263862;5;08-jul-04;17:09:32;31.202;13.147;4.5627;4.5627;1;13.147;1;31.202;1;0;NaN;NaN
TEL2004529_23;MFD_SETNO23;43.31585;63.786983;263861;25;08-jul-04;17:09:32;32.237;3.963;4.3675;4.3675;1;3.963;1;32.237;1;0;NaN;NaN
TEL2004529_23;MFD_SETNO23;43.31585;63.786983;263860;50;08-jul-04;17:09:32;32.469;1.817;4.4469;4.4469;1;1.817;1;32.469;1;0;NaN;NaN
TEL2004529_23;MFD_SETNO23;43.31585;63.786983;263859;164;08-jul-04;17:09:32;34.647;8.826;2.4317;2.4317;1;8.826;1;34.647;1;0;NaN;NaN
TEL2004529_24;MFD_SETNO24;43.1066;64.07555;263866;5;08-jul-04;20:09:18;30.988;14.035;4.54;4.54;1;14.035;1;30.988;1;0;NaN;NaN
TEL2004529_24;MFD_SETNO24;43.1066;64.07555;263865;25;08-jul-04;20:09:18;32.198;4.17;4.3305;4.3305;1;4.17;1;32.198;1;0;NaN;NaN
TEL2004529_24;MFD_SETNO24;43.1066;64.07555;263864;50;08-jul-04;20:09:18;32.377;1.626;4.4002;4.4002;1;1.626;1;32.377;1;0;NaN;NaN
TEL2004529_24;MFD_SETNO24;43.1066;64.07555;263863;89;08-jul-04;20:09:18;32.471;1.846;4.553;4.553;1;1.846;1;32.471;1;0;NaN;NaN
TEL2004529_25;MFD_SETNO25;43.237967;64.172383;263870;5;08-jul-04;22:24:27;30.983;14.362;4.4982;4.4982;1;14.362;1;30.983;1;0;NaN;NaN
TEL2004529_25;MFD_SETNO25;43.237967;64.172383;263869;25;08-jul-04;22:24:27;32.141;5.489;4.4004;4.4004;1;5.489;1;32.141;1;0;NaN;NaN
TEL2004529_25;MFD_SETNO25;43.237967;64.172383;263868;50;08-jul-04;22:24:27;32.5;2.117;4.5678;4.5678;1;2.117;1;32.5;1;0;NaN;NaN
TEL2004529_25;MFD_SETNO25;43.237967;64.172383;263867;83;08-jul-04;22:24:27;32.88;2.976;4.2535;4.2535;1;2.976;1;32.88;1;0;NaN;NaN
TEL2004529_26;MFD_SETNO26;43.578917;63.658;263874;5;09-jul-04;02:07:59;30.975;15.147;4.274;4.274;1;15.147;1;30.975;1;0;NaN;NaN
TEL2004529_26;MFD_SETNO26;43.578917;63.658;263873;25;09-jul-04;02:07:59;32.013;7.599;4.1334;4.1334;1;7.599;1;32.013;1;0;NaN;NaN
TEL2004529_26;MFD_SETNO26;43.578917;63.658;263872;50;09-jul-04;02:07:59;32.498;2.213;4.4645;4.4645;1;2.213;1;32.498;1;0;NaN;NaN
TEL2004529_26;MFD_SETNO26;43.578917;63.658;263871;223;09-jul-04;02:07:59;34.928;9.554;1.6144;1.6144;1;9.554;1;34.928;1;0;NaN;NaN
TEL2004529_27;MFD_SETNO27;44.091967;63.429517;263878;5;09-jul-04;22:11:03;31.414;15.382;3.8226;3.8226;1;15.382;1;31.414;1;0;NaN;NaN
TEL2004529_27;MFD_SETNO27;44.091967;63.429517;263877;25;09-jul-04;22:11:03;32.203;7.863;3.8419;3.8419;1;7.863;1;32.203;1;0;NaN;NaN
TEL2004529_27;MFD_SETNO27;44.091967;63.429517;263876;50;09-jul-04;22:11:03;32.467;2.219;4.2437;4.2437;1;2.219;1;32.467;1;0;NaN;NaN
TEL2004529_27;MFD_SETNO27;44.091967;63.429517;263875;163;09-jul-04;22:11:03;34.389;8.037;2.8053;2.8053;1;8.037;1;34.389;1;0;NaN;NaN
TEL2004529_28;MFD_SETNO28;44.054567;63.9639;263882;5;10-jul-04;01:20:38;31.168;14.193;4.2919;4.2919;1;14.193;1;31.168;1;0;NaN;NaN
TEL2004529_28;MFD_SETNO28;44.054567;63.9639;263881;25;10-jul-04;01:20:38;31.723;5.552;4.2831;4.2831;1;5.552;1;31.723;1;0;NaN;NaN
TEL2004529_28;MFD_SETNO28;44.054567;63.9639;263880;50;10-jul-04;01:20:38;32.271;2.015;4.3124;4.3124;1;2.015;1;32.271;1;0;NaN;NaN
TEL2004529_28;MFD_SETNO28;44.054567;63.9639;263879;120;10-jul-04;01:20:38;33.129;3.741;4.1056;4.1056;1;3.741;1;33.129;1;0;NaN;NaN
TEL2004529_29;MFD_SETNO29;43.464617;64.281367;263886;5;10-jul-04;06:04:54;31.204;14.189;4.2466;4.2466;1;14.189;1;31.204;1;0;NaN;NaN
TEL2004529_29;MFD_SETNO29;43.464617;64.281367;263885;25;10-jul-04;06:04:54;32.082;5.077;4.1807;4.1807;1;5.077;1;32.082;1;0;NaN;NaN
TEL2004529_29;MFD_SETNO29;43.464617;64.281367;263884;50;10-jul-04;06:04:54;32.134;1.258;4.3186;4.3186;1;1.258;1;32.134;1;0;NaN;NaN
TEL2004529_29;MFD_SETNO29;43.464617;64.281367;263883;200;10-jul-04;06:04:54;34.794;9.226;1.9821;1.9821;1;9.226;1;34.794;1;0;NaN;NaN
TEL2004529_30;MFD_SETNO30;43.62645;64.490867;263890;5;10-jul-04;08:52:31;30.876;13.611;5.0727;5.0727;1;13.611;1;30.876;1;0;NaN;NaN
TEL2004529_30;MFD_SETNO30;43.62645;64.490867;263889;25;10-jul-04;08:52:31;31.607;1.775;4.53;4.53;1;1.775;1;31.607;1;0;NaN;NaN
TEL2004529_30;MFD_SETNO30;43.62645;64.490867;263888;50;10-jul-04;08:52:31;31.946;0.741;4.7021;4.7021;1;0.741;1;31.946;1;0;NaN;NaN
TEL2004529_30;MFD_SETNO30;43.62645;64.490867;263887;156;10-jul-04;08:52:31;32.026;7.31;3.2543;3.2543;1;7.31;1;32.026;1;0;NaN;NaN
TEL2004529_31;MFD_SETNO31;43.406133;64.562833;263894;5;10-jul-04;11:06:35;30.812;13.154;4.59;4.59;1;13.154;1;30.812;1;0;NaN;NaN
TEL2004529_31;MFD_SETNO31;43.406133;64.562833;263893;25;10-jul-04;11:06:35;32.059;3.546;4.3595;4.3595;1;3.546;1;32.059;1;0;NaN;NaN
TEL2004529_31;MFD_SETNO31;43.406133;64.562833;263892;50;10-jul-04;11:06:35;32.122;1.417;4.7894;4.7894;1;1.417;1;32.122;1;0;NaN;NaN
TEL2004529_31;MFD_SETNO31;43.406133;64.562833;263891;81;10-jul-04;11:06:35;32.204;1.418;4.8892;4.8892;1;1.418;1;32.204;1;0;NaN;NaN
TEL2004529_32;MFD_SETNO32;43.331983;64.653717;263898;5;10-jul-04;12:36:00;30.924;13.728;4.5075;4.5075;1;13.728;1;30.924;1;0;NaN;NaN
TEL2004529_32;MFD_SETNO32;43.331983;64.653717;263897;25;10-jul-04;12:36:00;31.906;5.799;4.4574;4.4574;1;5.799;1;31.906;1;0;NaN;NaN
TEL2004529_32;MFD_SETNO32;43.331983;64.653717;263896;50;10-jul-04;12:36:00;32.138;1.588;4.4034;4.4034;1;1.588;1;32.138;1;0;NaN;NaN
TEL2004529_32;MFD_SETNO32;43.331983;64.653717;263895;83;10-jul-04;12:36:00;32.318;1.563;4.564;4.564;1;1.563;1;32.318;1;0;NaN;NaN
TEL2004529_33;MFD_SETNO33;43.12605;64.710517;263902;5;10-jul-04;15:00:01;30.918;13.642;4.5471;4.5471;1;13.642;1;30.918;1;0;NaN;NaN
TEL2004529_33;MFD_SETNO33;43.12605;64.710517;263901;25;10-jul-04;15:00:01;31.786;4.083;4.5156;4.5156;1;4.083;1;31.786;1;0;NaN;NaN
TEL2004529_33;MFD_SETNO33;43.12605;64.710517;263900;50;10-jul-04;15:00:01;32.093;1.132;4.5074;4.5074;1;1.132;1;32.093;1;0;NaN;NaN
TEL2004529_33;MFD_SETNO33;43.12605;64.710517;263899;127;10-jul-04;15:00:01;32.896;3.235;4.2616;4.2616;1;3.235;1;32.896;1;0;NaN;NaN
TEL2004529_34;MFD_SETNO34;42.94775;64.2624;263906;5;10-jul-04;18:03:14;30.993;14.066;4.5179;4.5179;1;14.066;1;30.993;1;0;NaN;NaN
TEL2004529_34;MFD_SETNO34;42.94775;64.2624;263905;25;10-jul-04;18:03:14;32.033;6.177;4.5279;4.5279;1;6.177;1;32.033;1;0;NaN;NaN
TEL2004529_34;MFD_SETNO34;42.94775;64.2624;263904;50;10-jul-04;18:03:14;32.454;1.861;4.3615;4.3615;1;1.861;1;32.454;1;0;NaN;NaN
TEL2004529_34;MFD_SETNO34;42.94775;64.2624;263903;112;10-jul-04;18:03:14;33.375;4.735;3.8613;3.8613;1;4.735;1;33.375;1;0;NaN;NaN
TEL2004529_35;MFD_SETNO35;42.974217;64.739283;263910;5;10-jul-04;20:54:30;31.005;13.895;4.3874;4.3874;1;13.895;1;31.005;1;0;NaN;NaN
TEL2004529_35;MFD_SETNO35;42.974217;64.739283;263909;25;10-jul-04;20:54:30;32;3.358;4.3108;4.3108;1;3.358;1;32;1;0;NaN;NaN
TEL2004529_35;MFD_SETNO35;42.974217;64.739283;263908;50;10-jul-04;20:54:30;32.346;1.783;4.3372;4.3372;1;1.783;1;32.346;1;0;NaN;NaN
TEL2004529_35;MFD_SETNO35;42.974217;64.739283;263907;84;10-jul-04;20:54:30;32.344;1.837;4.6381;4.6381;1;1.837;1;32.344;1;0;NaN;NaN
TEL2004529_36;MFD_SETNO36;42.9181;64.652233;263914;5;10-jul-04;22:12:26;30.943;13.997;4.5279;4.5279;1;13.997;1;30.943;1;0;NaN;NaN
TEL2004529_36;MFD_SETNO36;42.9181;64.652233;263913;25;10-jul-04;22:12:26;31.876;4.285;4.4643;4.4643;1;4.285;1;31.876;1;0;NaN;NaN
TEL2004529_36;MFD_SETNO36;42.9181;64.652233;263912;50;10-jul-04;22:12:26;32.31;1.381;4.3717;4.3717;1;1.381;1;32.31;1;0;NaN;NaN
TEL2004529_36;MFD_SETNO36;42.9181;64.652233;263911;89;10-jul-04;22:12:26;32.308;1.35;4.6121;4.6121;1;1.35;1;32.308;1;0;NaN;NaN
TEL2004529_37;MFD_SETNO37;43.12635;65.297733;263918;5;11-jul-04;02:15:47;30.926;12.235;4.9392;4.9392;1;12.235;1;30.926;1;0;NaN;NaN
TEL2004529_37;MFD_SETNO37;43.12635;65.297733;263917;25;11-jul-04;02:15:47;31.548;5.534;4.8434;4.8434;1;5.534;1;31.548;1;0;NaN;NaN
TEL2004529_37;MFD_SETNO37;43.12635;65.297733;263916;50;11-jul-04;02:15:47;31.984;1.315;4.7131;4.7131;1;1.315;1;31.984;1;0;NaN;NaN
TEL2004529_37;MFD_SETNO37;43.12635;65.297733;263915;107;11-jul-04;02:15:47;32.526;2.085;4.6163;4.6163;1;2.085;1;32.526;1;0;NaN;NaN
TEL2004529_39;MFD_SETNO39;43.374583;65.220617;263928;1;11-jul-04;08:03:11;30.377;13.07;4.6449;4.6449;1;13.07;1;30.377;1;0;NaN;NaN
TEL2004529_39;MFD_SETNO39;43.374583;65.220617;263927;10;11-jul-04;08:03:11;31.214;9.586;4.6998;4.6998;1;9.586;1;31.214;1;0;NaN;NaN
TEL2004529_39;MFD_SETNO39;43.374583;65.220617;263926;20;11-jul-04;08:03:11;31.518;6.559;4.9081;4.9081;1;6.559;1;31.518;1;0;NaN;NaN
TEL2004529_39;MFD_SETNO39;43.374583;65.220617;263925;30;11-jul-04;08:03:11;31.77;4.188;4.7981;4.7981;1;4.188;1;31.77;1;0;NaN;NaN
TEL2004529_39;MFD_SETNO39;43.374583;65.220617;263924;40;11-jul-04;08:03:11;31.935;2.225;4.7619;4.7619;1;2.225;1;31.935;1;0;NaN;NaN
TEL2004529_39;MFD_SETNO39;43.374583;65.220617;263923;50;11-jul-04;08:03:11;32.046;1.48;4.759;4.759;1;1.48;1;32.046;1;0;NaN;NaN
TEL2004529_39;MFD_SETNO39;43.374583;65.220617;263922;60;11-jul-04;08:03:11;32.107;1.375;4.7728;4.7728;1;1.375;1;32.107;1;0;NaN;NaN
TEL2004529_39;MFD_SETNO39;43.374583;65.220617;263921;80;11-jul-04;08:03:11;32.309;1.479;4.7654;4.7654;1;1.479;1;32.309;1;0;NaN;NaN
TEL2004529_39;MFD_SETNO39;43.374583;65.220617;263920;100;11-jul-04;08:03:11;32.616;2.377;4.5761;4.5761;1;2.377;1;32.616;1;0;NaN;NaN
TEL2004529_39;MFD_SETNO39;43.374583;65.220617;263919;118;11-jul-04;08:03:11;32.674;2.541;4.4695;4.4695;1;2.541;1;32.674;1;0;NaN;NaN
TEL2004529_40;MFD_SETNO40;42.951567;65.6472;263932;5;11-jul-04;12:31:23;31.528;9.861;5.253;5.253;1;9.861;1;31.528;1;0;NaN;NaN
TEL2004529_40;MFD_SETNO40;42.951567;65.6472;263931;25;11-jul-04;12:31:23;31.901;6.467;5.0441;5.0441;1;6.467;1;31.901;1;0;NaN;NaN
TEL2004529_40;MFD_SETNO40;42.951567;65.6472;263930;50;11-jul-04;12:31:23;32.226;2.12;4.6799;4.6799;1;2.12;1;32.226;1;0;NaN;NaN
TEL2004529_40;MFD_SETNO40;42.951567;65.6472;263929;141;11-jul-04;12:31:23;32.337;2.163;4.7948;4.7948;1;2.163;1;32.337;1;0;NaN;NaN
TEL2004529_41;MFD_SETNO41;42.85055;65.343183;263942;1;11-jul-04;15:07:30;31.114;12.288;4.587;4.587;1;12.288;1;31.114;1;0;NaN;NaN
TEL2004529_41;MFD_SETNO41;42.85055;65.343183;263941;10;11-jul-04;15:07:30;31.354;11.683;4.7678;4.7678;1;11.683;1;31.354;1;0;NaN;NaN
TEL2004529_41;MFD_SETNO41;42.85055;65.343183;263940;20;11-jul-04;15:07:30;31.489;7.552;4.7586;4.7586;1;7.552;1;31.489;1;0;NaN;NaN
TEL2004529_41;MFD_SETNO41;42.85055;65.343183;263939;30;11-jul-04;15:07:30;31.913;4.175;4.6691;4.6691;1;4.175;1;31.913;1;0;NaN;NaN
TEL2004529_41;MFD_SETNO41;42.85055;65.343183;263938;40;11-jul-04;15:07:30;32.098;2.828;4.6273;4.6273;1;2.828;1;32.098;1;0;NaN;NaN
TEL2004529_41;MFD_SETNO41;42.85055;65.343183;263937;50;11-jul-04;15:07:30;32.21;2.679;4.6584;4.6584;1;2.679;1;32.21;1;0;NaN;NaN
TEL2004529_41;MFD_SETNO41;42.85055;65.343183;263936;60;11-jul-04;15:07:30;32.233;2.667;4.7185;4.7185;1;2.667;1;32.233;1;0;NaN;NaN
TEL2004529_41;MFD_SETNO41;42.85055;65.343183;263935;80;11-jul-04;15:07:30;32.284;2.251;4.7148;4.7148;1;2.251;1;32.284;1;0;NaN;NaN
TEL2004529_41;MFD_SETNO41;42.85055;65.343183;263934;100;11-jul-04;15:07:30;32.488;1.986;4.725;4.725;1;1.986;1;32.488;1;0;NaN;NaN
TEL2004529_41;MFD_SETNO41;42.85055;65.343183;263933;127;11-jul-04;15:07:30;32.849;3.112;4.3624;4.3624;1;3.112;1;32.849;1;0;NaN;NaN
TEL2004529_42;MFD_SETNO42;42.678417;65.498183;263946;5;11-jul-04;18:00:27;31.649;10.125;5.241;5.241;1;10.125;1;31.649;1;0;NaN;NaN
TEL2004529_42;MFD_SETNO42;42.678417;65.498183;263945;25;11-jul-04;18:00:27;32.224;3.1;4.7958;4.7958;1;3.1;1;32.224;1;0;NaN;NaN
TEL2004529_42;MFD_SETNO42;42.678417;65.498183;263944;50;11-jul-04;18:00:27;32.185;3.114;5.0136;5.0136;1;3.114;1;32.185;1;0;NaN;NaN
TEL2004529_42;MFD_SETNO42;42.678417;65.498183;263943;94;11-jul-04;18:00:27;32.33;3.64;4.9759;4.9759;1;3.64;1;32.33;1;0;NaN;NaN
TEL2004529_44;MFD_SETNO44;42.607917;65.731533;263950;5;11-jul-04;21:42:17;31.587;10.492;5.1559;5.1559;1;10.492;1;31.587;1;0;NaN;NaN
TEL2004529_44;MFD_SETNO44;42.607917;65.731533;263949;25;11-jul-04;21:42:17;32.067;5.766;4.792;4.792;1;5.766;1;32.067;1;0;NaN;NaN
TEL2004529_44;MFD_SETNO44;42.607917;65.731533;263948;50;11-jul-04;21:42:17;32.43;3.634;4.706;4.706;1;3.634;1;32.43;1;0;NaN;NaN
TEL2004529_44;MFD_SETNO44;42.607917;65.731533;263947;89;11-jul-04;21:42:17;32.425;3.646;4.8073;4.8073;1;3.646;1;32.425;1;0;NaN;NaN
TEL2004529_45;MFD_SETNO45;42.755467;65.833867;263954;5;11-jul-04;23:42:39;31.689;7.393;5.5635;5.5635;1;7.393;1;31.689;1;0;NaN;NaN
TEL2004529_45;MFD_SETNO45;42.755467;65.833867;263953;25;11-jul-04;23:42:39;32.294;6.467;5.2982;5.2982;1;6.467;1;32.294;1;0;NaN;NaN
TEL2004529_45;MFD_SETNO45;42.755467;65.833867;263952;50;11-jul-04;23:42:39;32.398;5.504;4.9398;4.9398;1;5.504;1;32.398;1;0;NaN;NaN
TEL2004529_45;MFD_SETNO45;42.755467;65.833867;263951;98;11-jul-04;23:42:39;32.37;5.145;4.9304;4.9304;1;5.145;1;32.37;1;0;NaN;NaN
TEL2004529_48;MFD_SETNO48;42.7633;66.01235;263958;5;12-jul-04;04:36:01;32.337;7.3;5.0594;5.0594;1;7.3;1;32.337;1;0;NaN;NaN
TEL2004529_48;MFD_SETNO48;42.7633;66.01235;263957;25;12-jul-04;04:36:01;32.417;6.296;4.9161;4.9161;1;6.296;1;32.417;1;0;NaN;NaN
TEL2004529_48;MFD_SETNO48;42.7633;66.01235;263956;50;12-jul-04;04:36:01;32.454;6.092;4.9039;4.9039;1;6.092;1;32.454;1;0;NaN;NaN
TEL2004529_48;MFD_SETNO48;42.7633;66.01235;263955;73;12-jul-04;04:36:01;32.457;6.066;4.9126;4.9126;1;6.066;1;32.457;1;0;NaN;NaN
TEL2004529_49;MFD_SETNO49;42.808117;66.232417;263962;5;12-jul-04;06:55:41;32.266;6.841;4.9714;4.9714;1;6.841;1;32.266;1;0;NaN;NaN
TEL2004529_49;MFD_SETNO49;42.808117;66.232417;263961;20;12-jul-04;06:55:41;32.364;6.433;4.9512;4.9512;1;6.433;1;32.364;1;0;NaN;NaN
TEL2004529_49;MFD_SETNO49;42.808117;66.232417;263960;32;12-jul-04;06:55:41;32.52;5.898;4.8503;4.8503;1;5.898;1;32.52;1;0;NaN;NaN
TEL2004529_49;MFD_SETNO49;42.808117;66.232417;263959;47;12-jul-04;06:55:41;32.543;5.834;4.8561;4.8561;1;5.834;1;32.543;1;0;NaN;NaN
TEL2004529_50;MFD_SETNO50;43.019483;66.786083;263966;5;12-jul-04;11:01:37;31.695;11.812;4.843;4.843;1;11.812;1;31.695;1;0;NaN;NaN
TEL2004529_50;MFD_SETNO50;43.019483;66.786083;263965;25;12-jul-04;11:01:37;31.885;8.209;4.6676;4.6676;1;8.209;1;31.885;1;0;NaN;NaN
TEL2004529_50;MFD_SETNO50;43.019483;66.786083;263964;50;12-jul-04;11:01:37;32.689;4.937;4.6299;4.6299;1;4.937;1;32.689;1;0;NaN;NaN
TEL2004529_50;MFD_SETNO50;43.019483;66.786083;263963;142;12-jul-04;11:01:37;34.098;7.142;3.9625;3.9625;1;7.142;1;34.098;1;0;NaN;NaN
TEL2004529_51;MFD_SETNO51;43.17025;67.013167;263970;5;12-jul-04;14:29:27;32.093;9.559;5.185;5.185;1;9.559;1;32.093;1;0;NaN;NaN
TEL2004529_51;MFD_SETNO51;43.17025;67.013167;263969;25;12-jul-04;14:29:27;32.11;6.476;5.0614;5.0614;1;6.476;1;32.11;1;0;NaN;NaN
TEL2004529_51;MFD_SETNO51;43.17025;67.013167;263968;50;12-jul-04;14:29:27;32.528;4.084;4.7983;4.7983;1;4.084;1;32.528;1;0;NaN;NaN
TEL2004529_51;MFD_SETNO51;43.17025;67.013167;263967;179;12-jul-04;14:29:27;34.375;7.517;3.7055;3.7055;1;7.517;1;34.375;1;0;NaN;NaN
TEL2004529_52;MFD_SETNO52;43.831483;66.287133;263973;5;12-jul-04;20:39:01;31.718;8.793;4.9422;4.9422;1;8.793;1;31.718;1;0;NaN;NaN
TEL2004529_52;MFD_SETNO52;43.831483;66.287133;263972;25;12-jul-04;20:39:01;31.718;8.33;5.0459;5.0459;1;8.33;1;31.718;1;0;NaN;NaN
TEL2004529_52;MFD_SETNO52;43.831483;66.287133;263971;43;12-jul-04;20:39:01;31.726;8.074;5.057;5.057;1;8.074;1;31.726;1;0;NaN;NaN
TEL2004529_53;MFD_SETNO53;43.935717;66.463117;263977;5;12-jul-04;22:52:30;31.967;7.632;4.9013;4.9013;1;7.632;1;31.967;1;0;NaN;NaN
TEL2004529_53;MFD_SETNO53;43.935717;66.463117;263976;25;12-jul-04;22:52:30;32.033;7.533;5.0708;5.0708;1;7.533;1;32.033;1;0;NaN;NaN
TEL2004529_53;MFD_SETNO53;43.935717;66.463117;263975;50;12-jul-04;22:52:30;32.104;7.332;5.0524;5.0524;1;7.332;1;32.104;1;0;NaN;NaN
TEL2004529_53;MFD_SETNO53;43.935717;66.463117;263974;77;12-jul-04;22:52:30;32.125;7.28;5.0404;5.0404;1;7.28;1;32.125;1;0;NaN;NaN
TEL2004529_54;MFD_SETNO54;43.863317;66.649117;263981;5;13-jul-04;01:19:44;32.13;8.422;5.5189;5.5189;1;8.422;1;32.13;1;0;NaN;NaN
TEL2004529_54;MFD_SETNO54;43.863317;66.649117;263980;25;13-jul-04;01:19:44;32.275;7.561;5.5829;5.5829;1;7.561;1;32.275;1;0;NaN;NaN
TEL2004529_54;MFD_SETNO54;43.863317;66.649117;263979;50;13-jul-04;01:19:44;32.422;6.634;5.1589;5.1589;1;6.634;1;32.422;1;0;NaN;NaN
TEL2004529_54;MFD_SETNO54;43.863317;66.649117;263978;94;13-jul-04;01:19:44;32.66;5.931;4.7428;4.7428;1;5.931;1;32.66;1;0;NaN;NaN
TEL2004529_56;MFD_SETNO56;44.07025;66.530983;263985;5;13-jul-04;05:49:09;32.094;8.363;5.2289;5.2289;1;8.363;1;32.094;1;0;NaN;NaN
TEL2004529_56;MFD_SETNO56;44.07025;66.530983;263984;25;13-jul-04;05:49:09;32.104;8.362;5.3623;5.3623;1;8.362;1;32.104;1;0;NaN;NaN
TEL2004529_56;MFD_SETNO56;44.07025;66.530983;263983;50;13-jul-04;05:49:09;32.091;7.88;5.2983;5.2983;1;7.88;1;32.091;1;0;NaN;NaN
TEL2004529_56;MFD_SETNO56;44.07025;66.530983;263982;111;13-jul-04;05:49:09;32.434;6.918;4.9602;4.9602;1;6.918;1;32.434;1;0;NaN;NaN
TEL2004529_57;MFD_SETNO57;44.726667;66.362967;263989;5;13-jul-04;10:18:40;32.04;8.797;5.4113;5.4113;1;8.797;1;32.04;1;0;NaN;NaN
TEL2004529_57;MFD_SETNO57;44.726667;66.362967;263988;25;13-jul-04;10:18:40;32.317;6.798;4.9036;4.9036;1;6.798;1;32.317;1;0;NaN;NaN
TEL2004529_57;MFD_SETNO57;44.726667;66.362967;263987;50;13-jul-04;10:18:40;32.635;5.902;4.6155;4.6155;1;5.902;1;32.635;1;0;NaN;NaN
TEL2004529_57;MFD_SETNO57;44.726667;66.362967;263986;141;13-jul-04;10:18:40;32.841;5.783;4.4977;4.4977;1;5.783;1;32.841;1;0;NaN;NaN
TEL2004529_60;MFD_SETNO60;44.687167;65.970117;263993;5;13-jul-04;15:19:15;32.23;8.798;4.7896;4.7896;1;8.798;1;32.23;1;0;NaN;NaN
TEL2004529_60;MFD_SETNO60;44.687167;65.970117;263992;25;13-jul-04;15:19:15;32.318;7.087;4.7349;4.7349;1;7.087;1;32.318;1;0;NaN;NaN
TEL2004529_60;MFD_SETNO60;44.687167;65.970117;263991;50;13-jul-04;15:19:15;32.322;6.926;4.7804;4.7804;1;6.926;1;32.322;1;0;NaN;NaN
TEL2004529_60;MFD_SETNO60;44.687167;65.970117;263990;81;13-jul-04;15:19:15;32.329;6.815;4.8017;4.8017;1;6.815;1;32.329;1;0;NaN;NaN
TEL2004529_61;MFD_SETNO61;44.8613;65.8537;263997;5;13-jul-04;17:26:53;31.832;12.303;5.3849;5.3849;1;12.303;1;31.832;1;0;NaN;NaN
TEL2004529_61;MFD_SETNO61;44.8613;65.8537;263996;25;13-jul-04;17:26:53;32.284;7.107;4.7087;4.7087;1;7.107;1;32.284;1;0;NaN;NaN
TEL2004529_61;MFD_SETNO61;44.8613;65.8537;263995;50;13-jul-04;17:26:53;32.285;6.88;4.8085;4.8085;1;6.88;1;32.285;1;0;NaN;NaN
TEL2004529_61;MFD_SETNO61;44.8613;65.8537;263994;96;13-jul-04;17:26:53;32.311;6.732;4.8557;4.8557;1;6.732;1;32.311;1;0;NaN;NaN
TEL2004529_62;MFD_SETNO62;44.915383;65.449817;263704;5;13-jul-04;20:30:45;32.146;8.42;4.5651;4.5651;1;8.42;1;32.146;1;0;NaN;NaN
TEL2004529_62;MFD_SETNO62;44.915383;65.449817;263703;25;13-jul-04;20:30:45;32.147;8.012;4.8197;4.8197;1;8.012;1;32.147;1;0;NaN;NaN
TEL2004529_62;MFD_SETNO62;44.915383;65.449817;263702;50;13-jul-04;20:30:45;32.152;7.907;4.928;4.928;1;7.907;1;32.152;1;0;NaN;NaN
TEL2004529_62;MFD_SETNO62;44.915383;65.449817;263701;75;13-jul-04;20:30:45;32.154;7.883;4.9677;4.9677;1;7.883;1;32.154;1;0;NaN;NaN
TEL2004529_63;MFD_SETNO63;44.988667;65.357817;263708;5;13-jul-04;22:32:57;32.172;8.572;4.622;4.622;1;8.572;1;32.172;1;0;NaN;NaN
TEL2004529_63;MFD_SETNO63;44.988667;65.357817;263707;25;13-jul-04;22:32:57;32.147;7.87;4.856;4.856;1;7.87;1;32.147;1;0;NaN;NaN
TEL2004529_63;MFD_SETNO63;44.988667;65.357817;263706;50;13-jul-04;22:32:57;32.133;7.79;4.9841;4.9841;1;7.79;1;32.133;1;0;NaN;NaN
TEL2004529_63;MFD_SETNO63;44.988667;65.357817;263705;70;13-jul-04;22:32:57;32.131;7.79;5.0377;5.0377;1;7.79;1;32.131;1;0;NaN;NaN
TEL2004529_64;MFD_SETNO64;45.031;65.569017;263712;5;14-jul-04;00:26:03;32.169;8.443;4.7753;4.7753;1;8.443;1;32.169;1;0;NaN;NaN
TEL2004529_64;MFD_SETNO64;45.031;65.569017;263711;25;14-jul-04;00:26:03;32.19;7.478;4.8786;4.8786;1;7.478;1;32.19;1;0;NaN;NaN
TEL2004529_64;MFD_SETNO64;45.031;65.569017;263710;50;14-jul-04;00:26:03;32.186;7.456;4.9616;4.9616;1;7.456;1;32.186;1;0;NaN;NaN
TEL2004529_64;MFD_SETNO64;45.031;65.569017;263709;78;14-jul-04;00:26:03;32.185;7.452;5.0002;5.0002;1;7.452;1;32.185;1;0;NaN;NaN
TEL2004529_65;MFD_SETNO65;45.223867;65.2592;263715;5;14-jul-04;02:47:25;31.635;8.694;4.7927;4.7927;1;8.694;1;31.635;1;0;NaN;NaN
TEL2004529_65;MFD_SETNO65;45.223867;65.2592;263714;25;14-jul-04;02:47:25;31.663;8.656;5.1397;5.1397;1;8.656;1;31.663;1;0;NaN;NaN
TEL2004529_65;MFD_SETNO65;45.223867;65.2592;263713;55;14-jul-04;02:47:25;31.744;8.487;5.1828;5.1828;1;8.487;1;31.744;1;0;NaN;NaN
TEL2004529_66;MFD_SETNO66;45.17155;65.550117;263719;5;14-jul-04;04:35:18;31.926;8.032;5.0589;5.0589;1;8.032;1;31.926;1;0;NaN;NaN
TEL2004529_66;MFD_SETNO66;45.17155;65.550117;263718;25;14-jul-04;04:35:18;31.958;7.619;5.1961;5.1961;1;7.619;1;31.958;1;0;NaN;NaN
TEL2004529_66;MFD_SETNO66;45.17155;65.550117;263717;50;14-jul-04;04:35:18;31.991;7.549;5.2125;5.2125;1;7.549;1;31.991;1;0;NaN;NaN
TEL2004529_66;MFD_SETNO66;45.17155;65.550117;263716;70;14-jul-04;04:35:18;32.015;7.521;5.1993;5.1993;1;7.521;1;32.015;1;0;NaN;NaN
TEL2004529_67;MFD_SETNO67;45.076233;66.073633;263723;5;14-jul-04;07:31:11;31.549;9.851;5.1914;5.1914;1;9.851;1;31.549;1;0;NaN;NaN
TEL2004529_67;MFD_SETNO67;45.076233;66.073633;263722;25;14-jul-04;07:31:11;32.234;7.206;4.88;4.88;1;7.206;1;32.234;1;0;NaN;NaN
TEL2004529_67;MFD_SETNO67;45.076233;66.073633;263721;42;14-jul-04;07:31:11;32.239;6.789;4.8856;4.8856;1;6.789;1;32.239;1;0;NaN;NaN
TEL2004529_67;MFD_SETNO67;45.076233;66.073633;263720;78;14-jul-04;07:31:11;32.23;6.689;4.9545;4.9545;1;6.689;1;32.23;1;0;NaN;NaN
TEL2004529_68;MFD_SETNO68;45.0124;66.605617;263726;5;14-jul-04;10:26:39;31.356;8.968;5.3962;5.3962;1;8.968;1;31.356;1;0;NaN;NaN
TEL2004529_68;MFD_SETNO68;45.0124;66.605617;263725;25;14-jul-04;10:26:39;31.662;7.576;5.2137;5.2137;1;7.576;1;31.662;1;0;NaN;NaN
TEL2004529_68;MFD_SETNO68;45.0124;66.605617;263724;50;14-jul-04;10:26:39;31.893;6.766;5.0114;5.0114;1;6.766;1;31.893;1;0;NaN;NaN
TEL2004529_69;MFD_SETNO69;44.864367;66.795733;263730;5;14-jul-04;12:45:06;31.304;8.954;5.1885;5.1885;1;8.954;1;31.304;1;0;NaN;NaN
TEL2004529_69;MFD_SETNO69;44.864367;66.795733;263729;25;14-jul-04;12:45:06;31.74;7.253;5.0222;5.0222;1;7.253;1;31.74;1;0;NaN;NaN
TEL2004529_69;MFD_SETNO69;44.864367;66.795733;263728;50;14-jul-04;12:45:06;31.872;6.877;5.0122;5.0122;1;6.877;1;31.872;1;0;NaN;NaN
TEL2004529_69;MFD_SETNO69;44.864367;66.795733;263727;147;14-jul-04;12:45:06;32.385;5.971;4.7973;4.7973;1;5.971;1;32.385;1;0;NaN;NaN
TEL2004529_70;MFD_SETNO70;44.15935;66.955117;263734;5;14-jul-04;18:11:02;32.2;11.113;4.9608;4.9608;1;11.113;1;32.2;1;0;NaN;NaN
TEL2004529_70;MFD_SETNO70;44.15935;66.955117;263733;25;14-jul-04;18:11:02;32.422;7.634;4.7691;4.7691;1;7.634;1;32.422;1;0;NaN;NaN
TEL2004529_70;MFD_SETNO70;44.15935;66.955117;263732;50;14-jul-04;18:11:02;32.533;6.09;4.7017;4.7017;1;6.09;1;32.533;1;0;NaN;NaN
TEL2004529_70;MFD_SETNO70;44.15935;66.955117;263731;162;14-jul-04;18:11:02;33.377;5.635;4.1967;4.1967;1;5.635;1;33.377;1;0;NaN;NaN
TEL2004529_71;MFD_SETNO71;43.409;67.501567;263738;5;15-jul-04;00:56:29;32.098;11.994;4.8109;4.8109;1;11.994;1;32.098;1;0;NaN;NaN
TEL2004529_71;MFD_SETNO71;43.409;67.501567;263737;25;15-jul-04;00:56:29;32.245;9.813;4.8199;4.8199;1;9.813;1;32.245;1;0;NaN;NaN
TEL2004529_71;MFD_SETNO71;43.409;67.501567;263736;50;15-jul-04;00:56:29;32.527;6.455;4.6576;4.6576;1;6.455;1;32.527;1;0;NaN;NaN
TEL2004529_71;MFD_SETNO71;43.409;67.501567;263735;196;15-jul-04;00:56:29;34.191;7.128;3.6573;3.6573;1;7.128;1;34.191;1;0;NaN;NaN
TEL2004529_72;MFD_SETNO72;42.761433;67.3127;263742;5;15-jul-04;05:57:37;31.996;12.851;4.7617;4.7617;1;12.851;1;31.996;1;0;NaN;NaN
TEL2004529_72;MFD_SETNO72;42.761433;67.3127;263741;25;15-jul-04;05:57:37;32.155;10.399;4.9446;4.9446;1;10.399;1;32.155;1;0;NaN;NaN
TEL2004529_72;MFD_SETNO72;42.761433;67.3127;263740;50;15-jul-04;05:57:37;32.543;5.948;4.6819;4.6819;1;5.948;1;32.543;1;0;NaN;NaN
TEL2004529_72;MFD_SETNO72;42.761433;67.3127;263739;197;15-jul-04;05:57:37;34.808;8.487;3.304;3.304;1;8.487;1;34.808;1;0;NaN;NaN
TEL2004529_73;MFD_SETNO73;42.572983;67.391567;263746;5;15-jul-04;08:13:50;31.975;14.483;4.4244;4.4244;1;14.483;1;31.975;1;0;NaN;NaN
TEL2004529_73;MFD_SETNO73;42.572983;67.391567;263745;25;15-jul-04;08:13:50;32.411;8.296;5.0288;5.0288;1;8.296;1;32.411;1;0;NaN;NaN
TEL2004529_73;MFD_SETNO73;42.572983;67.391567;263744;50;15-jul-04;08:13:50;32.774;5.063;4.5019;4.5019;1;5.063;1;32.774;1;0;NaN;NaN
TEL2004529_73;MFD_SETNO73;42.572983;67.391567;263743;269;15-jul-04;08:13:50;34.934;8.488;3.128;3.128;1;8.488;1;34.934;1;0;NaN;NaN
TEL2004529_74;MFD_SETNO74;42.835117;67.053117;263750;5;15-jul-04;11:24:23;31.648;10.832;5.0177;5.0177;1;10.832;1;31.648;1;0;NaN;NaN
TEL2004529_74;MFD_SETNO74;42.835117;67.053117;263749;25;15-jul-04;11:24:23;32.252;7.324;4.8498;4.8498;1;7.324;1;32.252;1;0;NaN;NaN
TEL2004529_74;MFD_SETNO74;42.835117;67.053117;263748;50;15-jul-04;11:24:23;32.801;4.475;4.6435;4.6435;1;4.475;1;32.801;1;0;NaN;NaN
TEL2004529_74;MFD_SETNO74;42.835117;67.053117;263747;212;15-jul-04;11:24:23;34.689;8.241;3.4374;3.4374;1;8.241;1;34.689;1;0;NaN;NaN
TEL2004529_75;MFD_SETNO75;42.348183;66.9578;263754;5;15-jul-04;15:43:32;31.932;15.705;4.8171;4.8171;1;15.705;1;31.932;1;0;NaN;NaN
TEL2004529_75;MFD_SETNO75;42.348183;66.9578;263753;25;15-jul-04;15:43:32;32.41;7.267;4.8116;4.8116;1;7.267;1;32.41;1;0;NaN;NaN
TEL2004529_75;MFD_SETNO75;42.348183;66.9578;263752;50;15-jul-04;15:43:32;32.869;4.647;4.5554;4.5554;1;4.647;1;32.869;1;0;NaN;NaN
TEL2004529_75;MFD_SETNO75;42.348183;66.9578;263751;323;15-jul-04;15:43:32;34.895;8.274;3.2732;3.2732;1;8.274;1;34.895;1;0;NaN;NaN
TEL2004529_76;MFD_SETNO76;42.451683;66.849967;263758;5;15-jul-04;17:37:44;32.254;12.438;4.8559;4.8559;1;12.438;1;32.254;1;0;NaN;NaN
TEL2004529_76;MFD_SETNO76;42.451683;66.849967;263757;25;15-jul-04;17:37:44;32.466;6.504;4.7453;4.7453;1;6.504;1;32.466;1;0;NaN;NaN
TEL2004529_76;MFD_SETNO76;42.451683;66.849967;263756;50;15-jul-04;17:37:44;32.728;5.073;4.7139;4.7139;1;5.073;1;32.728;1;0;NaN;NaN
TEL2004529_76;MFD_SETNO76;42.451683;66.849967;263755;338;15-jul-04;17:37:44;34.916;8.366;3.1995;3.1995;1;8.366;1;34.916;1;0;NaN;NaN
TEL2004529_77;MFD_SETNO77;42.726;66.5457;263762;5;15-jul-04;21:15:42;32.016;9.073;5.1636;5.1636;1;9.073;1;32.016;1;0;NaN;NaN
TEL2004529_77;MFD_SETNO77;42.726;66.5457;263761;25;15-jul-04;21:15:42;32.275;5.201;4.9096;4.9096;1;5.201;1;32.275;1;0;NaN;NaN
TEL2004529_77;MFD_SETNO77;42.726;66.5457;263760;50;15-jul-04;21:15:42;32.438;4.385;4.8512;4.8512;1;4.385;1;32.438;1;0;NaN;NaN
TEL2004529_77;MFD_SETNO77;42.726;66.5457;263759;149;15-jul-04;21:15:42;34.132;7.662;4.2035;4.2035;1;7.662;1;34.132;1;0;NaN;NaN
TEL2004529_79;MFD_SETNO79;42.4915;66.188433;263766;5;16-jul-04;01:31:03;31.832;12.529;4.7839;4.7839;1;12.529;1;31.832;1;0;NaN;NaN
TEL2004529_79;MFD_SETNO79;42.4915;66.188433;263765;25;16-jul-04;01:31:03;32.173;8.145;4.6638;4.6638;1;8.145;1;32.173;1;0;NaN;NaN
TEL2004529_79;MFD_SETNO79;42.4915;66.188433;263764;50;16-jul-04;01:31:03;32.802;4.622;4.5169;4.5169;1;4.622;1;32.802;1;0;NaN;NaN
TEL2004529_79;MFD_SETNO79;42.4915;66.188433;263763;231;16-jul-04;01:31:03;34.928;8.086;3.3761;3.3761;1;8.086;1;34.928;1;0;NaN;NaN
TEL2004529_80;MFD_SETNO80;42.67685;66.106733;263770;5;16-jul-04;03:29:22;31.347;11.827;5.1831;5.1831;1;11.827;1;31.347;1;0;NaN;NaN
TEL2004529_80;MFD_SETNO80;42.67685;66.106733;263769;25;16-jul-04;03:29:22;32.397;5.744;4.831;4.831;1;5.744;1;32.397;1;0;NaN;NaN
TEL2004529_80;MFD_SETNO80;42.67685;66.106733;263768;50;16-jul-04;03:29:22;32.378;5.722;4.9729;4.9729;1;5.722;1;32.378;1;0;NaN;NaN
TEL2004529_80;MFD_SETNO80;42.67685;66.106733;263767;64;16-jul-04;03:29:22;32.379;5.724;5.01;5.01;1;5.724;1;32.379;1;0;NaN;NaN
TEL2004529_81;MFD_SETNO81;42.4105;65.6343;263774;5;16-jul-04;07:12:42;31.582;10.858;4.9339;4.9339;1;10.858;1;31.582;1;0;NaN;NaN
TEL2004529_81;MFD_SETNO81;42.4105;65.6343;263773;25;16-jul-04;07:12:42;32.12;2.707;4.7025;4.7025;1;2.707;1;32.12;1;0;NaN;NaN
TEL2004529_81;MFD_SETNO81;42.4105;65.6343;263772;50;16-jul-04;07:12:42;32.275;2.628;4.8936;4.8936;1;2.628;1;32.275;1;0;NaN;NaN
TEL2004529_81;MFD_SETNO81;42.4105;65.6343;263771;93;16-jul-04;07:12:42;32.325;2.661;4.9969;4.9969;1;2.661;1;32.325;1;0;NaN;NaN
TEL2004529_82;MFD_SETNO82;42.31585;65.6988;263778;5;16-jul-04;09:01:11;31.353;13.445;4.7053;4.7053;1;13.445;1;31.353;1;0;NaN;NaN
TEL2004529_82;MFD_SETNO82;42.31585;65.6988;263777;25;16-jul-04;09:01:11;31.914;5.669;4.6123;4.6123;1;5.669;1;31.914;1;0;NaN;NaN
TEL2004529_82;MFD_SETNO82;42.31585;65.6988;263776;50;16-jul-04;09:01:11;32.331;1.887;4.6966;4.6966;1;1.887;1;32.331;1;0;NaN;NaN
TEL2004529_82;MFD_SETNO82;42.31585;65.6988;263775;112;16-jul-04;09:01:11;34.065;6.581;3.869;3.869;1;6.581;1;34.065;1;0;NaN;NaN
TEL2004529_83;MFD_SETNO83;42.398;65.410633;263788;1;16-jul-04;11:25:27;31.278;12.6;4.6094;4.6094;1;12.6;1;31.278;1;0;NaN;NaN
TEL2004529_83;MFD_SETNO83;42.398;65.410633;263787;10;16-jul-04;11:25:27;31.281;12.608;4.8026;4.8026;1;12.608;1;31.281;1;0;NaN;NaN
TEL2004529_83;MFD_SETNO83;42.398;65.410633;263786;20;16-jul-04;11:25:27;31.311;12.264;4.839;4.839;1;12.264;1;31.311;1;0;NaN;NaN
TEL2004529_83;MFD_SETNO83;42.398;65.410633;263785;30;16-jul-04;11:25:27;31.577;8.309;4.6798;4.6798;1;8.309;1;31.577;1;0;NaN;NaN
TEL2004529_83;MFD_SETNO83;42.398;65.410633;263784;40;16-jul-04;11:25:27;31.814;4.42;4.7993;4.7993;1;4.42;1;31.814;1;0;NaN;NaN
TEL2004529_83;MFD_SETNO83;42.398;65.410633;263783;50;16-jul-04;11:25:27;31.938;0.685;4.6687;4.6687;1;0.685;1;31.938;1;0;NaN;NaN
TEL2004529_83;MFD_SETNO83;42.398;65.410633;263782;60;16-jul-04;11:25:27;32.189;1.639;5.0138;5.0138;1;1.639;1;32.189;1;0;NaN;NaN
TEL2004529_83;MFD_SETNO83;42.398;65.410633;263781;80;16-jul-04;11:25:27;32.385;2.116;4.8052;4.8052;1;2.116;1;32.385;1;0;NaN;NaN
TEL2004529_83;MFD_SETNO83;42.398;65.410633;263780;90;16-jul-04;11:25:27;32.413;1.871;4.7884;4.7884;1;1.871;1;32.413;1;0;NaN;NaN
TEL2004529_83;MFD_SETNO83;42.398;65.410633;263779;107;16-jul-04;11:25:27;33.221;4.114;4.4377;4.4377;1;4.114;1;33.221;1;0;NaN;NaN
TEL2004529_84;MFD_SETNO84;42.384933;65.209883;263792;5;16-jul-04;13:36:28;31.077;14.749;4.71;4.71;1;14.749;1;31.077;1;0;NaN;NaN
TEL2004529_84;MFD_SETNO84;42.384933;65.209883;263791;25;16-jul-04;13:36:28;32.073;5.008;4.733;4.733;1;5.008;1;32.073;1;0;NaN;NaN
TEL2004529_84;MFD_SETNO84;42.384933;65.209883;263790;50;16-jul-04;13:36:28;33.293;7.354;5.2903;5.2903;1;7.354;1;33.293;1;0;NaN;NaN
TEL2004529_84;MFD_SETNO84;42.384933;65.209883;263789;116;16-jul-04;13:36:28;34.489;7.972;3.5958;3.5958;1;7.972;1;34.489;1;0;NaN;NaN
TEL2004529_85;MFD_SETNO85;42.552433;65.09835;263796;5;16-jul-04;15:39:09;31.139;14.066;4.8429;4.8429;1;14.066;1;31.139;1;0;NaN;NaN
TEL2004529_85;MFD_SETNO85;42.552433;65.09835;263795;25;16-jul-04;15:39:09;32.1;1.622;4.5191;4.5191;1;1.622;1;32.1;1;0;NaN;NaN
TEL2004529_85;MFD_SETNO85;42.552433;65.09835;263794;50;16-jul-04;15:39:09;32.347;1.696;4.83;4.83;1;1.696;1;32.347;1;0;NaN;NaN
TEL2004529_85;MFD_SETNO85;42.552433;65.09835;263793;110;16-jul-04;15:39:09;32.843;3.052;4.5377;4.5377;1;3.052;1;32.843;1;0;NaN;NaN
TEL2004529_86;MFD_SETNO86;42.647067;64.788133;263800;5;16-jul-04;17:50:41;31.104;13.764;4.7188;4.7188;1;13.764;1;31.104;1;0;NaN;NaN
TEL2004529_86;MFD_SETNO86;42.647067;64.788133;263799;25;16-jul-04;17:50:41;31.958;2.871;4.7542;4.7542;1;2.871;1;31.958;1;0;NaN;NaN
TEL2004529_86;MFD_SETNO86;42.647067;64.788133;263798;50;16-jul-04;17:50:41;32.37;1.726;4.7233;4.7233;1;1.726;1;32.37;1;0;NaN;NaN
TEL2004529_86;MFD_SETNO86;42.647067;64.788133;263797;118;16-jul-04;17:50:41;33.193;4.16;4.2471;4.2471;1;4.16;1;33.193;1;0;NaN;NaN
TEL2004529_87;MFD_SETNO87;42.736883;64.591783;257804;5;16-jul-04;19:39:47;30.972;15.134;4.4058;4.4058;1;15.134;1;30.972;1;0;NaN;NaN
TEL2004529_87;MFD_SETNO87;42.736883;64.591783;257803;25;16-jul-04;19:39:47;32.138;4.969;4.3914;4.3914;1;4.969;1;32.138;1;0;NaN;NaN
TEL2004529_87;MFD_SETNO87;42.736883;64.591783;257802;50;16-jul-04;19:39:47;32.428;2.057;4.7372;4.7372;1;2.057;1;32.428;1;0;NaN;NaN
TEL2004529_87;MFD_SETNO87;42.736883;64.591783;257801;117;16-jul-04;19:39:47;33.345;4.621;3.8538;3.8538;1;4.621;1;33.345;1;0;NaN;NaN
TEL2004529_88;MFD_SETNO88;42.704767;64.306033;257808;5;16-jul-04;21:52:43;30.989;15.064;4.4254;4.4254;1;15.064;1;30.989;1;0;NaN;NaN
TEL2004529_88;MFD_SETNO88;42.704767;64.306033;257807;25;16-jul-04;21:52:43;32.127;4.955;4.4705;4.4705;1;4.955;1;32.127;1;0;NaN;NaN
TEL2004529_88;MFD_SETNO88;42.704767;64.306033;257806;50;16-jul-04;21:52:43;32.429;1.922;4.7003;4.7003;1;1.922;1;32.429;1;0;NaN;NaN
TEL2004529_88;MFD_SETNO88;42.704767;64.306033;257805;143;16-jul-04;21:52:43;34.383;7.689;3.4456;3.4456;1;7.689;1;34.383;1;0;NaN;NaN
TEL2004529_89;MFD_SETNO89;42.6924;64.23585;257812;5;16-jul-04;23:31:59;31.063;14.47;5.0377;5.0377;1;14.47;1;31.063;1;0;NaN;NaN
TEL2004529_89;MFD_SETNO89;42.6924;64.23585;257811;25;16-jul-04;23:31:59;32.237;4.41;4.872;4.872;1;4.41;1;32.237;1;0;NaN;NaN
TEL2004529_89;MFD_SETNO89;42.6924;64.23585;257810;50;16-jul-04;23:31:59;32.417;1.725;4.8465;4.8465;1;1.725;1;32.417;1;0;NaN;NaN
TEL2004529_89;MFD_SETNO89;42.6924;64.23585;257809;278;16-jul-04;23:31:59;35.055;7.709;2.6958;2.6958;1;7.709;1;35.055;1;0;NaN;NaN
