CTD;CTD;CTD;CTD;CTD;CTD;CTD;CTD;CTD;CTD;CTD;labo;labo;labo;labo;labo;labo;labo;labo;labo;labo;labo;labo;labo;calc;calc
Fichier;Station;Latitude;Longitude;Echantillon;zbouteille;Date;Heure;PSAL;TEMP_XX;DOXY;CHL_01;Q_CHL;PSAL_BS;Q_PSAL;OXY_03;Q_OXY;NOx_01;Q_NOX;PO4_01;Q_PO4;Si_01;Q_Si;QCFF;N_P;N_Si
(nom);(nom/no);(degres);(degres);(no_unique);(dbar);(jj-mmm-yyyy);(GMT);(psu);(celsius);(ml/l);(mg/m**3);((none));(PSU);((none));(ml/l);((none));(mmol/m**3);((none));(mmol/m**3);((none));(mmol/m**3);((none));((none));((none));((none))
TEL2005605_0;MFD_SETNO0;44.2705;63.3185;273910;1;01-jul-05;01:14:17;31.02;12.029;5.0289;0.378054193548387;1;30.849;7;6.44633333333333;7;0.008;1;0.302;1;0.0695;1;256;0.03;0.12
TEL2005605_0;MFD_SETNO0;44.2705;63.3185;273909;5;01-jul-05;01:14:17;30.838;12.041;4.9722;0.389868387096774;1;NaN;9;NaN;9;0.01;1;0.3195;1;0.017;1;0;0.03;0.59
TEL2005605_0;MFD_SETNO0;44.2705;63.3185;273908;10;01-jul-05;01:14:17;30.96;11.559;5.0223;0.460753548387097;1;NaN;9;NaN;9;0.0175;1;0.323;1;0.044;1;0;0.05;0.40
TEL2005605_0;MFD_SETNO0;44.2705;63.3185;273907;20;01-jul-05;01:14:17;31.899;7.559;5.6124;0.620245161290323;1;NaN;9;NaN;9;0.0035;1;0.374;1;0;1;0;0.01;NaN
TEL2005605_0;MFD_SETNO0;44.2705;63.3185;273906;30;01-jul-05;01:14:17;31.982;4.914;5.8031;0.750201290322581;1;NaN;9;NaN;9;0.3835;1;0.466;1;0.6615;1;0;0.82;0.58
TEL2005605_0;MFD_SETNO0;44.2705;63.3185;273905;40;01-jul-05;01:14:17;32.208;4.575;5.6371;0.531638709677419;1;32.252;1;7.20766666666667;7;0.97;1;0.572;1;1.287;1;256;1.70;0.75
TEL2005605_0;MFD_SETNO0;44.2705;63.3185;273904;50;01-jul-05;01:14:17;32.103;2.802;5.3805;0.419403870967742;1;NaN;9;NaN;9;5.1745;1;0.863;1;3.9105;1;0;6.00;1.32
TEL2005605_0;MFD_SETNO0;44.2705;63.3185;273903;75;01-jul-05;01:14:17;32.468;2.434;4.8812;0.0591003225806452;1;NaN;9;NaN;9;8.3575;1;0.9705;1;6.978;1;0;8.61;1.20
TEL2005605_0;MFD_SETNO0;44.2705;63.3185;273902;102;01-jul-05;01:14:17;32.805;3.417;4.6585;0.0422145161290322;1;NaN;9;NaN;9;8.586;1;0.945;1;6.7945;1;0;9.09;1.26
TEL2005605_0;MFD_SETNO0;44.2705;63.3185;273901;140;01-jul-05;01:14:17;33.673;5.913;3.7321;0.0173148387096774;1;33.941;7;4.65866666666667;1;13.9475;1;1.186;1;13.1655;1;256;11.76;1.06
TEL2005605_1;MFD_SETNO1;43.723833;62.944167;273914;5;01-jul-05;06:37:48;31.39;11.993;4.4372;0.354425806451613;1;NaN;9;6.439;7;0.015;1;0.303;1;0.42;1;256;0.05;0.04
TEL2005605_1;MFD_SETNO1;43.723833;62.944167;273913;25;01-jul-05;06:37:48;32.353;5.624;5.6919;0.850621935483871;1;NaN;9;NaN;9;0.0395;1;0.416;1;0.446;1;0;0.09;0.09
TEL2005605_1;MFD_SETNO1;43.723833;62.944167;273912;50;01-jul-05;06:37:48;32.814;4.338;5.0103;0.271726451612903;1;NaN;9;NaN;9;5.57;1;0.714;1;2.6995;1;0;7.80;2.06
TEL2005605_1;MFD_SETNO1;43.723833;62.944167;273911;251;01-jul-05;06:37:48;34.974;9.533;2.8795;0.00833677419354839;1;35.091;7;3.918;7;18.5825;1;1.257;1;12.2415;1;256;14.78;1.52
TEL2005605_2;MFD_SETNO2;43.618167;63.4095;273918;5;01-jul-05;10:47:56;30.956;11.968;4.9469;0.348518709677419;1;NaN;9;NaN;9;0.012;1;0.306;1;0.507;1;0;0.04;0.02
TEL2005605_2;MFD_SETNO2;43.618167;63.4095;273917;25;01-jul-05;10:47:56;32.294;7.126;5.5635;0.558301935483871;1;NaN;9;NaN;9;0.032;1;0.3735;1;1.215;1;0;0.09;0.03
TEL2005605_2;MFD_SETNO2;43.618167;63.4095;273916;50;01-jul-05;10:47:56;32.545;4.38;5.2439;0.788190967741936;1;NaN;9;NaN;9;3.819;1;0.676;1;2.9325;1;0;5.65;1.30
TEL2005605_2;MFD_SETNO2;43.618167;63.4095;273915;118;01-jul-05;10:47:56;34.022;7.011;3.5559;0.0135086451612903;1;34.04;1;4.772;7;13.854;1;1.114;1;10.392;1;256;12.44;1.33
TEL2005605_3;MFD_SETNO3;43.184167;63.600833;273922;5;01-jul-05;14:47:33;30.824;12.088;4.6665;0.330797419354839;1;NaN;9;6.433;7;0.024;1;0.283;1;0.2725;1;256;0.08;0.09
TEL2005605_3;MFD_SETNO3;43.184167;63.600833;273921;25;01-jul-05;14:47:33;32.3;6.784;5.5665;0.821086451612903;1;NaN;9;NaN;9;0.027;1;0.3715;1;0.354;1;0;0.07;0.08
TEL2005605_3;MFD_SETNO3;43.184167;63.600833;273920;50;01-jul-05;14:47:33;32.516;4.951;5.2692;0.454846451612903;1;NaN;9;NaN;9;1.735;1;0.6065;1;1.682;1;0;2.86;1.03
TEL2005605_3;MFD_SETNO3;43.184167;63.600833;273919;149;01-jul-05;14:47:33;34.486;8.143;2.525;0.011820064516129;1;34.492;1;3.4235;1;18.903;1;1.4135;1;17.3825;1;0;13.37;1.09
TEL2005605_4;MFD_SETNO4;43.149;63.4155;273926;5;01-jul-05;16:44:29;31.005;11.922;4.5969;0.295354838709677;1;NaN;9;6.554;7;0.0295;1;0.298;1;0.4705;1;256;0.10;0.06
TEL2005605_4;MFD_SETNO4;43.149;63.4155;273925;25;01-jul-05;16:44:29;32.033;5.833;5.6124;0.804611612903226;1;NaN;9;NaN;9;0.866;1;0.5135;1;1.339;1;0;1.69;0.65
TEL2005605_4;MFD_SETNO4;43.149;63.4155;273924;50;01-jul-05;16:44:29;32.719;3.069;4.908;0.0439030967741936;1;NaN;9;NaN;9;7.4205;1;0.87;1;5.8015;1;0;8.53;1.28
TEL2005605_4;MFD_SETNO4;43.149;63.4155;273923;150;01-jul-05;16:44:29;35.22;10.551;3.1921;0.0135086451612903;1;35.231;1;4.2615;7;16.9645;1;1.0845;1;8.613;1;256;15.64;1.97
TEL2005605_5;MFD_SETNO5;42.889333;63.571167;273930;5;01-jul-05;19:28:21;31.585;13.007;4.766;0.28354064516129;1;NaN;9;6.573;7;NaN;9;NaN;9;NaN;9;256;NaN;NaN
TEL2005605_5;MFD_SETNO5;42.889333;63.571167;273929;25;01-jul-05;19:28:21;32.314;6.181;5.7998;1.10018322580645;1;NaN;9;NaN;9;NaN;9;NaN;9;NaN;9;0;NaN;NaN
TEL2005605_5;MFD_SETNO5;42.889333;63.571167;273928;50;01-jul-05;19:28:21;32.788;5.763;5.048;0.330797419354839;1;NaN;9;NaN;9;4.734;1;0.672;1;3.8955;1;0;7.04;1.22
TEL2005605_5;MFD_SETNO5;42.889333;63.571167;273927;167;01-jul-05;19:28:21;35.241;10.25;2.9534;0.0151972258064516;1;35.301;1;4.033;7;19.0625;1;1.216;1;10.0495;1;256;15.68;1.90
TEL2005605_6;MFD_SETNO6;42.7865;63.591333;273934;5;01-jul-05;21:43:13;32.152;11.771;4.7934;0.254005161290323;1;NaN;9;6.407;7;0.0445;1;0.2905;1;0.94;1;256;0.15;0.05
TEL2005605_6;MFD_SETNO6;42.7865;63.591333;273933;25;01-jul-05;21:43:13;32.489;10.662;5.2716;0.874250322580646;1;NaN;9;NaN;9;0.3795;1;0.3895;1;1.7075;1;0;0.97;0.22
TEL2005605_6;MFD_SETNO6;42.7865;63.591333;273932;50;01-jul-05;21:43:13;33.025;5.136;4.8353;0.118141935483871;1;NaN;9;6.379;7;6.4085;1;0.73;1;4.0935;1;256;8.78;1.57
TEL2005605_6;MFD_SETNO6;42.7865;63.591333;273931;360;01-jul-05;21:43:13;35.016;7.117;3.0224;NaN;9;35.06;1;4.1455;7;23.096;1;1.4615;1;14.0405;1;256;15.80;1.64
TEL2005605_7;MFD_SETNO7;42.828333;63.755667;273938;5;01-jul-05;23:46:29;31.686;12.974;4.8279;0.277633548387097;1;NaN;9;6.4765;7;0.0075;1;0.299;1;1.431;1;256;0.03;0.01
TEL2005605_7;MFD_SETNO7;42.828333;63.755667;273937;25;01-jul-05;23:46:29;32.413;6.11;5.7388;0.771770322580645;1;NaN;9;NaN;9;0.0455;1;0.3635;1;1.94;1;0;0.13;0.02
TEL2005605_7;MFD_SETNO7;42.828333;63.755667;273936;50;01-jul-05;23:46:29;32.709;5.509;5.0796;1.06734193548387;1;NaN;9;NaN;9;1.8125;1;0.5495;1;2.8465;1;0;3.30;0.64
TEL2005605_7;MFD_SETNO7;42.828333;63.755667;273935;184;01-jul-05;23:46:29;35.229;10.126;2.8504;0.011820064516129;1;35.252;1;3.908;7;20.3095;1;1.2735;1;10.8515;1;256;15.95;1.87
TEL2005605_8;MFD_SETNO8;42.753667;63.936833;273942;5;02-jul-05;02:03:59;31.719;13.193;4.8267;0.295354838709677;1;NaN;9;6.515;7;0.003;1;0.2905;1;1.745;1;256;0.01;0.00
TEL2005605_8;MFD_SETNO8;42.753667;63.936833;273941;25;02-jul-05;02:03:59;33.592;11.486;5.0368;1.52712;1;NaN;9;NaN;9;1.503;1;0.3755;1;4.9565;1;0;4.00;0.30
TEL2005605_8;MFD_SETNO8;42.753667;63.936833;273940;50;02-jul-05;02:03:59;33.816;8.061;4.5045;0.112234838709677;1;NaN;9;NaN;9;6.905;1;0.6855;1;5.1995;1;0;10.07;1.33
TEL2005605_8;MFD_SETNO8;42.753667;63.936833;273939;372;02-jul-05;02:03:59;34.972;6.037;3.4456;NaN;9;34.988;1;4.7345;7;21.485;1;1.3855;1;13.7315;1;256;15.51;1.56
TEL2005605_9;MFD_SETNO9;42.955167;64.082;273946;5;02-jul-05;04:34:49;31.09;11.489;4.901;0.394095483870968;1;NaN;9;6.61766666666667;7;0;1;0.304;1;1.3065;1;256;0.00;0.00
TEL2005605_9;MFD_SETNO9;42.955167;64.082;273945;25;02-jul-05;04:34:49;31.622;5.587;5.6565;0.673246451612903;1;NaN;9;NaN;9;0.017;1;0.3795;1;1.6505;1;0;0.04;0.01
TEL2005605_9;MFD_SETNO9;42.955167;64.082;273944;50;02-jul-05;04:34:49;32.041;3.569;5.339;0.476198709677419;1;NaN;9;NaN;9;NaN;9;NaN;9;NaN;9;0;NaN;NaN
TEL2005605_9;MFD_SETNO9;42.955167;64.082;273943;98;02-jul-05;04:34:49;32.992;4.258;4.461;0.0236401290322581;1;32.995;1;NaN;9;9.1975;1;0.95;1;7.901;1;0;9.68;1.16
TEL2005605_10;MFD_SETNO10;43.221667;64.129333;273950;5;02-jul-05;07:00:10;30.999;11.128;4.6387;0.555267096774194;1;NaN;9;6.887;7;0;1;0.282;1;1.445;1;256;0.00;0.00
TEL2005605_10;MFD_SETNO10;43.221667;64.129333;273949;25;02-jul-05;07:00:10;31.792;4.485;5.5834;0.744294193548387;1;NaN;9;NaN;9;0.56;1;0.433;1;1.74;1;0;1.29;0.32
TEL2005605_10;MFD_SETNO10;43.221667;64.129333;273948;50;02-jul-05;07:00:10;32.03;3.476;5.3445;0.189027096774193;1;NaN;9;NaN;9;2.7275;1;0.6615;1;3.4975;1;0;4.12;0.78
TEL2005605_10;MFD_SETNO10;43.221667;64.129333;273947;87;02-jul-05;07:00:10;32.345;2.6;4.8866;0.0337716129032258;1;32.36;1;6.636;7;7.379;1;0.9045;1;7.292;1;256;8.16;1.01
TEL2005605_12;MFD_SETNO12;42.913833;64.187167;273954;5;02-jul-05;12:49:42;31.05;11.425;4.9761;0.354425806451613;1;NaN;9;6.68933333333333;7;0;1;0.291;1;0.808;1;256;0.00;0.00
TEL2005605_12;MFD_SETNO12;42.913833;64.187167;273953;25;02-jul-05;12:49:42;31.796;4.418;5.6278;0.543452903225806;1;NaN;9;NaN;9;0.2575;1;0.438;1;1.268;1;0;0.59;0.20
TEL2005605_12;MFD_SETNO12;42.913833;64.187167;273952;50;02-jul-05;12:49:42;32.252;3.85;5.1796;0.118141935483871;1;NaN;9;NaN;9;3.601;1;0.697;1;3.302;1;0;5.17;1.09
TEL2005605_12;MFD_SETNO12;42.913833;64.187167;273951;105;02-jul-05;12:49:42;33.615;6.225;4.139;0.0236401290322581;1;33.506;7;5.666;7;10.5395;1;0.957;1;7.7835;1;256;11.01;1.35
TEL2005605_13;MFD_SETNO13;42.727167;64.396667;273958;5;02-jul-05;14:59:33;30.989;12.53;4.7349;0.354425806451613;1;NaN;9;6.422;7;0;1;0.3035;1;0.957;1;256;0.00;0.00
TEL2005605_13;MFD_SETNO13;42.727167;64.396667;273957;25;02-jul-05;14:59:33;31.66;5.868;5.6321;0.372147096774194;1;NaN;9;NaN;9;0.0295;1;0.399;1;1.1325;1;0;0.07;0.03
TEL2005605_13;MFD_SETNO13;42.727167;64.396667;273956;50;02-jul-05;14:59:33;32.165;4.247;5.2539;0.26581935483871;1;NaN;9;NaN;9;2.101;1;0.594;1;2.538;1;0;3.54;0.83
TEL2005605_13;MFD_SETNO13;42.727167;64.396667;273955;117;02-jul-05;14:59:33;33.81;6.676;3.9683;0.0270172903225806;1;33.83;1;5.349;7;11.134;1;0.934;1;7.484;1;256;11.92;1.49
TEL2005605_14;MFD_SETNO14;42.577167;64.448;273962;5;02-jul-05;17:35:56;31.38;11.467;4.5734;0.295354838709677;1;NaN;9;6.5975;7;0;1;0.3165;1;0.7505;1;256;0.00;0.00
TEL2005605_14;MFD_SETNO14;42.577167;64.448;273961;25;02-jul-05;17:35:56;31.963;5.642;5.6558;0.673409032258065;1;NaN;9;NaN;9;0;1;0.379;1;0.683;1;0;0.00;0.00
TEL2005605_14;MFD_SETNO14;42.577167;64.448;273960;50;02-jul-05;17:35:56;32.458;3.794;5.0614;0.348518709677419;1;NaN;9;NaN;9;5.399;1;0.785;1;4.3195;1;0;6.88;1.25
TEL2005605_14;MFD_SETNO14;42.577167;64.448;273959;383;02-jul-05;17:35:56;34.943;6.731;3.1812;NaN;9;35.027;7;4.2425;7;22.1165;1;1.4525;1;13.2305;1;256;15.23;1.67
TEL2005605_15;MFD_SETNO15;42.514333;64.779667;273966;5;02-jul-05;20:13:08;31.176;11.012;4.8385;0.372147096774193;1;NaN;9;6.794;7;0;1;0.3245;1;0.9115;1;256;0.00;0.00
TEL2005605_15;MFD_SETNO15;42.514333;64.779667;273965;25;02-jul-05;20:13:08;31.7;5.08;5.6262;0.886714838709677;1;NaN;9;NaN;9;0.3285;1;0.475;1;1.13;1;0;0.69;0.29
TEL2005605_15;MFD_SETNO15;42.514333;64.779667;273964;50;02-jul-05;20:13:08;32.365;4.716;5.2576;0.36624;1;NaN;9;NaN;9;0.6615;1;0.5095;1;1.6075;1;0;1.30;0.41
TEL2005605_15;MFD_SETNO15;42.514333;64.779667;273963;130;02-jul-05;20:13:08;34.524;8.356;3.4183;0.0270172903225806;1;34.569;1;4.594;7;16.6055;1;1.168;1;9.283;1;256;14.22;1.79
TEL2005605_16;MFD_SETNO16;42.5165;65.458333;273970;5;02-jul-05;23:53:01;32.098;11.49;5.044;0.525731612903226;1;NaN;9;6.717;7;0;1;0.2725;1;1.42;1;256;0.00;0.00
TEL2005605_16;MFD_SETNO16;42.5165;65.458333;273969;25;02-jul-05;23:53:01;32.772;7.818;5.003;1.29723096774194;1;NaN;9;NaN;9;3.32;1;0.541;1;3.292;1;0;6.14;1.01
TEL2005605_16;MFD_SETNO16;42.5165;65.458333;273968;50;02-jul-05;23:53:01;33.902;8.622;4.2446;0.230376774193548;1;NaN;9;NaN;9;8.1335;1;0.723;1;4.882;1;0;11.25;1.67
TEL2005605_16;MFD_SETNO16;42.5165;65.458333;273967;99;02-jul-05;23:53:01;34.212;9.23;3.9647;0.129956129032258;1;34.231;1;5.3405;7;10.706;1;0.8475;1;6.0535;1;256;12.63;1.77
TEL2005605_17;MFD_SETNO17;42.227667;65.453333;273974;5;03-jul-05;03:40:05;31.821;11.035;5.148;0.738929032258064;1;NaN;9;6.887;7;0;1;0.3155;1;1.3445;1;256;0.00;0.00
TEL2005605_17;MFD_SETNO17;42.227667;65.453333;273973;25;03-jul-05;03:40:05;32.316;9.212;5.2598;1.97047741935484;1;NaN;9;NaN;9;0.4425;1;0.387;1;2.051;1;0;1.14;0.22
TEL2005605_17;MFD_SETNO17;42.227667;65.453333;273972;50;03-jul-05;03:40:05;33.133;7.776;4.6815;0.472567741935484;1;NaN;9;NaN;9;6.7085;1;0.71;1;4.6485;1;0;9.45;1.44
TEL2005605_17;MFD_SETNO17;42.227667;65.453333;273971;116;03-jul-05;03:40:05;34.212;9.359;3.9639;0.106327741935484;1;34.238;1;5.24666666666667;7;10.543;1;0.853;1;5.9515;1;256;12.36;1.77
TEL2005605_18;MFD_SETNO18;42.285333;65.876333;273978;5;03-jul-05;06:39:54;31.983;11.927;4.9857;0.342611612903226;1;NaN;9;6.62366666666667;7;0;1;0.281;1;2.0515;1;256;0.00;0.00
TEL2005605_18;MFD_SETNO18;42.285333;65.876333;273977;25;03-jul-05;06:39:54;32.099;7.947;5.34;2.05258064516129;1;NaN;9;NaN;9;0.896;1;0.4255;1;2.5105;1;0;2.11;0.36
TEL2005605_18;MFD_SETNO18;42.285333;65.876333;273976;50;03-jul-05;06:39:54;32.424;5.783;4.9756;0.394095483870968;1;NaN;9;NaN;9;6.2235;1;0.7255;1;4.0265;1;0;8.58;1.55
TEL2005605_18;MFD_SETNO18;42.285333;65.876333;273975;223;03-jul-05;06:39:54;35.09;7.862;3.0692;NaN;9;35.164;1;4.14233333333333;7;21.941;1;1.391;1;12.3185;1;256;15.77;1.78
TEL2005605_19;MFD_SETNO19;42.536667;65.718167;273982;5;03-jul-05;09:23:37;31.699;8.897;5.4018;1.3629135483871;1;NaN;9;7.15533333333333;7;0;1;0.3615;1;1.6185;1;256;0.00;0.00
TEL2005605_19;MFD_SETNO19;42.536667;65.718167;273981;25;03-jul-05;09:23:37;32.538;7.733;5.3366;3.89105161290323;1;NaN;9;NaN;9;0.185;1;0.4285;1;2.0505;1;0;0.43;0.09
TEL2005605_19;MFD_SETNO19;42.536667;65.718167;273980;50;03-jul-05;09:23:37;34.047;8.771;4.0879;0.165398709677419;1;NaN;9;NaN;9;10.7025;1;0.8675;1;6.078;1;0;12.34;1.76
TEL2005605_19;MFD_SETNO19;42.536667;65.718167;273979;88;03-jul-05;09:23:37;34.33;9.487;3.8616;0.092871935483871;1;34.353;1;5.12266666666667;7;11.163;1;0.874;1;6.1605;1;256;12.77;1.81
TEL2005605_20;MFD_SETNO20;42.612667;65.8895;273986;5;03-jul-05;12:50:42;31.708;7.622;5.4838;1.77342967741935;1;NaN;9;7.26366666666667;7;0.004;1;0.3945;1;2.013;1;256;0.01;0.00
TEL2005605_20;MFD_SETNO20;42.612667;65.8895;273985;25;03-jul-05;12:50:42;31.846;5.871;5.377;0.607563870967742;1;NaN;9;NaN;9;4.1105;1;0.648;1;3.398;1;0;6.34;1.21
TEL2005605_20;MFD_SETNO20;42.612667;65.8895;273984;50;03-jul-05;12:50:42;32.115;4.61;5.1959;0.289447741935484;1;NaN;9;NaN;9;3.865;1;0.67;1;3.2805;1;0;5.77;1.18
TEL2005605_20;MFD_SETNO20;42.612667;65.8895;273983;85;03-jul-05;12:50:42;33.998;8.587;4.0473;0.118141935483871;1;34.023;1;5.364;7;10.414;1;0.8655;1;6.1935;1;256;12.03;1.68
TEL2005605_21;MFD_SETNO21;43.19;64.851833;273990;5;03-jul-05;19:34:37;30.748;11.428;4.7512;0.360332903225806;1;NaN;9;6.6015;7;0;1;0.267;1;0.82;1;256;0.00;0.00
TEL2005605_21;MFD_SETNO21;43.19;64.851833;273989;25;03-jul-05;19:34:37;31.112;6.89;5.6247;0.578895483870968;1;NaN;9;NaN;9;0;1;0.3465;1;0.8555;1;0;0.00;0.00
TEL2005605_21;MFD_SETNO21;43.19;64.851833;273988;50;03-jul-05;19:34:37;32.13;4.402;5.3422;0.389868387096774;1;NaN;9;NaN;9;1.001;1;0.5465;1;1.469;1;0;1.83;0.68
TEL2005605_21;MFD_SETNO21;43.19;64.851833;273987;125;03-jul-05;19:34:37;32.714;4.036;4.6609;0.0439030967741935;1;32.728;1;6.2415;7;7.8715;1;0.906;1;6.254;1;256;8.69;1.26
TEL2005605_22;MFD_SETNO22;42.860667;65.7185;273994;5;04-jul-05;01:24:02;31.493;10.508;5.1572;0.52546064516129;1;NaN;9;6.7565;7;0;1;0.3045;1;1.1295;1;256;0.00;0.00
TEL2005605_22;MFD_SETNO22;42.860667;65.7185;273993;25;04-jul-05;01:24:02;31.796;6.839;5.5237;1.74058838709677;1;NaN;9;NaN;9;0.2025;1;0.412;1;1.5255;1;0;0.49;0.13
TEL2005605_22;MFD_SETNO22;42.860667;65.7185;273992;50;04-jul-05;01:24:02;32.542;4.433;5.0105;0.254005161290323;1;NaN;9;NaN;9;5.0595;1;0.709;1;3.7555;1;0;7.14;1.35
TEL2005605_22;MFD_SETNO22;42.860667;65.7185;273991;101;04-jul-05;01:24:02;33.069;5.222;4.4789;0.0439030967741935;1;33.09;1;5.9495;7;8.227;1;0.874;1;6.139;1;256;9.41;1.34
TEL2005605_23;MFD_SETNO23;42.804667;65.8895;273998;5;04-jul-05;03:11:02;31.667;8.427;5.4242;1.46143741935484;1;NaN;9;7.27333333333333;7;0.0765;1;0.3725;1;2.174;1;256;0.21;0.04
TEL2005605_23;MFD_SETNO23;42.804667;65.8895;273997;25;04-jul-05;03:11:02;31.793;6.074;5.4073;0.607563870967742;1;NaN;9;NaN;9;2.672;1;0.5635;1;2.6985;1;0;4.74;0.99
TEL2005605_23;MFD_SETNO23;42.804667;65.8895;273996;50;04-jul-05;03:11:02;32.237;5.497;5.0611;0.271726451612903;1;NaN;9;NaN;9;4.9235;1;1.0845;1;3.723;1;0;4.54;1.32
TEL2005605_23;MFD_SETNO23;42.804667;65.8895;273995;88;04-jul-05;03:11:02;32.573;5.786;4.8302;0.206748387096774;1;32.685;7;6.37566666666667;7;5.6795;1;0.726;1;4.2595;1;256;7.82;1.33
TEL2005605_24;MFD_SETNO24;42.772833;65.999833;274204;5;04-jul-05;05:12:36;32.092;8.488;5.2384;1.3629135483871;1;NaN;9;7.083;7;0.276;1;0.3665;1;1.966;1;256;0.75;0.14
TEL2005605_24;MFD_SETNO24;42.772833;65.999833;274203;25;04-jul-05;05:12:36;31.983;7.599;5.4115;1.55996129032258;1;NaN;9;NaN;9;1.412;1;0.487;1;2.5395;1;0;2.90;0.56
TEL2005605_24;MFD_SETNO24;42.772833;65.999833;274202;50;04-jul-05;05:12:36;32.514;6.552;4.9141;0.437125161290323;1;NaN;9;NaN;9;4.7105;1;0.635;1;3.632;1;0;7.42;1.30
TEL2005605_24;MFD_SETNO24;42.772833;65.999833;274201;76;04-jul-05;05:12:36;32.515;6.557;4.9027;0.407589677419355;1;32.562;1;6.45166666666667;7;4.8775;1;0.6625;1;3.7375;1;256;7.36;1.31
TEL2005605_25;MFD_SETNO25;42.683;66.480167;274208;5;04-jul-05;08:47:44;31.565;8.046;5.4623;0.623984516129032;1;NaN;9;7.11;7;0.05;1;0.341;1;1.4955;1;256;0.15;0.03
TEL2005605_25;MFD_SETNO25;42.683;66.480167;274207;25;04-jul-05;08:47:44;32.077;4.68;5.2286;0.443357419354839;1;NaN;9;NaN;9;3.531;1;0.646;1;2.9965;1;0;5.47;1.18
TEL2005605_25;MFD_SETNO25;42.683;66.480167;274206;50;04-jul-05;08:47:44;33.523;7.395;4.3781;0.141770322580645;1;NaN;9;NaN;9;8.861;1;0.844;1;5.3415;1;0;10.50;1.66
TEL2005605_25;MFD_SETNO25;42.683;66.480167;274205;151;04-jul-05;08:47:44;34.762;10.346;3.6062;0.0219515483870967;1;34.786;1;4.81566666666667;7;12.778;1;0.9215;1;6.5655;1;256;13.87;1.95
TEL2005605_26;MFD_SETNO26;42.959333;66.722167;274212;5;04-jul-05;11:42:28;31.825;8.665;5.3567;1.93763612903226;1;NaN;9;7.09433333333333;7;0.17;1;0.3735;1;2.004;1;256;0.46;0.08
TEL2005605_26;MFD_SETNO26;42.959333;66.722167;274211;25;04-jul-05;11:42:28;32.095;6.838;5.2148;0.870294193548387;1;NaN;9;NaN;9;2.563;1;0.55;1;2.6835;1;0;4.66;0.96
TEL2005605_26;MFD_SETNO26;42.959333;66.722167;274210;50;04-jul-05;11:42:28;33.182;6.965;4.6165;0.18312;1;NaN;9;NaN;9;8.1565;1;0.7945;1;5.157;1;0;10.27;1.58
TEL2005605_26;MFD_SETNO26;42.959333;66.722167;274209;201;04-jul-05;11:42:28;34.628;9.423;3.563;0.0422145161290323;1;34.665;1;4.76833333333333;7;13.669;1;1.004;1;7.503;1;256;13.61;1.82
TEL2005605_27;MFD_SETNO27;42.818;66.694667;274216;5;04-jul-05;14:34:20;31.901;10.376;5.2172;0.640405161290323;1;NaN;9;6.8395;7;0;1;0.2825;1;1.7155;1;256;0.00;0.00
TEL2005605_27;MFD_SETNO27;42.818;66.694667;274215;25;04-jul-05;14:34:20;31.935;7.785;5.382;1.64206451612903;1;NaN;9;NaN;9;0.421;1;0.392;1;1.904;1;0;1.07;0.22
TEL2005605_27;MFD_SETNO27;42.818;66.694667;274214;50;04-jul-05;14:34:20;32.893;6.104;4.7376;0.426936774193548;1;NaN;9;NaN;9;6.12;1;0.7145;1;4.2295;1;0;8.57;1.45
TEL2005605_27;MFD_SETNO27;42.818;66.694667;274213;182;04-jul-05;14:34:20;34.748;9.987;3.5753;0.0455916774193548;1;34.767;1;4.7725;7;13.2445;1;0.9495;1;7.095;1;256;13.95;1.87
TEL2005605_28;MFD_SETNO28;42.343667;66.852;274220;5;04-jul-05;18:59:18;31.993;12.923;4.6237;0.541881290322581;1;NaN;9;6.637;7;0.011;1;0.3045;1;2.3855;1;256;0.04;0.00
TEL2005605_28;MFD_SETNO28;42.343667;66.852;274219;25;04-jul-05;18:59:18;32.068;7.838;5.3467;3.35435483870968;1;NaN;9;NaN;9;1.163;1;0.4445;1;2.5225;1;0;2.62;0.46
TEL2005605_28;MFD_SETNO28;42.343667;66.852;274218;50;04-jul-05;18:59:18;32.57;6.168;4.9071;0.394095483870968;1;NaN;9;NaN;9;5.456;1;0.691;1;3.7;1;0;7.90;1.47
TEL2005605_28;MFD_SETNO28;42.343667;66.852;274217;319;04-jul-05;18:59:18;34.993;7.762;3.274;NaN;9;35.011;1;4.383;7;20.081;1;1.3375;1;11.874;1;256;15.01;1.69
TEL2005605_29;MFD_SETNO29;42.566167;67.066667;274224;5;04-jul-05;22:22:37;32.212;11.772;5.1067;0.623984516129032;1;NaN;9;6.808;7;0;1;0.2785;1;2.0485;1;256;0.00;0.00
TEL2005605_29;MFD_SETNO29;42.566167;67.066667;274223;25;04-jul-05;22:22:37;32.472;9.105;5.5596;1.59280258064516;1;NaN;9;NaN;9;0.096;1;0.2885;1;1.9255;1;0;0.33;0.05
TEL2005605_29;MFD_SETNO29;42.566167;67.066667;274222;50;04-jul-05;22:22:37;32.714;8.35;5.3459;2.62730322580645;1;NaN;9;NaN;9;4.119;1;0.5595;1;3.901;1;0;7.36;1.06
TEL2005605_29;MFD_SETNO29;42.566167;67.066667;274221;308;04-jul-05;22:22:37;34.975;7.52;3.2477;NaN;9;34.996;1;4.3415;7;19.3555;1;1.2915;1;12.121;1;256;14.99;1.60
TEL2005605_30;MFD_SETNO30;42.643;67.189333;274228;5;05-jul-05;00:16:59;32.23;12.506;5.0268;0.574722580645161;1;NaN;9;6.7305;7;0.043;1;0.2695;1;2.069;1;256;0.16;0.02
TEL2005605_30;MFD_SETNO30;42.643;67.189333;274227;25;05-jul-05;00:16:59;32.577;6.966;5.0823;1.26438967741935;1;NaN;9;NaN;9;5.5985;1;0.6615;1;4.2965;1;0;8.46;1.30
TEL2005605_30;MFD_SETNO30;42.643;67.189333;274226;50;05-jul-05;00:16:59;33.306;6.349;4.4971;0.140588903225806;1;NaN;9;NaN;9;9.053;1;0.8075;1;6.2005;1;0;11.21;1.46
TEL2005605_30;MFD_SETNO30;42.643;67.189333;274225;267;05-jul-05;00:16:59;34.973;7.601;3.2751;NaN;9;35.002;1;4.3845;7;20.113;1;1.3345;1;12.9285;1;256;15.07;1.56
TEL2005605_31;MFD_SETNO31;42.574833;67.270333;274232;5;05-jul-05;02:24:52;32.045;11.954;5.2298;0.804611612903226;1;NaN;9;6.935;7;0.018;1;0.287;1;2.194;1;256;0.06;0.01
TEL2005605_31;MFD_SETNO31;42.574833;67.270333;274231;25;05-jul-05;02:24:52;32.272;8.638;5.4532;NaN;9;NaN;9;NaN;9;NaN;9;NaN;9;NaN;9;0;NaN;NaN
TEL2005605_31;MFD_SETNO31;42.574833;67.270333;274230;50;05-jul-05;02:24:52;33.258;6.743;4.5228;0.0878061935483871;1;NaN;9;NaN;9;9.1525;1;0.8035;1;6.2265;1;0;11.39;1.47
TEL2005605_31;MFD_SETNO31;42.574833;67.270333;274229;287;05-jul-05;02:24:52;34.981;7.648;3.3663;0.0135086451612903;1;35.011;1;4.478;7;19.465;1;1.264;1;12.938;1;256;15.40;1.50
TEL2005605_32;MFD_SETNO32;43.234167;67.485833;274236;5;05-jul-05;07:46:52;31.523;12.971;5.1736;0.502103225806452;1;NaN;9;6.77966666666667;7;0;1;0.2615;1;2.1815;1;256;0.00;0.00
TEL2005605_32;MFD_SETNO32;43.234167;67.485833;274235;25;05-jul-05;07:46:52;31.56;7.113;5.7146;1.72416774193548;1;NaN;9;NaN;9;0.9655;1;0.4285;1;2.7215;1;0;2.25;0.35
TEL2005605_32;MFD_SETNO32;43.234167;67.485833;274234;50;05-jul-05;07:46:52;31.957;5.594;5.1346;0.324890322580645;1;NaN;9;NaN;9;5.259;1;0.648;1;4.276;1;0;8.12;1.23
TEL2005605_32;MFD_SETNO32;43.234167;67.485833;274233;197;05-jul-05;07:46:52;34.191;7.411;3.7184;0.0219515483870968;1;34.208;1;4.95033333333333;7;14.3355;1;1.0555;1;11.547;1;256;13.58;1.24
TEL2005605_33;MFD_SETNO33;43.463667;67.2085;274240;5;05-jul-05;11:04:13;32.178;10.348;5.3577;1.01808;1;NaN;9;7.08333333333333;7;0;1;0.288;1;2.044;1;256;0.00;0.00
TEL2005605_33;MFD_SETNO33;43.463667;67.2085;274239;25;05-jul-05;11:04:13;32.327;8.657;5.3942;4.42774838709677;1;NaN;9;NaN;9;0.6135;1;0.3535;1;2.047;1;0;1.74;0.30
TEL2005605_33;MFD_SETNO33;43.463667;67.2085;274238;50;05-jul-05;11:04:13;32.848;7.152;4.8604;0.44893935483871;1;NaN;9;NaN;9;6.8915;1;0.7055;1;5.231;1;0;9.77;1.32
TEL2005605_33;MFD_SETNO33;43.463667;67.2085;274237;214;05-jul-05;11:04:13;34.576;8.698;3.5421;0.0168858064516129;1;34.612;1;4.71866666666667;7;15.087;1;1.06;1;9.8905;1;256;14.23;1.53
TEL2005605_34;MFD_SETNO34;43.728333;66.896167;274244;11;05-jul-05;14:43:52;31.684;10.026;5.3736;0.706087741935484;1;NaN;9;6.917;7;0.026;1;0.284;1;2.741;1;256;0.09;0.01
TEL2005605_34;MFD_SETNO34;43.728333;66.896167;274243;25;05-jul-05;14:43:52;32.201;7.378;5.2189;1.42859612903226;1;NaN;9;NaN;9;2.995;1;0.526;1;4.072;1;0;5.69;0.74
TEL2005605_34;MFD_SETNO34;43.728333;66.896167;274242;50;05-jul-05;14:43:52;32.501;6.431;4.9048;0.685223225806452;1;NaN;9;NaN;9;5.302;1;0.6285;1;4.543;1;0;8.44;1.17
TEL2005605_34;MFD_SETNO34;43.728333;66.896167;274241;158;05-jul-05;14:43:52;33.704;6.915;4.0417;0.0354601935483871;1;33.719;1;5.372;7;12.321;1;0.986;1;9.273;1;256;12.50;1.33
TEL2005605_36;MFD_SETNO36;43.745167;67.0155;274248;5;05-jul-05;17:49:09;32.249;10.617;4.7213;0.574722580645161;1;NaN;9;6.965;7;0.001;1;0.3475;1;2.509;1;256;0.00;0.00
TEL2005605_36;MFD_SETNO36;43.745167;67.0155;274247;25;05-jul-05;17:49:09;31.903;8.022;5.4378;1.31365161290323;1;NaN;9;NaN;9;2.412;1;0.4865;1;3.925;1;0;4.96;0.61
TEL2005605_36;MFD_SETNO36;43.745167;67.0155;274246;50;05-jul-05;17:49:09;32.789;5.654;4.6171;0.0726089677419355;1;NaN;9;NaN;9;8.576;1;0.816;1;6.6825;1;0;10.51;1.28
TEL2005605_36;MFD_SETNO36;43.745167;67.0155;274245;153;05-jul-05;17:49:09;33.795;7.034;3.9853;0.0270172903225807;1;33.818;1;5.4575;7;12.7245;1;1.0295;1;9.555;1;256;12.36;1.33
TEL2005605_37;MFD_SETNO37;43.685167;67.327333;274252;5;05-jul-05;21:29:38;32.11;10.343;5.4905;1.00165935483871;1;NaN;9;7.2355;7;0.027;1;0.32;1;2.5355;1;256;0.08;0.01
TEL2005605_37;MFD_SETNO37;43.685167;67.327333;274251;25;05-jul-05;21:29:38;32.156;6.678;5.1306;0.708851612903226;1;NaN;9;NaN;9;4.2945;1;0.6205;1;4.449;1;0;6.92;0.97
TEL2005605_37;MFD_SETNO37;43.685167;67.327333;274250;50;05-jul-05;21:29:38;32.706;6.438;4.73;0.129956129032258;1;NaN;9;NaN;9;7.571;1;0.765;1;6.0785;1;0;9.90;1.25
TEL2005605_37;MFD_SETNO37;43.685167;67.327333;274249;207;05-jul-05;21:29:38;34.446;8.442;3.6333;0.0253287096774194;1;34.457;1;4.947;7;12.5905;1;0.951;1;8.762;1;256;13.24;1.44
TEL2005605_38;MFD_SETNO38;44.049333;67.191833;274256;5;06-jul-05;00:42:59;31.809;10.795;5.267;NaN;9;NaN;9;NaN;9;NaN;9;NaN;9;NaN;9;0;NaN;NaN
TEL2005605_38;MFD_SETNO38;44.049333;67.191833;274255;25;06-jul-05;00:42:59;31.967;7.902;5.3711;NaN;9;NaN;9;NaN;9;NaN;9;NaN;9;NaN;9;0;NaN;NaN
TEL2005605_38;MFD_SETNO38;44.049333;67.191833;274254;50;06-jul-05;00:42:59;32.327;6.72;4.9647;0.413496774193548;1;NaN;9;NaN;9;5.2765;1;0.639;1;5.16;1;0;8.26;1.02
TEL2005605_38;MFD_SETNO38;44.049333;67.191833;274253;154;06-jul-05;00:42:59;33.913;7.009;3.8191;0.023640129032258;1;33.923;1;5.21;7;14.097;1;1.0975;1;12.1075;1;256;12.84;1.16
TEL2005605_39;MFD_SETNO39;44.287833;66.733;274260;5;06-jul-05;03:53:05;31.637;8.338;5.1588;1.42859612903226;1;NaN;9;7.076;7;2.495;1;0.502;1;3.6445;1;256;4.97;0.68
TEL2005605_39;MFD_SETNO39;44.287833;66.733;274259;25;06-jul-05;03:53:05;31.705;7.302;5.229;1.11660387096774;1;NaN;9;NaN;9;3.9235;1;0.583;1;4.279;1;0;6.73;0.92
TEL2005605_39;MFD_SETNO39;44.287833;66.733;274258;50;06-jul-05;03:53:05;31.806;6.769;5.1059;0.49261935483871;1;NaN;9;NaN;9;4.8225;1;0.6225;1;4.773;1;0;7.75;1.01
TEL2005605_39;MFD_SETNO39;44.287833;66.733;274257;183;06-jul-05;03:53:05;33.694;6.788;3.9865;0.0253287096774194;1;33.708;1;5.40533333333333;7;12.839;1;1.0215;1;10.657;1;256;12.57;1.20
TEL2005605_40;MFD_SETNO40;44.689667;65.8635;274264;5;06-jul-05;09:59:45;31.511;7.764;4.9604;0.821032258064516;1;NaN;9;6.88133333333333;7;3.5705;1;0.611;1;3.186;1;256;5.84;1.12
TEL2005605_40;MFD_SETNO40;44.689667;65.8635;274263;25;06-jul-05;09:59:45;31.518;7.579;5.1142;0.755349677419355;1;NaN;9;NaN;9;3.199;1;0.5355;1;2.677;1;0;5.97;1.19
TEL2005605_40;MFD_SETNO40;44.689667;65.8635;274262;50;06-jul-05;09:59:45;31.526;7.549;5.1119;0.837452903225807;1;NaN;9;NaN;9;3.251;1;0.562;1;3.2545;1;0;5.78;1.00
TEL2005605_40;MFD_SETNO40;44.689667;65.8635;274261;74;06-jul-05;09:59:45;31.53;7.533;5.1066;NaN;9;NaN;9;NaN;9;NaN;9;NaN;9;NaN;9;0;NaN;NaN
TEL2005605_41;MFD_SETNO41;44.9305;65.869;274268;5;06-jul-05;13:48:44;31.702;9.048;4.8823;3.22018064516129;1;NaN;9;7.137;7;0.9215;1;0.43;1;1.525;1;256;2.14;0.60
TEL2005605_41;MFD_SETNO41;44.9305;65.869;274267;25;06-jul-05;13:48:44;32.11;6.772;4.3163;0.886714838709677;1;NaN;9;NaN;9;3.7865;1;0.5895;1;3.161;1;0;6.42;1.20
TEL2005605_41;MFD_SETNO41;44.9305;65.869;274266;50;06-jul-05;13:48:44;31.627;6.514;5.033;0.52546064516129;1;NaN;9;NaN;9;4.584;1;0.652;1;3.731;1;0;7.03;1.23
TEL2005605_41;MFD_SETNO41;44.9305;65.869;274265;92;06-jul-05;13:48:44;31.647;6.435;5.0403;0.49261935483871;1;31.665;1;6.751;7;4.717;1;0.659;1;3.916;1;256;7.16;1.20
TEL2005605_43;MFD_SETNO43;45.182167;65.514333;274272;5;06-jul-05;18:04:08;31.5;8;5.046;1.80627096774194;1;NaN;9;7.018;7;3.169;1;0.564;1;1.789;1;256;5.62;1.77
TEL2005605_43;MFD_SETNO43;45.182167;65.514333;274271;25;06-jul-05;18:04:08;31.4;7.873;3.8309;1.92121548387097;1;NaN;9;NaN;9;3.447;1;0.5765;1;1.861;1;0;5.98;1.85
TEL2005605_43;MFD_SETNO43;45.182167;65.514333;274270;50;06-jul-05;18:04:08;31.352;7.832;5.224;1.90479483870968;1;NaN;9;NaN;9;3.266;1;0.55;1;1.6135;1;0;5.94;2.02
TEL2005605_43;MFD_SETNO43;45.182167;65.514333;274269;69;06-jul-05;18:04:08;31.351;7.831;5.256;2.34804838709677;1;31.362;1;7.0005;7;3.484;1;0.5835;1;1.7575;1;256;5.97;1.98
TEL2005605_44;MFD_SETNO44;45.152667;65.768667;274276;5;06-jul-05;20:24:11;31.156;8.664;4.5298;1.80627096774194;1;NaN;9;7.0265;7;3.5655;1;0.5535;1;1.769;1;256;6.44;2.02
TEL2005605_44;MFD_SETNO44;45.152667;65.768667;274275;25;06-jul-05;20:24:11;31.279;8.395;4.1328;1.8719535483871;1;NaN;9;NaN;9;3.78;1;0.585;1;1.944;1;0;6.46;1.94
TEL2005605_44;MFD_SETNO44;45.152667;65.768667;274274;50;06-jul-05;20:24:11;31.261;8.025;5.2339;1.55996129032258;1;NaN;9;NaN;9;3.4145;1;0.5505;1;2.0025;1;0;6.20;1.71
TEL2005605_44;MFD_SETNO44;45.152667;65.768667;274273;71;06-jul-05;20:24:11;31.263;8.008;5.253;1.74058838709677;1;31.274;1;6.956;7;3.772;1;0.594;1;2.1855;1;256;6.35;1.73
TEL2005605_45;MFD_SETNO45;45.044167;65.9335;274280;5;06-jul-05;22:08:52;31.465;9.959;4.9331;2.72582709677419;1;NaN;9;7.3005;7;0.452;1;0.3855;1;1.5795;1;256;1.17;0.29
TEL2005605_45;MFD_SETNO45;45.044167;65.9335;274279;25;06-jul-05;22:08:52;32.572;7.19;4.4393;0.985238709677419;1;NaN;9;NaN;9;2.6495;1;0.4995;1;2.403;1;0;5.30;1.10
TEL2005605_45;MFD_SETNO45;45.044167;65.9335;274278;50;06-jul-05;22:08:52;31.587;6.546;5.1032;0.935976774193548;1;NaN;9;NaN;9;3.003;1;0.5295;1;2.5315;1;0;5.67;1.19
TEL2005605_45;MFD_SETNO45;45.044167;65.9335;274277;90;06-jul-05;22:08:52;31.588;6.51;5.1017;0.853873548387097;1;31.611;1;6.8335;7;4.184;1;0.633;1;3.648;1;256;6.61;1.15
TEL2005605_46;MFD_SETNO46;45.0875;66.131;274284;5;07-jul-05;00:01:40;30.628;8.969;4.6187;1.59280258064516;1;NaN;9;7.0185;7;3.825;1;0.563;1;2.74;1;256;6.79;1.40
TEL2005605_46;MFD_SETNO46;45.0875;66.131;274283;25;07-jul-05;00:01:40;31.264;8.064;5.196;1.74058838709677;1;NaN;9;NaN;9;3.467;1;0.575;1;2.352;1;0;6.03;1.47
TEL2005605_46;MFD_SETNO46;45.0875;66.131;274282;50;07-jul-05;00:01:40;31.442;7.055;5.1805;0.935976774193548;1;NaN;9;NaN;9;4.025;1;0.631;1;3.0285;1;0;6.38;1.33
TEL2005605_46;MFD_SETNO46;45.0875;66.131;274281;79;07-jul-05;00:01:40;31.582;6.464;5.0808;0.656825806451613;1;31.596;1;6.784;7;4.61;1;0.6845;1;4.1005;1;256;6.73;1.12
TEL2005605_48;MFD_SETNO48;45.024667;66.305333;274288;5;07-jul-05;02:56:04;30.682;9.784;4.891;1.85553290322581;1;NaN;9;7.14333333333333;7;2.1025;1;0.4705;1;2.721;1;256;4.47;0.77
TEL2005605_48;MFD_SETNO48;45.024667;66.305333;274287;25;07-jul-05;02:56:04;31.886;6.833;4.5567;0.706087741935484;1;NaN;9;NaN;9;4.097;1;0.628;1;3.4515;1;0;6.52;1.19
TEL2005605_48;MFD_SETNO48;45.024667;66.305333;274286;50;07-jul-05;02:56:04;31.565;6.478;5.081;0.558301935483871;1;NaN;9;NaN;9;4.4525;1;0.6525;1;3.926;1;0;6.82;1.13
TEL2005605_48;MFD_SETNO48;45.024667;66.305333;274285;93;07-jul-05;02:56:04;31.937;5.633;4.8939;0.541881290322581;1;31.944;1;6.56333333333333;7;6.7645;1;0.829;1;5.902;1;256;8.16;1.15
TEL2005605_49;MFD_SETNO49;44.952833;66.048;274292;5;07-jul-05;05:14:18;31.241;10.512;4.5826;1.39575483870968;1;NaN;9;7.15333333333333;7;0.0535;1;0.2625;1;0.768;1;256;0.20;0.07
TEL2005605_49;MFD_SETNO49;44.952833;66.048;274291;25;07-jul-05;05:14:18;31.506;7.661;5.5106;5.76949032258065;1;NaN;9;NaN;9;2.2365;1;0.5065;1;2.1645;1;0;4.42;1.03
TEL2005605_49;MFD_SETNO49;44.952833;66.048;274290;50;07-jul-05;05:14:18;31.914;5.79;4.9453;0.318983225806452;1;NaN;9;NaN;9;6.376;1;0.732;1;5.56;1;0;8.71;1.15
TEL2005605_49;MFD_SETNO49;44.952833;66.048;274289;111;07-jul-05;05:14:18;31.947;5.676;4.9073;0.212655483870968;1;31.959;1;6.53966666666667;7;6.6745;1;0.7565;1;6.157;1;256;8.82;1.08
TEL2005605_50;MFD_SETNO50;44.826833;66.269167;274296;5;07-jul-05;08:01:52;31.377;9.456;4.8983;NaN;9;NaN;9;NaN;9;NaN;9;NaN;9;NaN;9;0;NaN;NaN
TEL2005605_50;MFD_SETNO50;44.826833;66.269167;274295;25;07-jul-05;08:01:52;31.683;6.454;5.0446;0.952397419354839;1;NaN;9;NaN;9;5.1315;1;0.634;1;3.764;1;0;8.09;1.36
TEL2005605_50;MFD_SETNO50;44.826833;66.269167;274294;50;07-jul-05;08:01:52;31.876;5.978;4.9593;0.478474838709677;1;NaN;9;NaN;9;5.9985;1;0.697;1;4.6475;1;0;8.61;1.29
TEL2005605_50;MFD_SETNO50;44.826833;66.269167;274293;121;07-jul-05;08:01:52;32.194;5.574;4.7846;0.147677419354839;1;32.39;7;6.41066666666667;7;6.9995;1;0.778;1;5.763;1;256;9.00;1.21
TEL2005605_52;MFD_SETNO52;44.657;66.309;274300;5;07-jul-05;16:08:19;31.677;8.281;4.8622;2.82435096774194;1;NaN;9;7.17;7;1.1285;1;0.412;1;1.3665;1;256;2.74;0.83
TEL2005605_52;MFD_SETNO52;44.657;66.309;274299;25;07-jul-05;16:08:19;31.886;6.761;4.7585;NaN;9;NaN;9;NaN;9;NaN;9;NaN;9;NaN;9;0;NaN;NaN
TEL2005605_52;MFD_SETNO52;44.657;66.309;274298;50;07-jul-05;16:08:19;31.799;6.281;4.9922;0.567081290322581;1;NaN;9;NaN;9;6.0365;1;0.705;1;4.441;1;0;8.56;1.36
TEL2005605_52;MFD_SETNO52;44.657;66.309;274297;133;07-jul-05;16:08:19;33.012;6.206;4.3749;0.129956129032258;1;33.02;1;5.848;7;10.0145;1;0.9285;1;7.5525;1;256;10.79;1.33
TEL2005605_53;MFD_SETNO53;44.121667;66.4215;274304;5;07-jul-05;21:24:26;32.116;7.606;4.6708;0.623984516129032;1;NaN;9;6.6595;7;3.757;1;0.607;1;3.4595;1;256;6.19;1.09
TEL2005605_53;MFD_SETNO53;44.121667;66.4215;274303;25;07-jul-05;21:24:26;31.799;7.392;4.0507;0.476198709677419;1;NaN;9;NaN;9;4.3775;1;0.6385;1;3.902;1;0;6.86;1.12
TEL2005605_53;MFD_SETNO53;44.121667;66.4215;274302;50;07-jul-05;21:24:26;31.869;7.175;4.9199;0.443357419354839;1;NaN;9;NaN;9;4.5265;1;0.63;1;3.9915;1;0;7.18;1.13
TEL2005605_53;MFD_SETNO53;44.121667;66.4215;274301;79;07-jul-05;21:24:26;31.96;7.029;4.8872;0.476198709677419;1;31.971;1;6.4905;7;5.066;1;0.6805;1;4.419;1;256;7.44;1.15
TEL2005605_54;MFD_SETNO54;43.882667;66.649333;274308;5;08-jul-05;00:25:47;31.92;7.561;4.8552;0.791550967741935;1;NaN;9;6.807;7;2.614;1;0.548;1;3.5935;1;256;4.77;0.73
TEL2005605_54;MFD_SETNO54;43.882667;66.649333;274307;25;08-jul-05;00:25:47;32.151;6.727;4.1177;NaN;9;NaN;9;NaN;9;NaN;9;NaN;9;NaN;9;0;NaN;NaN
TEL2005605_54;MFD_SETNO54;43.882667;66.649333;274306;50;08-jul-05;00:25:47;32.211;6.438;4.8765;0.254005161290323;1;NaN;9;NaN;9;5.3645;1;0.717;1;5.111;1;0;7.48;1.05
TEL2005605_54;MFD_SETNO54;43.882667;66.649333;274305;100;08-jul-05;00:25:47;32.77;6.375;4.5736;0.171305806451613;1;32.735;1;6.108;7;7.8145;1;0.8065;1;6.0995;1;256;9.69;1.28
TEL2005605_55;MFD_SETNO55;43.285333;65.315167;274312;5;09-jul-05;02:10:40;31.23;12.905;4.2365;0.395775483870968;1;NaN;9;6.519;7;0;1;0.3365;1;2.1225;1;256;0.00;0.00
TEL2005605_55;MFD_SETNO55;43.285333;65.315167;274311;25;09-jul-05;02:10:40;31.594;6.338;5.4215;0.919556129032258;1;NaN;9;NaN;9;0.4605;1;0.502;1;2.543;1;0;0.92;0.18
TEL2005605_55;MFD_SETNO55;43.285333;65.315167;274310;50;09-jul-05;02:10:40;32.286;5.208;5.2776;0.459778064516129;1;NaN;9;NaN;9;1.2305;1;0.5435;1;2.789;1;0;2.26;0.44
TEL2005605_55;MFD_SETNO55;43.285333;65.315167;274309;122;09-jul-05;02:10:40;32.943;4.866;4.4736;0.0455916774193548;1;32.959;1;6.06933333333333;7;8.228;1;0.915;1;7.5125;1;256;8.99;1.10
TEL2005605_56;MFD_SETNO56;43.034833;65.405333;274316;5;09-jul-05;05:40:54;31.583;12.003;4.3797;0.437125161290323;1;NaN;9;6.60233333333333;7;0;1;0.3425;1;2.1775;1;256;0.00;0.00
TEL2005605_56;MFD_SETNO56;43.034833;65.405333;274315;25;09-jul-05;05:40:54;31.417;11.808;4.9978;0.50904;1;NaN;9;NaN;9;0;1;0.351;1;2.273;1;0;0.00;0.00
TEL2005605_56;MFD_SETNO56;43.034833;65.405333;274314;50;09-jul-05;05:40:54;32.139;6.021;5.4413;1.57638193548387;1;NaN;9;NaN;9;0.0285;1;0.433;1;2.9305;1;0;0.07;0.01
TEL2005605_56;MFD_SETNO56;43.034833;65.405333;274313;118;09-jul-05;05:40:54;33.033;5.13;4.437;0.0320830322580645;1;33.164;7;6.008;7;8.354;1;0.9235;1;7.6785;1;256;9.05;1.09
TEL2005605_58;MFD_SETNO58;42.907333;65.484833;274320;5;09-jul-05;10:14:56;31.536;11.943;4.506;0.50904;1;NaN;9;6.76466666666667;7;0;1;0.3355;1;2.3935;1;256;0.00;0.00
TEL2005605_58;MFD_SETNO58;42.907333;65.484833;274319;25;09-jul-05;10:14:56;32.219;6.578;5.2838;1.64206451612903;1;NaN;9;NaN;9;0.1545;1;0.513;1;3.158;1;0;0.30;0.05
TEL2005605_58;MFD_SETNO58;42.907333;65.484833;274318;50;09-jul-05;10:14:56;32.429;4.313;4.9836;0.106327741935484;1;NaN;9;NaN;9;4.783;1;0.757;1;4.94;1;0;6.32;0.97
TEL2005605_58;MFD_SETNO58;42.907333;65.484833;274317;131;09-jul-05;10:14:56;33.033;5.09;4.4028;0.0185743870967742;1;33.141;7;6.00666666666667;7;8.315;1;0.915;1;7.924;1;256;9.09;1.05
TEL2005605_59;MFD_SETNO59;42.684833;65.645833;274324;5;09-jul-05;12:46:26;31.618;11.706;4.6841;0.44893935483871;1;NaN;9;6.80933333333333;7;0;1;0.353;1;2.4335;1;256;0.00;0.00
TEL2005605_59;MFD_SETNO59;42.684833;65.645833;274323;25;09-jul-05;12:46:26;32.338;7.393;5.157;1.42859612903226;1;NaN;9;NaN;9;0.561;1;0.514;1;3.1465;1;0;1.09;0.18
TEL2005605_59;MFD_SETNO59;42.684833;65.645833;274322;50;09-jul-05;12:46:26;32.678;4.846;4.7954;0.0827404516129032;1;NaN;9;NaN;9;5.89;1;0.749;1;5.524;1;0;7.86;1.07
TEL2005605_59;MFD_SETNO59;42.684833;65.645833;274321;92;09-jul-05;12:46:26;32.812;4.903;4.6202;0.056858064516129;1;32.854;1;6.25466666666667;7;7.1505;1;0.8555;1;6.428;1;256;8.36;1.11
TEL2005605_60;MFD_SETNO60;42.626333;65.916667;274328;5;09-jul-05;14:38:54;32.008;11.871;4.6119;0.689667096774194;1;NaN;9;6.672;7;0;1;0.359;1;2.636;1;256;0.00;0.00
TEL2005605_60;MFD_SETNO60;42.626333;65.916667;274327;25;09-jul-05;14:38:54;32.069;8.402;5.1708;1.34649290322581;1;NaN;9;NaN;9;0;1;0.422;1;2.602;1;0;0.00;0.00
TEL2005605_60;MFD_SETNO60;42.626333;65.916667;274326;50;09-jul-05;14:38:54;32.403;4.842;4.9716;0.129956129032258;1;NaN;9;NaN;9;5.4315;1;0.739;1;5.2865;1;0;7.35;1.03
TEL2005605_60;MFD_SETNO60;42.626333;65.916667;274325;82;09-jul-05;14:38:54;32.597;4.767;4.776;0.092871935483871;1;32.62;1;6.442;7;6.0625;1;0.791;1;5.706;1;256;7.66;1.06
TEL2005605_61;MFD_SETNO61;42.5865;66.048333;274332;5;09-jul-05;17:20:20;31.865;12.188;4.5884;0.623984516129032;1;NaN;9;6.544;7;0;1;0.348;1;2.5545;1;256;0.00;0.00
TEL2005605_61;MFD_SETNO61;42.5865;66.048333;274331;25;09-jul-05;17:20:20;33.663;5.491;4.7784;1.29723096774194;1;NaN;9;NaN;9;1.6995;1;0.573;1;3.569;1;0;2.97;0.48
TEL2005605_61;MFD_SETNO61;42.5865;66.048333;274330;50;09-jul-05;17:20:20;32.61;5.372;4.7569;0.113134903225806;1;34.365;7;NaN;9;5.3915;1;0.7005;1;5.048;1;256;7.70;1.07
TEL2005605_61;MFD_SETNO61;42.5865;66.048333;274329;81;09-jul-05;17:20:20;33.339;7.103;4.3454;0.0894947741935484;1;33.334;1;5.8535;7;7.895;1;0.8;1;6.325;1;256;9.87;1.25
TEL2005605_500;MFD_SETNO500;42.501333;65.743;274336;5;09-jul-05;22:10:18;32.084;13.014;4.3959;0.591143225806452;1;NaN;9;6.554;7;0;1;0.335;1;2.52;1;256;0.00;0.00
TEL2005605_500;MFD_SETNO500;42.501333;65.743;274335;25;09-jul-05;22:10:18;32.4;8.985;5.4513;2.08542193548387;1;NaN;9;NaN;9;0.0385;1;0.4035;1;2.548;1;0;0.10;0.02
TEL2005605_500;MFD_SETNO500;42.501333;65.743;274334;50;09-jul-05;22:10:18;33.791;8.465;4.2786;0.135863225806452;1;NaN;9;NaN;9;10.4455;1;0.876;1;7.0925;1;0;11.92;1.47
TEL2005605_500;MFD_SETNO500;42.501333;65.743;274333;86;09-jul-05;22:10:18;34.336;9.648;3.8113;0.0979376774193549;1;34.365;1;5.106;7;11.3375;1;0.8925;1;7.3605;1;256;12.70;1.54
TEL2005605_63;MFD_SETNO63;42.237833;65.819667;274340;5;10-jul-05;01:32:53;31.953;13.526;4.4159;0.50904;1;NaN;9;6.391;7;0;1;0.272;1;2.675;1;256;0.00;0.00
TEL2005605_63;MFD_SETNO63;42.237833;65.819667;274339;25;10-jul-05;01:32:53;32.035;9.995;5.2669;1.47785806451613;1;NaN;9;NaN;9;0;1;0.366;1;2.8715;1;0;0.00;0.00
TEL2005605_63;MFD_SETNO63;42.237833;65.819667;274338;50;10-jul-05;01:32:53;32.212;6.695;5.1322;1.24796903225806;1;NaN;9;NaN;9;2.6895;1;0.541;1;4.161;1;0;4.97;0.65
TEL2005605_63;MFD_SETNO63;42.237833;65.819667;274337;224;10-jul-05;01:32:53;35.066;7.476;3.1097;0.0168858064516129;1;35.091;1;4.216;7;21.5405;1;1.3945;1;13.2555;1;256;15.45;1.63
TEL2005605_64;MFD_SETNO64;42.247667;65.460333;274344;5;10-jul-05;04:24:11;32.391;11.474;4.597;0.870294193548387;1;NaN;9;6.80866666666667;7;0;1;0.3195;1;2.296;1;256;0.00;0.00
TEL2005605_64;MFD_SETNO64;42.247667;65.460333;274343;25;10-jul-05;04:24:11;33.641;14.623;4.6435;1.60922322580645;1;NaN;9;NaN;9;0.126;1;0.291;1;2.163;1;0;0.43;0.06
TEL2005605_64;MFD_SETNO64;42.247667;65.460333;274342;50;10-jul-05;04:24:11;32.953;7.977;4.7952;0.106327741935484;1;NaN;9;NaN;9;4.445;1;0.611;1;4.506;1;0;7.27;0.99
TEL2005605_64;MFD_SETNO64;42.247667;65.460333;274341;112;10-jul-05;04:24:11;34.022;8.8;3.9762;0.109757741935484;1;34.034;1;5.311;7;10.213;1;0.8475;1;6.962;1;256;12.05;1.47
TEL2005605_65;MFD_SETNO65;42.287;65.3485;274348;5;10-jul-05;06:07:49;32.475;11.351;4.625;1.13302451612903;1;NaN;9;6.84633333333333;7;0.012;1;0.3305;1;2.3435;1;256;0.04;0.01
TEL2005605_65;MFD_SETNO65;42.287;65.3485;274347;25;10-jul-05;06:07:49;32.416;9.599;5.0506;2.2003664516129;1;NaN;9;NaN;9;0.4085;1;0.428;1;2.7175;1;0;0.95;0.15
TEL2005605_65;MFD_SETNO65;42.287;65.3485;274346;50;10-jul-05;06:07:49;33.059;7.31;4.6444;0.389868387096774;1;NaN;9;NaN;9;7.536;1;0.758;1;6.1895;1;0;9.94;1.22
TEL2005605_65;MFD_SETNO65;42.287;65.3485;274345;117;10-jul-05;06:07:49;34.375;9.271;3.7034;0.0776747096774194;1;34.584;7;4.97266666666667;7;12.53;1;0.933;1;8.114;1;256;13.43;1.54
TEL2005605_66;MFD_SETNO66;42.530333;65.449667;274352;5;10-jul-05;08:44:47;32.17;11.603;4.6251;0.98523870967742;1;NaN;9;6.671;7;0;1;0.328;1;2.8555;1;256;0.00;0.00
TEL2005605_66;MFD_SETNO66;42.530333;65.449667;274351;25;10-jul-05;08:44:47;32.215;9.218;5.1201;1.51069935483871;1;NaN;9;NaN;9;1.557;1;0.4645;1;3.6245;1;0;3.35;0.43
TEL2005605_66;MFD_SETNO66;42.530333;65.449667;274350;50;10-jul-05;08:44:47;33.331;7.607;4.5487;1.41217548387097;1;NaN;9;NaN;9;6.15;1;0.7275;1;5.4745;1;0;8.45;1.12
TEL2005605_66;MFD_SETNO66;42.530333;65.449667;274349;96;10-jul-05;08:44:47;34.011;8.8;3.9999;0.121577806451613;1;34.089;1;5.38666666666667;7;10.695;1;0.887;1;7.312;1;256;12.06;1.46
TEL2005605_67;MFD_SETNO67;42.676167;65.394333;274356;5;10-jul-05;10:38:02;32.52;11.218;4.2071;0.513917419354839;1;NaN;9;6.69533333333333;7;0;1;0.31;1;2.032;1;256;0.00;0.00
TEL2005605_67;MFD_SETNO67;42.676167;65.394333;274355;25;10-jul-05;10:38:02;33.386;8.509;4.4272;2.66014451612903;1;NaN;9;NaN;9;1.2995;1;0.536;1;3.3035;1;0;2.42;0.39
TEL2005605_67;MFD_SETNO67;42.676167;65.394333;274354;50;10-jul-05;10:38:02;33.328;6.784;4.3983;0.064166064516129;1;NaN;9;NaN;9;8.8365;1;0.8355;1;6.599;1;0;10.58;1.34
TEL2005605_67;MFD_SETNO67;42.676167;65.394333;274353;90;10-jul-05;10:38:02;33.38;6.937;4.3069;0.0506574193548387;1;33.413;1;5.77833333333333;7;9.08;1;0.8605;1;6.837;1;256;10.55;1.33
TEL2005605_68;MFD_SETNO68;42.679833;65.304667;274360;5;10-jul-05;13:06:07;32.206;12.918;4.3574;0.722508387096774;1;NaN;9;6.945;7;0;1;0.3315;1;2.359;1;256;0.00;0.00
TEL2005605_68;MFD_SETNO68;42.679833;65.304667;274359;25;10-jul-05;13:06:07;32.44;8.48;5.3224;2.66014451612903;1;NaN;9;NaN;9;0.552;1;0.459;1;2.341;1;0;1.20;0.24
TEL2005605_68;MFD_SETNO68;42.679833;65.304667;274358;50;10-jul-05;13:06:07;32.8;5.061;4.7481;0.0591003225806452;1;NaN;9;NaN;9;6.0005;1;0.7565;1;5.0925;1;0;7.93;1.18
TEL2005605_68;MFD_SETNO68;42.679833;65.304667;274357;96;10-jul-05;13:06:07;32.915;5.413;4.6345;0.0489688387096774;1;33.023;7;6.26566666666667;7;7.082;1;0.819;1;6.01;1;256;8.65;1.18
TEL2005605_69;MFD_SETNO69;42.811667;65.313667;274364;5;10-jul-05;15:12:34;32.107;12.304;4.3138;0.555267096774194;1;NaN;9;6.618;7;0;1;0.3095;1;1.919;1;256;0.00;0.00
TEL2005605_69;MFD_SETNO69;42.811667;65.313667;274363;25;10-jul-05;15:12:34;32.029;11;4.9966;0.702944516129032;1;NaN;9;NaN;9;0;1;0.3505;1;2.087;1;0;0.00;0.00
TEL2005605_69;MFD_SETNO69;42.811667;65.313667;274362;50;10-jul-05;15:12:34;32.485;4.636;5.0391;0.248098064516129;1;NaN;9;NaN;9;4.1345;1;0.7035;1;4.001;1;0;5.88;1.03
TEL2005605_69;MFD_SETNO69;42.811667;65.313667;274361;128;10-jul-05;15:12:34;33.097;5.614;4.4125;0.0354601935483871;1;33.11;1;5.989;7;7.7115;1;0.828;1;6.559;1;256;9.31;1.18
TEL2005605_70;MFD_SETNO70;42.8225;65.195333;274368;5;10-jul-05;16:50:00;31.824;12.815;4.4789;0.413496774193548;1;NaN;9;6.5335;7;0;1;0.2945;1;1.752;1;256;0.00;0.00
TEL2005605_70;MFD_SETNO70;42.8225;65.195333;274367;25;10-jul-05;16:50:00;31.755;7.454;5.3091;1.08376258064516;1;NaN;9;NaN;9;0.002;1;0.39;1;1.6255;1;0;0.01;0.00
TEL2005605_70;MFD_SETNO70;42.8225;65.195333;274366;50;10-jul-05;16:50:00;32.266;4.442;5.206;0.419403870967742;1;NaN;9;NaN;9;2.6165;1;0.6405;1;2.94;1;0;4.09;0.89
TEL2005605_70;MFD_SETNO70;42.8225;65.195333;274365;125;10-jul-05;16:50:00;32.95;5.344;4.533;0.040525935483871;1;32.973;1;6.118;7;7.721;1;0.848;1;6.7185;1;256;9.10;1.15
TEL2005605_71;MFD_SETNO71;42.761333;64.933833;274372;5;10-jul-05;18:48:17;31.342;12.718;4.3401;0.602523870967742;1;NaN;9;6.574;7;0;1;0.2985;1;1.2785;1;256;0.00;0.00
TEL2005605_71;MFD_SETNO71;42.761333;64.933833;274371;25;10-jul-05;18:48:17;31.426;6.703;5.4879;0.791550967741935;1;NaN;9;NaN;9;0;1;0.385;1;1.679;1;0;0.00;0.00
TEL2005605_71;MFD_SETNO71;42.761333;64.933833;274370;50;10-jul-05;18:48:17;32.087;4.351;5.3107;0.555267096774194;1;NaN;9;NaN;9;1.6095;1;0.618;1;2.377;1;0;2.60;0.68
TEL2005605_71;MFD_SETNO71;42.761333;64.933833;274369;107;10-jul-05;18:48:17;32.862;4.831;4.6245;0.0282167741935484;1;32.882;1;6.267;7;6.7135;1;0.784;1;5.542;1;256;8.56;1.21
TEL2005605_72;MFD_SETNO72;42.897833;64.972167;274376;5;10-jul-05;20:47:30;31.286;12.702;4.4109;0.667501935483871;1;NaN;9;6.6515;7;0;1;0.35;1;1.4505;1;256;0.00;0.00
TEL2005605_72;MFD_SETNO72;42.897833;64.972167;274375;25;10-jul-05;20:47:30;33.793;4.878;4.5957;1.00165935483871;1;NaN;9;NaN;9;0.002;1;0.4165;1;2.046;1;0;0.00;0.00
TEL2005605_72;MFD_SETNO72;42.897833;64.972167;274374;50;10-jul-05;20:47:30;32.203;4.241;5.2022;0.342611612903226;1;NaN;9;NaN;9;1.955;1;0.58;1;2.3545;1;0;3.37;0.83
TEL2005605_72;MFD_SETNO72;42.897833;64.972167;274373;93;10-jul-05;20:47:30;32.592;4.637;4.8446;0.0624774838709677;1;32.604;1;6.531;7;5.434;1;0.7505;1;5.109;1;256;7.24;1.06
TEL2005605_74;MFD_SETNO74;42.929833;64.773667;274380;5;10-jul-05;23:32:46;31.022;12.944;4.3403;0.348518709677419;1;NaN;9;6.489;7;0;1;0.3045;1;1.3325;1;256;0.00;0.00
TEL2005605_74;MFD_SETNO74;42.929833;64.773667;274379;25;10-jul-05;23:32:46;31.396;8.854;5.1675;0.608430967741936;1;NaN;9;NaN;9;0;1;0.3705;1;1.354;1;0;0.00;0.00
TEL2005605_74;MFD_SETNO74;42.929833;64.773667;274378;50;10-jul-05;23:32:46;32.139;4.171;5.2822;0.184055290322581;1;NaN;9;NaN;9;3.0405;1;0.6625;1;3.411;1;0;4.59;0.89
TEL2005605_74;MFD_SETNO74;42.929833;64.773667;274377;89;10-jul-05;23:32:46;32.28;4.084;5.0383;0.0675432258064516;1;32.291;1;6.8295;7;3.8995;1;0.705;1;4.1585;1;256;5.53;0.94
TEL2005605_75;MFD_SETNO75;42.711667;64.836;274384;5;11-jul-05;01:42:07;31.094;12.223;4.4686;0.437125161290323;1;NaN;9;6.5725;7;0.017;1;0.3075;1;1.342;1;256;0.06;0.01
TEL2005605_75;MFD_SETNO75;42.711667;64.836;274383;25;11-jul-05;01:42:07;33.233;5.241;4.9226;0.773829677419355;1;NaN;9;NaN;9;0.0615;1;0.4345;1;1.737;1;0;0.14;0.04
TEL2005605_75;MFD_SETNO75;42.711667;64.836;274382;50;11-jul-05;01:42:07;32.245;3.675;5.0744;0.26581935483871;1;NaN;9;NaN;9;3.3965;1;0.6745;1;3.547;1;0;5.04;0.96
TEL2005605_75;MFD_SETNO75;42.711667;64.836;274381;110;11-jul-05;01:42:07;33.153;5.209;4.3284;0.0388373548387097;1;33.162;1;5.886;7;9.4505;1;0.91;1;7.344;1;256;10.39;1.29
TEL2005605_76;MFD_SETNO76;42.5215;64.738333;274388;5;11-jul-05;04:44:13;31.196;14.056;4.012;0.289447741935484;1;NaN;9;6.21833333333333;7;0;1;0.305;1;0.807;1;256;0.00;0.00
TEL2005605_76;MFD_SETNO76;42.5215;64.738333;274387;25;11-jul-05;04:44:13;32.336;10.037;5.2985;0.791550967741935;1;NaN;9;NaN;9;0;1;0.4155;1;1.322;1;0;0.00;0.00
TEL2005605_76;MFD_SETNO76;42.5215;64.738333;274386;50;11-jul-05;04:44:13;32.844;7.09;5.1336;0.679316129032258;1;NaN;9;NaN;9;2.273;1;0.589;1;3.1755;1;0;3.86;0.72
TEL2005605_76;MFD_SETNO76;42.5215;64.738333;274385;132;11-jul-05;04:44:13;34.638;8.571;3.2707;0.0224451612903226;1;34.651;1;4.45433333333333;7;16.966;1;1.1685;1;10.0435;1;256;14.52;1.69
TEL2005605_77;MFD_SETNO77;42.5775;64.483;274392;5;11-jul-05;07:10:11;31.445;14.497;4.1802;0.253287096774194;1;NaN;9;6.128;7;0;1;0.302;1;0.9415;1;256;0.00;0.00
TEL2005605_77;MFD_SETNO77;42.5775;64.483;274391;25;11-jul-05;07:10:11;32.74;8.168;5.2717;1.03450064516129;1;NaN;9;NaN;9;0.009;1;0.3305;1;1.811;1;0;0.03;0.00
TEL2005605_77;MFD_SETNO77;42.5775;64.483;274390;50;11-jul-05;07:10:11;33.267;6.655;4.6478;0.431218064516129;1;NaN;9;NaN;9;4.886;1;0.6715;1;3.985;1;0;7.28;1.23
TEL2005605_77;MFD_SETNO77;42.5775;64.483;274389;262;11-jul-05;07:10:11;35.02;6.852;3.1184;0.00897806451612903;1;35.095;1;4.246;7;22.2395;1;1.752;1;13.5595;1;256;12.69;1.64
TEL2005605_78;MFD_SETNO78;42.731167;64.376167;274396;5;11-jul-05;10:10:55;31.044;13.34;4.254;0.324890322580645;1;NaN;9;6.33966666666667;7;0;1;0.2935;1;0.7955;1;256;0.00;0.00
TEL2005605_78;MFD_SETNO78;42.731167;64.376167;274395;25;11-jul-05;10:10:55;32.471;6.053;5.3078;0.968818064516129;1;NaN;9;NaN;9;0;1;0.505;1;1.549;1;0;0.00;0.00
TEL2005605_78;MFD_SETNO78;42.731167;64.376167;274394;50;11-jul-05;10:10:55;33.08;6.642;4.8063;0.797458064516129;1;NaN;9;NaN;9;1.422;1;0.5605;1;2.5165;1;0;2.54;0.57
TEL2005605_78;MFD_SETNO78;42.731167;64.376167;274393;117;11-jul-05;10:10:55;34.529;9.516;3.6621;0.0314232258064516;1;34.568;1;4.935;7;11.755;1;1.0255;1;6.7615;1;256;11.46;1.74
TEL2005605_79;MFD_SETNO79;42.949667;64.206333;274400;5;11-jul-05;12:41:15;31.169;12.71;4.3368;0.383961290322581;1;NaN;9;6.40166666666667;7;0;1;0.279;1;0.7435;1;256;0.00;0.00
TEL2005605_79;MFD_SETNO79;42.949667;64.206333;274399;25;11-jul-05;12:41:15;31.68;6.531;5.4641;0.903135483870968;1;NaN;9;NaN;9;0.039;1;0.4485;1;1.1985;1;0;0.09;0.03
TEL2005605_79;MFD_SETNO79;42.949667;64.206333;274398;50;11-jul-05;12:41:15;32.15;4.127;5.1933;0.401682580645161;1;NaN;9;NaN;9;2.4115;1;0.6545;1;2.597;1;0;3.68;0.93
TEL2005605_79;MFD_SETNO79;42.949667;64.206333;274397;99;11-jul-05;12:41:15;33.127;4.997;4.3683;0.0359122580645161;1;33.16;1;5.932;7;9.1695;1;1.1045;1;7.1855;1;256;8.30;1.28
TEL2005605_80;MFD_SETNO80;43.463167;64.781833;274404;5;11-jul-05;17:11:55;31.168;12.48;4.4414;0.572988387096774;1;NaN;9;6.404;7;0;1;0.3325;1;0.974;1;256;0.00;0.00
TEL2005605_80;MFD_SETNO80;43.463167;64.781833;274403;25;11-jul-05;17:11:55;33.542;6.344;4.2658;3.75687741935484;1;NaN;9;NaN;9;0;1;0.467;1;1.067;1;0;0.00;0.00
TEL2005605_80;MFD_SETNO80;43.463167;64.781833;274402;50;11-jul-05;17:11:55;31.809;4.435;5.3273;0.336704516129032;1;NaN;9;NaN;9;1.349;1;0.5975;1;1.963;1;0;2.26;0.69
TEL2005605_80;MFD_SETNO80;43.463167;64.781833;274401;90;11-jul-05;17:11:55;32.375;4.389;4.9373;0.0911833548387097;1;32.376;1;6.68266666666667;7;4.142;1;0.8125;1;4.13;1;256;5.10;1.00
TEL2005605_81;MFD_SETNO81;43.475333;64.586167;274408;5;11-jul-05;18:48:12;30.87;12.19;4.5253;0.360332903225806;1;NaN;9;6.531;7;0;1;0.3145;1;1.018;1;256;0.00;0.00
TEL2005605_81;MFD_SETNO81;43.475333;64.586167;274407;25;11-jul-05;18:48:12;31.805;7.54;5.2419;0.73248;1;NaN;9;NaN;9;0;1;0.3725;1;1.2635;1;0;0.00;0.00
TEL2005605_81;MFD_SETNO81;43.475333;64.586167;274406;50;11-jul-05;18:48:12;32.12;4.332;5.1431;0.124954967741936;1;NaN;9;NaN;9;2.6655;1;0.683;1;3.013;1;0;3.90;0.88
TEL2005605_81;MFD_SETNO81;43.475333;64.586167;274405;84;11-jul-05;18:48:12;32.424;4.336;4.9049;0.0894947741935484;1;32.401;1;6.694;7;4.48;1;0.848;1;4.252;1;256;5.28;1.05
TEL2005605_82;MFD_SETNO82;43.8335;64.3345;274412;5;11-jul-05;21:58:33;30.439;13.572;4.1814;0.431218064516129;1;NaN;9;6.3445;7;0;1;0.275;1;0.8395;1;256;0.00;0.00
TEL2005605_82;MFD_SETNO82;43.8335;64.3345;274411;25;11-jul-05;21:58:33;31.845;4.841;5.313;0.519824516129032;1;NaN;9;NaN;9;0;1;0.4535;1;0.9005;1;0;0.00;0.00
TEL2005605_82;MFD_SETNO82;43.8335;64.3345;274410;50;11-jul-05;21:58:33;31.761;3.415;5.4288;0.508010322580645;1;NaN;9;NaN;9;1.467;1;0.572;1;1.9785;1;0;2.56;0.74
TEL2005605_82;MFD_SETNO82;43.8335;64.3345;274409;128;11-jul-05;21:58:33;33.267;4.944;3.9115;0.0371487741935484;1;33.267;1;5.313;7;10.3695;1;1.211;1;11.177;1;256;8.56;0.93
TEL2005605_83;MFD_SETNO83;43.939167;64.186667;274416;5;11-jul-05;23:25:11;30.53;13.861;4.271;0.378054193548387;1;NaN;9;6.243;7;0;1;0.2655;1;0.8275;1;256;0.00;0.00
TEL2005605_83;MFD_SETNO83;43.939167;64.186667;274415;25;11-jul-05;23:25:11;32.433;4.473;4.7515;0.667501935483871;1;NaN;9;NaN;9;0.367;1;0.5225;1;1.673;1;0;0.70;0.22
TEL2005605_83;MFD_SETNO83;43.939167;64.186667;274414;50;11-jul-05;23:25:11;31.923;3.554;5.1934;0.28354064516129;1;NaN;9;NaN;9;2.872;1;0.7165;1;3.83;1;0;4.01;0.75
TEL2005605_83;MFD_SETNO83;43.939167;64.186667;274413;142;11-jul-05;23:25:11;33.633;5.858;3.5632;0.0320645161290323;1;33.64;1;4.816;7;11.937;1;1.2955;1;12.1855;1;256;9.21;0.98
TEL2005605_84;MFD_SETNO84;43.7795;63.860333;274420;5;12-jul-05;04:54:40;31.185;14.522;4.0601;0.295354838709677;1;NaN;9;6.35733333333333;7;0;1;0.262;1;0.603;1;256;0.00;0.00
TEL2005605_84;MFD_SETNO84;43.7795;63.860333;274419;25;12-jul-05;04:54:40;31.835;3.927;5.3782;0.413496774193548;1;NaN;9;NaN;9;0.9085;1;0.631;1;1.165;1;0;1.44;0.78
TEL2005605_84;MFD_SETNO84;43.7795;63.860333;274418;50;12-jul-05;04:54:40;32.236;2.517;4.9362;0.162103741935484;1;NaN;9;NaN;9;7.258;1;0.9285;1;6.499;1;0;7.82;1.12
TEL2005605_84;MFD_SETNO84;43.7795;63.860333;274417;233;12-jul-05;04:54:40;34.725;8.742;2.3877;0.0153909677419355;1;34.774;1;3.27533333333333;1;19.871;1;1.6995;1;18.893;1;0;11.69;1.05
TEL2005605_85;MFD_SETNO85;43.936833;63.683833;274424;5;12-jul-05;07:00:12;31.77;14.866;3.9142;0.248098064516129;1;NaN;9;6.02366666666667;7;0;1;0.305;1;0.9245;1;256;0.00;0.00
TEL2005605_85;MFD_SETNO85;43.936833;63.683833;274423;25;12-jul-05;07:00:12;32.4;8.637;5.3472;0.472567741935484;1;NaN;9;NaN;9;0;1;0.3345;1;1.335;1;0;0.00;0.00
TEL2005605_85;MFD_SETNO85;43.936833;63.683833;274422;50;12-jul-05;07:00:12;32.522;5.43;5.2899;0.921507096774194;1;NaN;9;NaN;9;1.0165;1;0.457;1;1.954;1;0;2.22;0.52
TEL2005605_85;MFD_SETNO85;43.936833;63.683833;274421;196;12-jul-05;07:00:12;34.774;9.109;2.6284;0.00705419354838709;1;34.836;1;3.58466666666667;1;18.543;1;1.5115;1;15.1895;1;0;12.27;1.22
