CTD;CTD;CTD;CTD;CTD;CTD;CTD;CTD;CTD;CTD;CTD;labo;labo;labo;labo;labo;labo;labo;labo;labo;labo;labo;labo;labo;calc;calc
Fichier;Station;Latitude;Longitude;Echantillon;zbouteille;Date;Heure;PSAL;TEMP_XX;DOXY;CHL_01;Q_CHL;PSAL_BS;Q_PSAL;OXY_03;Q_OXY;NOx_01;Q_NOX;PO4_01;Q_PO4;Si_01;Q_Si;QCFF;N_P;N_Si
(nom);(nom/no);(degres);(degres);(no_unique);(dbar);(jj-mmm-yyyy);(GMT);(psu);(celsius);(ml/l);(mg/m**3);((none));(PSU);((none));(ml/l);((none));(mmol/m**3);((none));(mmol/m**3);((none));(mmol/m**3);((none));((none));((none));((none))
TEL2006615_1;MFD_SETNO1;44.583833;-61.804333;287786;6;05-mar-06;06:55:49;31.589;1.2137;5.85053;7.37958064516129;1;31.609;1;7.8095;7;2.5405;1;0.592;1;3.0475;1;256;4.29;0.83
TEL2006615_1;MFD_SETNO1;44.583833;-61.804333;287785;25;05-mar-06;06:55:49;31.794;2.116;5.76075;3.62270322580645;1;NaN;9;NaN;9;1.753;1;0.5325;1;1.4195;1;0;3.29;1.23
TEL2006615_1;MFD_SETNO1;44.583833;-61.804333;287784;50;05-mar-06;06:55:49;31.968;3.173;5.45352;2.16752516129032;1;NaN;9;NaN;9;2.1105;1;0.567;1;1.056;1;0;3.72;2.00
TEL2006615_1;MFD_SETNO1;44.583833;-61.804333;287783;154;05-mar-06;06:55:49;34.295;8.2945;2.84979;0.0303944516129032;1;34.291;1;3.9175;7;15.3035;1;1.3025;1;14.603;1;256;11.75;1.05
TEL2006615_2;MFD_SETNO2;44.652667;-61.593833;287790;5;05-mar-06;09:00:01;30.817;-0.6433;5.86616;0.36624;1;30.828;1;7.9685;7;6.7345;1;0.885;1;8.633;1;256;7.61;0.78
TEL2006615_2;MFD_SETNO2;44.652667;-61.593833;287789;24;05-mar-06;09:00:01;31.089;0.0341;5.75901;0.496196129032258;1;NaN;9;NaN;9;6.4425;1;0.868;1;7.4595;1;0;7.42;0.86
TEL2006615_2;MFD_SETNO2;44.652667;-61.593833;287788;48;05-mar-06;09:00:01;31.66;1.8328;5.38512;0.155349419354839;1;NaN;9;NaN;9;6.5855;1;0.882;1;6.8965;1;0;7.47;0.95
TEL2006615_2;MFD_SETNO2;44.652667;-61.593833;287787;150;05-mar-06;09:00:01;34.289;8.1584;2.79367;0.040525935483871;1;34.286;1;3.845;7;15.7875;1;1.3435;1;15.834;1;256;11.75;1.00
TEL2006615_3;MFD_SETNO3;44.8135;-61.646333;287794;5;05-mar-06;12:16:22;30.743;-0.5264;5.84035;0.36624;1;30.755;1;7.954;7;5.8555;1;0.7985;1;7.5705;1;256;7.33;0.77
TEL2006615_3;MFD_SETNO3;44.8135;-61.646333;287793;25;05-mar-06;12:16:22;30.749;-0.5204;5.84111;0.378054193548387;1;NaN;9;NaN;9;6.8205;1;0.899;1;8.8585;1;0;7.59;0.77
TEL2006615_3;MFD_SETNO3;44.8135;-61.646333;287792;50;05-mar-06;12:16:22;31.252;0.7295;5.63136;0.168858064516129;1;NaN;9;NaN;9;6.69;1;0.8785;1;7.723;1;0;7.62;0.87
TEL2006615_3;MFD_SETNO3;44.8135;-61.646333;287791;130;05-mar-06;12:16:22;33.431;5.5988;3.79151;0.0607889032258064;1;33.153;7;5.325;7;11.2165;1;1.138;1;11.986;1;256;9.86;0.94
TEL2006615_4;MFD_SETNO4;44.736833;-60.659;287798;6;05-mar-06;17:49:58;31.337;0.4558;5.75278;0.567081290322581;1;31.352;1;7.7205;7;6.049;1;0.854;1;6.9975;1;256;7.08;0.86
TEL2006615_4;MFD_SETNO4;44.736833;-60.659;287797;26;05-mar-06;17:49:58;31.341;0.4471;5.74374;0.567081290322581;1;NaN;9;NaN;9;5.942;1;0.8555;1;6.843;1;0;6.95;0.87
TEL2006615_4;MFD_SETNO4;44.736833;-60.659;287796;49;05-mar-06;17:49:58;31.933;1.9911;5.17205;0.192498193548387;1;NaN;9;NaN;9;6.6535;1;0.8925;1;7.147;1;0;7.45;0.93
TEL2006615_4;MFD_SETNO4;44.736833;-60.659;287795;164;05-mar-06;17:49:58;32.718;3.0051;4.3455;0.040525935483871;1;32.733;1;5.871;7;9.8;1;1.0995;1;10.911;1;256;8.91;0.90
TEL2006615_5;MFD_SETNO5;44.834667;-60.498;287802;5;05-mar-06;20:26:53;31.428;0.6045;5.7002;0.555267096774194;1;31.447;1;7.7135;7;5.729;1;0.824;1;6.3985;1;256;6.95;0.90
TEL2006615_5;MFD_SETNO5;44.834667;-60.498;287801;25;05-mar-06;20:26:53;31.429;0.5958;5.70924;0.543452903225806;1;NaN;9;NaN;9;6.0975;1;0.855;1;6.7565;1;0;7.13;0.90
TEL2006615_5;MFD_SETNO5;44.834667;-60.498;287800;50;05-mar-06;20:26:53;31.649;1.3919;5.54749;0.44893935483871;1;NaN;9;NaN;9;6.1295;1;0.8565;1;6.6655;1;0;7.16;0.92
TEL2006615_5;MFD_SETNO5;44.834667;-60.498;287799;210;05-mar-06;20:26:53;32.806;3.0025;4.34229;0.0474554838709677;1;32.808;1;5.871;7;10.709;1;1.151;1;11.238;1;256;9.30;0.95
TEL2006615_6;MFD_SETNO6;44.925;-60.641833;287806;6;05-mar-06;22:55:36;31.015;-0.4748;5.86;0.543452903225806;1;31.024;1;7.9255;7;6.431;1;0.898;1;7.8085;1;256;7.16;0.82
TEL2006615_6;MFD_SETNO6;44.925;-60.641833;287805;25;05-mar-06;22:55:36;31.034;-0.4467;5.85678;0.496196129032258;1;NaN;9;NaN;9;6.3055;1;0.8675;1;7.4365;1;0;7.27;0.85
TEL2006615_6;MFD_SETNO6;44.925;-60.641833;287804;50;05-mar-06;22:55:36;31.477;1.0048;5.57934;0.271726451612903;1;NaN;9;NaN;9;6.2675;1;0.875;1;6.68;1;0;7.16;0.94
TEL2006615_6;MFD_SETNO6;44.925;-60.641833;287803;147;05-mar-06;22:55:36;32.685;2.8726;4.4109;0.030781935483871;1;32.681;1;6.006;7;9.3375;1;1.0685;1;9.7205;1;256;8.74;0.96
TEL2006615_8;MFD_SETNO8;45.133833;-60.239;287810;5;06-mar-06;02:03:37;31.111;-0.448;5.81397;0.519824516129032;1;31.12;1;7.8585;7;6.7065;1;0.9035;1;8.157;1;256;7.42;0.82
TEL2006615_8;MFD_SETNO8;45.133833;-60.239;287809;25;06-mar-06;02:03:37;31.111;-0.4407;5.83438;0.496196129032258;1;NaN;9;NaN;9;6.7055;1;0.9075;1;7.953;1;0;7.39;0.84
TEL2006615_8;MFD_SETNO8;45.133833;-60.239;287808;50;06-mar-06;02:03:37;31.729;1.3388;5.43181;0.145217935483871;1;NaN;9;NaN;9;6.9595;1;0.9085;1;6.9865;1;0;7.66;1.00
TEL2006615_8;MFD_SETNO8;45.133833;-60.239;287807;82;06-mar-06;02:03:37;32.278;1.9002;4.99313;0.0607889032258065;1;32.214;1;6.795;7;7.7635;1;0.9715;1;7.8595;1;256;7.99;0.99
TEL2006615_9;MFD_SETNO9;44.819833;-59.835167;287814;5;06-mar-06;05:57:24;31.561;0.626;5.67471;0.508010322580645;1;31.57;1;7.6275;7;5.7145;1;0.812;1;6.059;1;256;7.04;0.94
TEL2006615_9;MFD_SETNO9;44.819833;-59.835167;287813;25;06-mar-06;05:57:24;31.589;0.6741;5.67323;0.543452903225806;1;NaN;9;NaN;9;5.769;1;0.8325;1;6.2005;1;0;6.93;0.93
TEL2006615_9;MFD_SETNO9;44.819833;-59.835167;287812;50;06-mar-06;05:57:24;32.123;2.3114;5.08258;0.158726580645161;1;NaN;9;NaN;9;7.99;1;1.0175;1;8.2715;1;0;7.85;0.97
TEL2006615_9;MFD_SETNO9;44.819833;-59.835167;287811;231;06-mar-06;05:57:24;33.355;4.0701;4.07666;0.0294993548387097;1;33.346;1;5.475;7;12.849;1;1.21;1;12.6455;1;256;10.62;1.02
TEL2006615_10;MFD_SETNO10;44.678167;-60.092;287818;5;06-mar-06;08:40:10;31.584;0.7166;5.71435;1.05092129032258;1;31.592;1;7.74;7;5.658;1;0.813;1;6.0995;1;256;6.96;0.93
TEL2006615_10;MFD_SETNO10;44.678167;-60.092;287817;26;06-mar-06;08:40:10;31.936;1.7908;5.58184;3.75687741935484;1;NaN;9;NaN;9;5.164;1;0.8005;1;4.9285;1;0;6.45;1.05
TEL2006615_10;MFD_SETNO10;44.678167;-60.092;287816;51;06-mar-06;08:40:10;31.977;1.8404;5.60778;4.56192258064516;1;NaN;9;NaN;9;4.514;1;0.773;1;4.184;1;0;5.84;1.08
TEL2006615_10;MFD_SETNO10;44.678167;-60.092;287815;99;06-mar-06;08:40:10;32.914;3.3732;4.44904;0.307169032258065;1;NaN;9;7.5215;7;10.728;1;1.1145;1;10.179;1;256;9.63;1.05
TEL2006615_11;MFD_SETNO11;44.347667;-60.087;287822;5;06-mar-06;12:01:00;31.822;1.4344;5.59385;1.34649290322581;1;31.818;1;7.583;7;5.653;1;0.827;1;5.8645;1;256;6.84;0.96
TEL2006615_11;MFD_SETNO11;44.347667;-60.087;287821;26;06-mar-06;12:01:00;31.823;1.4374;5.59564;1.57638193548387;1;NaN;9;NaN;9;5.6665;1;0.8395;1;5.798;1;0;6.75;0.98
TEL2006615_11;MFD_SETNO11;44.347667;-60.087;287820;51;06-mar-06;12:01:00;31.915;1.9959;5.48927;1.08376258064516;1;NaN;9;NaN;9;6.2695;1;0.884;1;6.0445;1;0;7.09;1.04
TEL2006615_11;MFD_SETNO11;44.347667;-60.087;287819;107;06-mar-06;12:01:00;33.458;4.257;4.12663;0.200841290322581;1;33.42;1;5.673;7;11.5495;1;1.0645;1;10.002;1;256;10.85;1.15
TEL2006615_12;MFD_SETNO12;44.252833;-60.1975;287826;6;06-mar-06;13:39:36;31.87;1.5947;5.58332;1.77342967741935;1;31.878;1;7.563;7;5.44;1;0.817;1;5.5685;1;256;6.66;0.98
TEL2006615_12;MFD_SETNO12;44.252833;-60.1975;287825;26;06-mar-06;13:39:36;31.874;1.593;5.59877;2.56162064516129;1;NaN;9;NaN;9;5.2645;1;0.8125;1;5.3255;1;0;6.48;0.99
TEL2006615_12;MFD_SETNO12;44.252833;-60.1975;287824;51;06-mar-06;13:39:36;32.052;1.9678;5.56111;4.96444516129032;1;NaN;9;NaN;9;4.123;1;0.764;1;3.6445;1;0;5.40;1.13
TEL2006615_12;MFD_SETNO12;44.252833;-60.1975;287823;102;06-mar-06;13:39:36;33.422;4.258;4.08671;0.111446322580645;1;33.399;1;5.6005;7;12.8075;1;1.1815;1;11.907;1;256;10.84;1.08
TEL2006615_13;MFD_SETNO13;44.097167;-60.302167;287830;6;06-mar-06;15:32:33;31.915;1.9613;5.53198;4.42774838709677;1;31.918;1;7.696;7;3.708;1;0.711;1;3.3965;1;256;5.22;1.09
TEL2006615_13;MFD_SETNO13;44.097167;-60.302167;287829;26;06-mar-06;15:32:33;31.918;1.928;5.60394;5.50114193548387;1;NaN;9;NaN;9;3.372;1;0.659;1;2.9325;1;0;5.12;1.15
TEL2006615_13;MFD_SETNO13;44.097167;-60.302167;287828;50;06-mar-06;15:32:33;31.951;1.9578;5.58188;4.294;1;NaN;9;NaN;9;4.8915;1;0.797;1;4.4395;1;0;6.14;1.10
TEL2006615_13;MFD_SETNO13;44.097167;-60.302167;287827;62;06-mar-06;15:32:33;32.689;3.3918;4.37788;0.567081290322581;1;32.575;7;6.252;7;8.896;1;0.996;1;8.952;1;256;8.93;0.99
TEL2006615_14;MFD_SETNO14;44.1975;-60.7085;287834;5;06-mar-06;18:13:11;31.612;1.1235;5.68255;0.985238709677419;1;31.623;1;7.647;7;5.499;1;0.82;1;6.08;1;256;6.71;0.90
TEL2006615_14;MFD_SETNO14;44.1975;-60.7085;287833;25;06-mar-06;18:13:11;31.705;1.1907;5.63783;1.8719535483871;1;NaN;9;NaN;9;5.498;1;0.8205;1;5.6115;1;0;6.70;0.98
TEL2006615_14;MFD_SETNO14;44.1975;-60.7085;287832;49;06-mar-06;18:13:11;32.087;2.2592;5.30338;2.03616;1;NaN;9;NaN;9;6.8795;1;0.892;1;6.3655;1;0;7.71;1.08
TEL2006615_14;MFD_SETNO14;44.1975;-60.7085;287831;65;06-mar-06;18:13:11;32.977;3.9152;4.23444;0.175612387096774;1;32.982;1;5.7485;7;10.775;1;1.105;1;10.8215;1;256;9.75;1.00
TEL2006615_15;MFD_SETNO15;44.376667;-60.761;287838;5;06-mar-06;20:24:50;31.456;0.9644;5.78142;1.83911225806452;1;31.463;1;7.7655;7;4.842;1;0.79;1;5.7235;1;256;6.13;0.85
TEL2006615_15;MFD_SETNO15;44.376667;-60.761;287837;26;06-mar-06;20:24:50;31.554;0.9551;5.69986;1.83911225806452;1;NaN;9;NaN;9;5.287;1;0.794;1;5.9385;1;0;6.66;0.89
TEL2006615_15;MFD_SETNO15;44.376667;-60.761;287836;51;06-mar-06;20:24:50;31.964;2.1884;5.39256;1.74058838709677;1;NaN;9;NaN;9;6.128;1;0.8945;1;5.936;1;0;6.85;1.03
TEL2006615_15;MFD_SETNO15;44.376667;-60.761;287835;97;06-mar-06;20:24:50;32.774;3.3493;4.43682;0.175612387096774;1;32.769;1;6.0335;7;10.3605;1;1.134;1;10.513;1;256;9.14;0.99
TEL2006615_16;MFD_SETNO16;44.393333;-61.290667;287842;6;07-mar-06;00:21:31;31.37;0.5561;5.73535;0.637966451612903;1;31.384;1;4.096;7;5.0245;1;0.7925;1;5.901;1;256;6.34;0.85
TEL2006615_16;MFD_SETNO16;44.393333;-61.290667;287841;25;07-mar-06;00:21:31;31.396;0.6173;5.73144;1.01808;1;NaN;9;NaN;9;5.603;1;0.8465;1;6.4465;1;0;6.62;0.87
TEL2006615_16;MFD_SETNO16;44.393333;-61.290667;287840;49;07-mar-06;00:21:31;31.904;2.2207;5.37148;0.307169032258065;1;NaN;9;NaN;9;6.822;1;0.9425;1;7.0165;1;0;7.24;0.97
TEL2006615_16;MFD_SETNO16;44.393333;-61.290667;287839;153;07-mar-06;00:21:31;34.248;8.385;2.90799;0.0607889032258064;1;34.195;1;7.566;7;14.628;1;1.2525;1;14.0585;1;256;11.68;1.04
TEL2006615_17;MFD_SETNO17;44.397333;-61.5345;287846;6;07-mar-06;02:20:34;31.367;0.5441;5.70225;1.57638193548387;1;31.38;1;7.814;7;5.3475;1;0.829;1;6.627;1;256;6.45;0.81
TEL2006615_17;MFD_SETNO17;44.397333;-61.5345;287845;26;07-mar-06;02:20:34;31.539;1.1178;5.81505;6.84288387096774;1;NaN;9;NaN;9;3.3975;1;0.707;1;3.813;1;0;4.81;0.89
TEL2006615_17;MFD_SETNO17;44.397333;-61.5345;287844;50;07-mar-06;02:20:34;32.33;4.5673;5.07428;0.821032258064516;1;NaN;9;NaN;9;3.757;1;0.7025;1;2.5175;1;0;5.35;1.49
TEL2006615_17;MFD_SETNO17;44.397333;-61.5345;287843;183;07-mar-06;02:20:34;34.54;8.6678;2.63479;0.0179561290322581;1;34.533;1;3.6485;7;16.824;1;1.3755;1;16.167;1;256;12.23;1.04
TEL2006615_18;MFD_SETNO18;44.1695;-61.816;287850;6;07-mar-06;05:18:28;31.555;1.2729;5.85038;4.83027096774194;1;31.569;1;7.852;7;2.6825;1;0.62;1;3.3545;1;256;4.33;0.80
TEL2006615_18;MFD_SETNO18;44.1695;-61.816;287849;25;07-mar-06;05:18:28;31.758;2.0325;5.77191;4.29357419354839;1;NaN;9;NaN;9;2.769;1;0.639;1;2.656;1;0;4.33;1.04
TEL2006615_18;MFD_SETNO18;44.1695;-61.816;287848;50;07-mar-06;05:18:28;32.902;4.436;4.19653;0.131709290322581;1;NaN;9;NaN;9;10.8215;1;1.1315;1;11.0435;1;0;9.56;0.98
TEL2006615_18;MFD_SETNO18;44.1695;-61.816;287847;115;07-mar-06;05:18:28;34.233;8.2133;3.00027;0.0269341935483871;1;34.224;1;4.047;7;13.5705;1;1.202;1;12.438;1;256;11.29;1.09
TEL2006615_19;MFD_SETNO19;43.947833;-61.671333;287854;5;07-mar-06;07:46:16;31.844;2.0939;5.66037;4.69609677419355;1;31.871;1;7.6255;7;1.888;1;0.546;1;1.8785;1;256;3.46;1.01
TEL2006615_19;MFD_SETNO19;43.947833;-61.671333;287853;25;07-mar-06;07:46:16;31.897;2.2696;5.63944;5.90366451612903;1;NaN;9;NaN;9;1.829;1;0.55;1;1.7925;1;0;3.33;1.02
TEL2006615_19;MFD_SETNO19;43.947833;-61.671333;287852;51;07-mar-06;07:46:16;32.203;3.4566;5.26227;1.57638193548387;1;NaN;9;NaN;9;2.6175;1;0.6255;1;1.572;1;0;4.18;1.67
TEL2006615_19;MFD_SETNO19;43.947833;-61.671333;287851;76;07-mar-06;07:46:16;33.878;8.2705;3.47144;0.212655483870968;1;33.834;1;4.703;7;11.1875;1;1.0665;1;9.8565;1;256;10.49;1.14
TEL2006615_20;MFD_SETNO20;43.842;-62.139667;287858;5;07-mar-06;10:41:40;31.676;1.6966;5.69752;3.05424;1;31.684;1;7.646;7;3.0195;1;0.6325;1;3.074;1;256;4.77;0.98
TEL2006615_20;MFD_SETNO20;43.842;-62.139667;287857;25;07-mar-06;10:41:40;31.736;1.965;5.66779;2.79150967741935;1;NaN;9;NaN;9;3.2595;1;0.6565;1;3.3775;1;0;4.96;0.97
TEL2006615_20;MFD_SETNO20;43.842;-62.139667;287856;50;07-mar-06;10:41:40;33.222;5.8939;3.93236;0.0776747096774194;1;NaN;9;NaN;9;10.634;1;1.083;1;10.1385;1;0;9.82;1.05
TEL2006615_20;MFD_SETNO20;43.842;-62.139667;287855;119;07-mar-06;10:41:40;34.744;9.1647;2.75623;0.0333470967741935;1;34.739;1;3.783;7;17.8265;1;1.3335;1;13.4795;1;256;13.37;1.32
TEL2006615_21;MFD_SETNO21;43.761667;-62.238833;287862;5;07-mar-06;13:04:41;31.53;1.2804;5.81571;4.02522580645161;1;31.541;1;7.768;7;3.442;1;0.6735;1;3.9525;1;256;5.11;0.87
TEL2006615_21;MFD_SETNO21;43.761667;-62.238833;287861;25;07-mar-06;13:04:41;31.575;1.3791;5.75331;3.62270322580645;1;NaN;9;NaN;9;3.429;1;0.671;1;4.066;1;0;5.11;0.84
TEL2006615_21;MFD_SETNO21;43.761667;-62.238833;287860;51;07-mar-06;13:04:41;33.023;6.0346;4.3322;0.0911833548387097;1;NaN;9;NaN;9;9.263;1;0.9805;1;8.2165;1;0;9.45;1.13
TEL2006615_21;MFD_SETNO21;43.761667;-62.238833;287859;133;07-mar-06;13:04:41;34.703;9.4386;2.9446;0.0269341935483871;1;34.702;1;4.0435;7;13.833;1;1.134;1;10.1195;1;256;12.20;1.37
TEL2006615_22;MFD_SETNO22;43.673667;-62.388167;287866;6;07-mar-06;15:00:25;31.68;2.1358;5.56738;1.41217548387097;1;31.687;1;7.463;7;3.3545;1;0.6335;1;3.0485;1;256;5.30;1.10
TEL2006615_22;MFD_SETNO22;43.673667;-62.388167;287865;25;07-mar-06;15:00:25;31.693;2.1381;5.56765;1.37933419354839;1;NaN;9;NaN;9;3.504;1;0.6515;1;3.097;1;0;5.38;1.13
TEL2006615_22;MFD_SETNO22;43.673667;-62.388167;287864;51;07-mar-06;15:00:25;32.589;5.2274;4.65202;0.0911833548387097;1;NaN;9;NaN;9;8.2445;1;0.9315;1;7.3025;1;0;8.85;1.13
TEL2006615_22;MFD_SETNO22;43.673667;-62.388167;287863;102;07-mar-06;15:00:25;34.358;8.926;3.32458;0.0359122580645161;1;34.357;1;4.4685;7;11.692;1;1.0265;1;8.4675;1;256;11.39;1.38
TEL2006615_23;MFD_SETNO23;43.699667;-62.470833;287870;6;07-mar-06;16:40:10;31.494;1.9516;5.56173;0.578895483870968;1;31.5;1;7.358;7;4.542;1;0.7685;1;4.655;1;256;5.91;0.98
TEL2006615_23;MFD_SETNO23;43.699667;-62.470833;287869;25;07-mar-06;16:40:10;31.881;3.3957;5.28807;0.318983225806452;1;NaN;9;NaN;9;4.579;1;0.721;1;4.0325;1;0;6.35;1.14
TEL2006615_23;MFD_SETNO23;43.699667;-62.470833;287868;50;07-mar-06;16:40:10;32.5;4.8632;4.76951;0.135086451612903;1;NaN;9;NaN;9;7.0725;1;0.8725;1;6.598;1;0;8.11;1.07
TEL2006615_23;MFD_SETNO23;43.699667;-62.470833;287867;99;07-mar-06;16:40:10;34.701;9.8787;3.16266;0.0461729032258064;1;34.708;1;4.2245;7;14.35;1;1.1235;1;9.611;1;256;12.77;1.49
TEL2006615_24;MFD_SETNO24;43.674667;-62.628667;287874;4;07-mar-06;18:18:17;31.517;2.0618;5.60606;0.578895483870968;1;31.557;1;7.3995;7;4.6515;1;0.7325;1;5.108;1;256;6.35;0.91
TEL2006615_24;MFD_SETNO24;43.674667;-62.628667;287873;26;07-mar-06;18:18:17;31.687;2.2805;5.50859;0.637966451612903;1;NaN;9;NaN;9;4.459;1;0.713;1;4.9645;1;0;6.25;0.90
TEL2006615_24;MFD_SETNO24;43.674667;-62.628667;287872;51;07-mar-06;18:18:17;32.182;4.1495;5.20201;0.295354838709677;1;NaN;9;NaN;9;5.6995;1;0.768;1;5.4225;1;0;7.42;1.05
TEL2006615_24;MFD_SETNO24;43.674667;-62.628667;287871;119;07-mar-06;18:18:17;34.838;9.7615;2.92249;0.0192387096774193;1;34.836;1;3.929;7;16.68;1;1.202;1;10.738;1;256;13.88;1.55
TEL2006615_25;MFD_SETNO25;43.497167;-62.383833;287878;5;07-mar-06;20:37:34;31.644;2.5767;5.5167;0.744294193548387;1;31.666;1;7.326;7;4.103;1;0.696;1;4.294;1;256;5.90;0.96
TEL2006615_25;MFD_SETNO25;43.497167;-62.383833;287877;25;07-mar-06;20:37:34;31.761;2.2227;5.5522;1.31365161290323;1;NaN;9;NaN;9;3.483;1;0.6755;1;3.097;1;0;5.16;1.12
TEL2006615_25;MFD_SETNO25;43.497167;-62.383833;287876;50;07-mar-06;20:37:34;32.73;5.4517;4.59997;0.141840774193548;1;NaN;9;NaN;9;7.599;1;0.8985;1;6.8;1;0;8.46;1.12
TEL2006615_25;MFD_SETNO25;43.497167;-62.383833;287875;78;07-mar-06;20:37:34;33.992;7.9981;3.44426;0.0540345806451613;1;33.979;1;4.6225;7;12.494;1;1.103;1;9.6865;1;256;11.33;1.29
TEL2006615_26;MFD_SETNO26;43.4215;-62.425;287882;5;07-mar-06;22:04:17;31.709;2.4602;5.4847;0.685223225806452;1;31.705;1;7.3535;7;4.244;1;0.701;1;4.442;1;256;6.05;0.96
TEL2006615_26;MFD_SETNO26;43.4215;-62.425;287881;25;07-mar-06;22:04:17;31.764;2.443;5.47892;0.803365161290323;1;NaN;9;NaN;9;3.957;1;0.666;1;4.003;1;0;5.94;0.99
TEL2006615_26;MFD_SETNO26;43.4215;-62.425;287880;50;07-mar-06;22:04:17;32.203;3.7646;5.22097;0.508010322580645;1;NaN;9;NaN;9;5.005;1;0.737;1;4.484;1;0;6.79;1.12
TEL2006615_26;MFD_SETNO26;43.4215;-62.425;287879;82;07-mar-06;22:04:17;33.627;7.4089;3.793;0.172235225806452;1;33.626;1;5.134;7;10.9385;1;1.037;1;8.242;1;256;10.55;1.33
TEL2006615_28;MFD_SETNO28;43.438333;-62.744333;287886;5;08-mar-06;00:22:06;31.566;2.2025;5.53648;0.779736774193548;1;31.576;1;7.4385;7;4.4325;1;0.7295;1;4.7975;1;256;6.08;0.92
TEL2006615_28;MFD_SETNO28;43.438333;-62.744333;287885;26;08-mar-06;00:22:06;31.645;2.2156;5.53986;0.389868387096774;1;NaN;9;NaN;9;5.205;1;0.7505;1;5.376;1;0;6.94;0.97
TEL2006615_28;MFD_SETNO28;43.438333;-62.744333;287884;50;08-mar-06;00:22:06;31.961;3.114;5.36355;0.614338064516129;1;NaN;9;NaN;9;4.506;1;0.744;1;4.9675;1;0;6.06;0.91
TEL2006615_28;MFD_SETNO28;43.438333;-62.744333;287883;98;08-mar-06;00:22:06;34.786;10.03;3.16;0.0269341935483871;1;34.782;1;4.267;7;14.639;1;1.1385;1;9.478;1;256;12.86;1.54
TEL2006615_29;MFD_SETNO29;43.441333;-62.914667;287890;5;08-mar-06;03:04:38;31.53;2.0216;5.51815;0.637966451612903;1;31.537;1;7.4595;7;4.712;1;0.7375;1;5.1625;1;256;6.39;0.91
TEL2006615_29;MFD_SETNO29;43.441333;-62.914667;287889;25;08-mar-06;03:04:38;31.539;2.0163;5.55912;0.590709677419355;1;NaN;9;NaN;9;4.7395;1;0.746;1;5.26;1;0;6.35;0.90
TEL2006615_29;MFD_SETNO29;43.441333;-62.914667;287888;50;08-mar-06;03:04:38;32.299;4.1329;5.07186;0.0878061935483871;1;NaN;9;NaN;9;8.6315;1;1.026;1;8.8015;1;0;8.41;0.98
TEL2006615_29;MFD_SETNO29;43.441333;-62.914667;287887;106;08-mar-06;03:04:38;34.886;9.7327;2.80034;0.0179561290322581;1;34.88;1;3.8235;7;16.2265;1;1.19;1;10.2405;1;256;13.64;1.58
TEL2006615_30;MFD_SETNO30;43.0325;-63.194667;287894;5;08-mar-06;06:36:54;31.807;2.6072;5.51507;0.722508387096774;1;31.808;1;7.2985;7;3.9065;1;0.6835;1;4.115;1;256;5.72;0.95
TEL2006615_30;MFD_SETNO30;43.0325;-63.194667;287893;26;08-mar-06;06:36:54;31.946;2.8833;5.41572;0.952397419354839;1;NaN;9;NaN;9;3.536;1;0.6215;1;3.3245;1;0;5.69;1.06
TEL2006615_30;MFD_SETNO30;43.0325;-63.194667;287892;50;08-mar-06;06:36:54;33.405;7.3939;4.32818;0.271726451612903;1;NaN;9;NaN;9;7.4275;1;0.817;1;5.1915;1;0;9.09;1.43
TEL2006615_30;MFD_SETNO30;43.0325;-63.194667;287891;155;08-mar-06;06:36:54;35.047;9.6736;2.74604;0.0128258064516129;1;35.031;1;3.7175;1;19.553;1;1.3165;1;11.582;1;0;14.85;1.69
TEL2006615_31;MFD_SETNO31;42.828833;-63.150833;287898;5;08-mar-06;10:02:07;32.547;4.1258;5.26809;0.919556129032258;1;32.537;1;6.979;7;3.422;1;0.6315;1;3.112;1;256;5.42;1.10
TEL2006615_31;MFD_SETNO31;42.828833;-63.150833;287897;26;08-mar-06;10:02:07;32.807;4.9641;5.14816;0.685223225806451;1;NaN;9;NaN;9;4.325;1;0.6255;1;3.409;1;0;6.91;1.27
TEL2006615_31;MFD_SETNO31;42.828833;-63.150833;287896;50;08-mar-06;10:02:07;34.171;9.319;4.31817;0.165480903225806;1;NaN;9;NaN;9;7.211;1;0.7075;1;4.482;1;0;10.19;1.61
TEL2006615_31;MFD_SETNO31;42.828833;-63.150833;287895;231;08-mar-06;10:02:07;35.121;9.283;2.81486;0.0141083870967742;1;35.133;1;3.8005;1;18.052;1;1.246;1;10.1625;1;0;14.49;1.78
TEL2006615_32;MFD_SETNO32;42.815;-62.902833;287902;6;08-mar-06;13:56:08;32.478;4.1323;5.32213;1.97047741935484;1;32.491;1;7.0565;7;2.599;1;0.5735;1;1.783;1;256;4.53;1.46
TEL2006615_32;MFD_SETNO32;42.815;-62.902833;287901;25;08-mar-06;13:56:08;32.769;5.0381;5.14737;NaN;9;NaN;9;NaN;9;NaN;9;NaN;9;NaN;9;0;NaN;NaN
TEL2006615_32;MFD_SETNO32;42.815;-62.902833;287900;50;08-mar-06;13:56:08;33.84;8.4912;4.43583;0.543452903225806;1;NaN;9;NaN;9;5.8345;1;0.707;1;3.18;1;0;8.25;1.83
TEL2006615_32;MFD_SETNO32;42.815;-62.902833;287899;286;08-mar-06;13:56:08;35.179;9.7594;2.67606;0.0115432258064516;1;35.19;1;3.643;1;19.9785;1;1.3285;1;10.867;1;0;15.04;1.84
TEL2006615_33;MFD_SETNO33;42.8695;-62.547167;287906;6;08-mar-06;16:45:07;32.831;5.1133;5.23382;1.74058838709677;1;32.687;7;6.9705;7;3.039;1;0.585;1;2.2325;1;256;5.19;1.36
TEL2006615_33;MFD_SETNO33;42.8695;-62.547167;287905;26;08-mar-06;16:45:07;32.979;5.4896;5.21183;1.28081032258064;1;NaN;9;NaN;9;2.3935;1;0.532;1;1.6845;1;0;4.50;1.42
TEL2006615_33;MFD_SETNO33;42.8695;-62.547167;287904;51;08-mar-06;16:45:07;33.2;6.1088;5.11816;3.22018064516129;1;NaN;9;NaN;9;1.81;1;0.4925;1;1.0655;1;0;3.68;1.70
TEL2006615_33;MFD_SETNO33;42.8695;-62.547167;287903;297;08-mar-06;16:45:07;27.246;8.9704;2.68272;0.0128258064516129;1;35.154;7;3.617;1;22.3095;1;1.4455;1;12.69;1;256;15.43;1.76
TEL2006615_34;MFD_SETNO34;43.063;-62.468833;287910;5;08-mar-06;19:34:43;32.025;3.1045;5.40419;0.73248;1;32.037;1;7.223;7;3.606;1;0.6725;1;3.4245;1;256;5.36;1.05
TEL2006615_34;MFD_SETNO34;43.063;-62.468833;287909;26;08-mar-06;19:34:43;32.029;3.1095;5.41218;0.744294193548387;1;NaN;9;NaN;9;3.682;1;0.691;1;3.5295;1;0;5.33;1.04
TEL2006615_34;MFD_SETNO34;43.063;-62.468833;287908;50;08-mar-06;19:34:43;32.552;4.9617;4.89412;0.318983225806452;1;NaN;9;NaN;9;6.4575;1;0.8285;1;5.4155;1;0;7.79;1.19
TEL2006615_34;MFD_SETNO34;43.063;-62.468833;287907;111;08-mar-06;19:34:43;34.766;9.3854;3.05838;0.0506574193548387;1;34.759;1;4.142;7;15.899;1;1.172;1;9.7065;1;256;13.57;1.64
TEL2006615_35;MFD_SETNO35;43.025167;-62.101667;287914;5;08-mar-06;23:18:23;32.446;4.198;5.40366;2.49593806451613;1;32.451;1;7.2185;7;0.408;1;0.423;1;0.4;1;256;0.96;1.02
TEL2006615_35;MFD_SETNO35;43.025167;-62.101667;287913;26;08-mar-06;23:18:23;32.454;4.2185;5.44187;3.0860064516129;1;NaN;9;NaN;9;0.625;1;0.454;1;0.5125;1;0;1.38;1.22
TEL2006615_35;MFD_SETNO35;43.025167;-62.101667;287912;50;08-mar-06;23:18:23;33.386;7.1373;4.83257;1.34649290322581;1;NaN;9;NaN;9;5.869;1;0.713;1;3.5265;1;0;8.23;1.66
TEL2006615_35;MFD_SETNO35;43.025167;-62.101667;287911;119;08-mar-06;23:18:23;35.03;10.3934;2.95764;0.0574117419354839;1;35.017;1;4.046;7;16.458;1;1.188;1;9.8085;1;256;13.85;1.68
TEL2006615_36;MFD_SETNO36;43.322;-62.1295;287918;5;09-mar-06;01:51:53;32.307;4.0334;5.46507;2.29889032258064;1;32.316;1;7.277;7;0.3145;1;0.352;1;0.418;1;256;0.89;0.75
TEL2006615_36;MFD_SETNO36;43.322;-62.1295;287917;25;09-mar-06;01:51:53;32.31;4.0436;5.47632;2.52877935483871;1;NaN;9;NaN;9;0.4365;1;0.379;1;0.493;1;0;1.15;0.89
TEL2006615_36;MFD_SETNO36;43.322;-62.1295;287916;50;09-mar-06;01:51:53;32.513;4.3209;5.27203;1.93763612903226;1;NaN;9;NaN;9;2.1175;1;0.5165;1;1.0615;1;0;4.10;1.99
TEL2006615_36;MFD_SETNO36;43.322;-62.1295;287915;99;09-mar-06;01:51:53;34.034;8.3915;3.55113;0.177212903225806;1;34.035;1;4.753;7;11.728;1;1.0165;1;8.822;1;256;11.54;1.33
TEL2006615_38;MFD_SETNO38;43.54;-61.906;287922;5;09-mar-06;07:18:16;32.32;3.9965;5.43863;1.80627096774194;1;32.325;1;7.1495;7;0.628;1;0.402;1;0.395;1;256;1.56;1.59
TEL2006615_38;MFD_SETNO38;43.54;-61.906;287921;25;09-mar-06;07:18:16;32.336;3.9983;5.43778;1.70774709677419;1;NaN;9;NaN;9;0.9575;1;0.4325;1;0.4945;1;0;2.21;1.94
TEL2006615_38;MFD_SETNO38;43.54;-61.906;287920;50;09-mar-06;07:18:16;32.536;4.5225;5.14085;1.41217548387097;1;NaN;9;NaN;9;2.8375;1;0.5825;1;1.432;1;0;4.87;1.98
TEL2006615_38;MFD_SETNO38;43.54;-61.906;287919;79;09-mar-06;07:18:16;33.886;8.8385;3.7098;0.106327741935484;1;33.871;1;4.9515;7;9.3045;1;0.8235;1;6.8065;1;256;11.30;1.37
TEL2006615_39;MFD_SETNO39;43.446167;-61.729333;287926;5;09-mar-06;09:24:00;32.152;3.7571;5.36033;1.28081032258065;1;32.151;1;7.1105;7;0.574;1;0.5005;1;0.998;1;256;1.15;0.58
TEL2006615_39;MFD_SETNO39;43.446167;-61.729333;287925;25;09-mar-06;09:24:00;32.152;3.7687;5.35174;1.37933419354839;1;NaN;9;NaN;9;0.524;1;0.4435;1;0.4085;1;0;1.18;1.28
TEL2006615_39;MFD_SETNO39;43.446167;-61.729333;287924;49;09-mar-06;09:24:00;32.647;5.5457;4.84255;1.83911225806452;1;NaN;9;NaN;9;3.3755;1;0.659;1;2.328;1;0;5.12;1.45
TEL2006615_39;MFD_SETNO39;43.446167;-61.729333;287923;72;09-mar-06;09:24:00;33.883;8.88;3.81249;0.44893935483871;1;33.878;1;5.1265;7;8.1025;1;0.7705;1;5.697;1;256;10.52;1.42
TEL2006615_40;MFD_SETNO40;43.0035;-61.656667;287930;6;09-mar-06;13:49:16;NaN;3.912;NaN;2.95183225806452;1;32.365;1;7.2905;1;0.242;1;0.3435;1;0.486;1;0;0.70;0.50
TEL2006615_40;MFD_SETNO40;43.0035;-61.656667;287929;24;09-mar-06;13:49:16;NaN;4.0829;NaN;4.56192258064516;1;NaN;9;NaN;9;0.4315;2;0.3315;1;0.594;1;2048;1.30;0.73
TEL2006615_40;MFD_SETNO40;43.0035;-61.656667;287928;49;09-mar-06;13:49:16;NaN;7.4438;NaN;5.09861935483871;1;NaN;9;NaN;9;1.846;1;0.3205;1;1.1195;1;0;5.76;1.65
TEL2006615_40;MFD_SETNO40;43.0035;-61.656667;287927;324;09-mar-06;13:49:16;NaN;7.1764;NaN;NaN;9;35.065;1;3.954;1;18.8295;1;1.2815;1;11.703;1;0;14.69;1.61
TEL2006615_41;MFD_SETNO41;43.236667;-61.399833;287934;5;09-mar-06;17:00:40;NaN;3.1161;NaN;2.23320774193548;1;32.127;1;7.4825;1;0.0175;1;0.3185;1;0.4395;1;0;0.05;0.04
TEL2006615_41;MFD_SETNO41;43.236667;-61.399833;287933;25;09-mar-06;17:00:40;NaN;3.1964;NaN;2.81765806451613;1;NaN;9;NaN;9;0.074;1;0.347;1;0.4355;1;0;0.21;0.17
TEL2006615_41;MFD_SETNO41;43.236667;-61.399833;287932;49;09-mar-06;17:00:40;NaN;4.1306;NaN;6.70870967741935;1;NaN;9;NaN;9;1.622;1;0.532;1;1.3815;1;0;3.05;1.17
TEL2006615_41;MFD_SETNO41;43.236667;-61.399833;287931;85;09-mar-06;17:00:40;NaN;8.8619;NaN;1.14944516129032;1;33.997;1;5.278;1;8.9395;1;0.8045;1;6.5235;1;0;11.11;1.37
TEL2006615_42;MFD_SETNO42;43.460667;-60.724333;287938;5;09-mar-06;21:23:03;NaN;1.9254;NaN;9.52636774193548;1;32.034;1;8.038;1;0.079;1;0.3965;1;0.759;1;0;0.20;0.10
TEL2006615_42;MFD_SETNO42;43.460667;-60.724333;287937;25;09-mar-06;21:23:03;NaN;1.858;NaN;NaN;9;NaN;9;NaN;9;NaN;9;NaN;9;NaN;9;0;NaN;NaN
TEL2006615_42;MFD_SETNO42;43.460667;-60.724333;287936;49;09-mar-06;21:23:03;NaN;2.1792;NaN;8.3188;1;NaN;9;NaN;9;2.2985;1;0.603;1;2.543;1;0;3.81;0.90
TEL2006615_42;MFD_SETNO42;43.460667;-60.724333;287935;83;09-mar-06;21:23:03;NaN;4.278;NaN;1.41217548387097;1;32.88;1;6.3195;1;6.6475;1;0.8105;1;5.761;1;0;8.20;1.15
TEL2006615_43;MFD_SETNO43;43.522833;-60.497667;287942;5;09-mar-06;23:24:19;NaN;1.9616;NaN;10.5997612903226;1;32.024;1;8.0045;1;0.127;1;0.35;1;0.9305;1;0;0.36;0.14
TEL2006615_43;MFD_SETNO43;43.522833;-60.497667;287941;25;09-mar-06;23:24:19;NaN;1.9647;NaN;9.92889032258064;1;NaN;9;NaN;9;0.3055;1;0.3955;1;0.992;1;0;0.77;0.31
TEL2006615_43;MFD_SETNO43;43.522833;-60.497667;287940;50;09-mar-06;23:24:19;NaN;1.9225;NaN;7.91627741935484;1;NaN;9;NaN;9;1.7735;1;0.5825;1;2.2915;1;0;3.04;0.77
TEL2006615_43;MFD_SETNO43;43.522833;-60.497667;287939;79;09-mar-06;23:24:19;NaN;3.297;NaN;4.1594;1;32.623;1;6.6195;1;6.5875;1;0.858;1;5.816;1;0;7.68;1.13
TEL2006615_44;MFD_SETNO44;43.514667;-60.917667;287946;5;10-mar-06;01:55:34;NaN;2.316;NaN;6.03783870967742;1;31.864;1;7.7415;1;0.3225;1;0.337;1;0.89;1;0;0.96;0.36
TEL2006615_44;MFD_SETNO44;43.514667;-60.917667;287945;26;10-mar-06;01:55:34;NaN;2.334;NaN;7.64792903225806;1;NaN;9;NaN;9;0.751;1;0.3605;1;1.023;1;0;2.08;0.73
TEL2006615_44;MFD_SETNO44;43.514667;-60.917667;287944;50;10-mar-06;01:55:34;NaN;5.4147;NaN;1.14944516129032;1;NaN;9;NaN;9;5.0195;1;0.7375;1;4.7335;1;0;6.81;1.06
TEL2006615_44;MFD_SETNO44;43.514667;-60.917667;287943;66;10-mar-06;01:55:34;NaN;5.3957;NaN;1.11660387096774;1;32.792;1;6.2055;1;5.099;1;0.76;1;4.9225;1;0;6.71;1.04
TEL2006615_45;MFD_SETNO45;43.4785;-61.043167;287950;6;10-mar-06;03:21:39;NaN;2.5917;NaN;7.37958064516129;1;31.922;1;7.6625;1;0.1475;1;0.2735;1;0.7105;1;0;0.54;0.21
TEL2006615_45;MFD_SETNO45;43.4785;-61.043167;287949;26;10-mar-06;03:21:39;NaN;2.6047;NaN;7.64792903225806;1;NaN;9;NaN;9;0.1585;1;0.306;1;0.7645;1;0;0.52;0.21
TEL2006615_45;MFD_SETNO45;43.4785;-61.043167;287948;51;10-mar-06;03:21:39;NaN;3.4819;NaN;8.58714838709677;1;NaN;9;NaN;9;2.9235;1;0.5585;1;2.385;1;0;5.23;1.23
TEL2006615_45;MFD_SETNO45;43.4785;-61.043167;287947;68;10-mar-06;03:21:39;NaN;5.2346;NaN;4.83027096774194;1;32.867;1;6.386;1;3.2195;1;0.483;1;2.59;1;0;6.67;1.24
TEL2006615_47;MFD_SETNO47;43.6439;-61.2524;287951;6;10-mar-06;09:18:18;32.147;3.7609;7.02;2.49593806451613;1;31.836;7;7.6315;1;0.1175;1;0.31;1;0.7045;1;256;0.38;0.17
TEL2006615_48;MFD_SETNO48;43.541667;-61.256;287952;6;10-mar-06;10:55:25;32.923;5.6261;6.43;2.62730322580645;1;32.103;7;7.339;1;0.4355;1;0.358;1;0.849;1;256;1.22;0.51
TEL2006615_49;MFD_SETNO49;43.653667;-61.194667;287953;5;10-mar-06;13:00:53;32.149;3.7616;7;1.97047741935484;1;31.83;7;7.545;1;0.1365;1;0.3375;1;0.692;1;256;0.40;0.20
TEL2006615_50;MFD_SETNO50;43.8985;-61.146;287954;5;10-mar-06;15:10:19;32.276;4.0259;6.91;2.69298580645161;1;31.978;7;7.46;1;0.281;1;0.3385;1;0.8685;1;256;0.83;0.32
TEL2006615_51;MFD_SETNO51;43.831333;-60.901167;287955;5;10-mar-06;17:50:15;31.895;2.8804;7.43;1.60922322580645;1;31.878;1;7.4005;1;0.142;1;0.3335;1;0.6715;1;0;0.43;0.21
TEL2006615_52;MFD_SETNO52;43.981667;-60.720667;287956;5;10-mar-06;20:10:27;31.873;1.8581;7.9;9.46752258064516;1;31.863;1;7.8985;1;1.557;1;0.4735;1;2.073;1;0;3.29;0.75
TEL2006615_53;MFD_SETNO53;43.894833;-60.671;287957;5;10-mar-06;21:42:25;31.869;1.672;7.9;9.83165806451613;1;31.868;1;7.9085;1;2.1675;1;0.527;1;2.5665;1;0;4.11;0.84
TEL2006615_54;MFD_SETNO54;43.7385;-60.522;287958;5;11-mar-06;00:00:12;32.358;3.9125;6.87;7.37958064516129;1;31.829;7;7.8;1;2.1065;1;0.511;1;2.1215;1;256;4.12;0.99
TEL2006615_57;MFD_SETNO57;43.6142;60.3756;287959;1;11-mar-06;05:45:00;NaN;NaN;NaN;NaN;9;31.979;1;NaN;9;NaN;9;NaN;9;NaN;9;0;NaN;NaN
TEL2006615_58;MFD_SETNO58;43.4438;60.5349;287960;1;11-mar-06;08:26:59;NaN;NaN;NaN;NaN;9;32.089;1;NaN;9;NaN;9;NaN;9;NaN;9;0;NaN;NaN
TEL2006615_59;MFD_SETNO59;43.409333;-60.489;287964;6;11-mar-06;10:48:31;NaN;2.0444;NaN;11.652335483871;1;32.165;1;7.9505;1;0.3955;1;0.389;1;1.3405;1;0;1.02;0.30
TEL2006615_59;MFD_SETNO59;43.409333;-60.489;287963;25;11-mar-06;10:48:31;NaN;2.0557;NaN;12.0164709677419;1;NaN;9;NaN;9;0.4435;1;0.413;1;1.466;1;0;1.07;0.30
TEL2006615_59;MFD_SETNO59;43.409333;-60.489;287962;50;11-mar-06;10:48:31;NaN;2.0543;NaN;9.83165806451613;1;NaN;9;NaN;9;1.6585;1;0.496;1;2.1655;1;0;3.34;0.77
TEL2006615_59;MFD_SETNO59;43.409333;-60.489;287961;203;11-mar-06;10:48:31;NaN;8.5536;NaN;0.0128258064516129;1;34.942;1;3.9965;1;18.851;1;1.237;1;11.3895;1;0;15.24;1.66
TEL2006615_60;MFD_SETNO60;43.509167;-60.2565;287968;5;11-mar-06;13:05:40;NaN;2.0967;NaN;7.51375483870968;1;31.907;1;7.9475;1;0.196;1;0.3765;1;0.9035;1;0;0.52;0.22
TEL2006615_60;MFD_SETNO60;43.509167;-60.2565;287967;25;11-mar-06;13:05:40;NaN;2.0926;NaN;NaN;9;NaN;9;NaN;9;NaN;9;NaN;9;NaN;9;0;NaN;NaN
TEL2006615_60;MFD_SETNO60;43.509167;-60.2565;287966;50;11-mar-06;13:05:40;NaN;2.0727;NaN;7.78210322580645;1;NaN;9;NaN;9;1.8685;1;0.528;1;2.0945;1;0;3.54;0.89
TEL2006615_60;MFD_SETNO60;43.509167;-60.2565;287965;109;11-mar-06;13:05:40;NaN;4.4907;NaN;0.192498193548387;1;33.484;1;5.6295;1;12.1285;1;1.0595;1;10.1825;1;0;11.45;1.19
TEL2006615_61;MFD_SETNO61;43.481333;-60.123833;287972;6;11-mar-06;14:54:22;NaN;1.9804;NaN;7.64792903225806;1;31.809;1;7.9125;1;0.369;1;0.4005;1;1.038;1;0;0.92;0.36
TEL2006615_61;MFD_SETNO61;43.481333;-60.123833;287971;25;11-mar-06;14:54:22;NaN;1.9525;NaN;8.85549677419355;1;NaN;9;NaN;9;1.1385;1;0.494;1;1.5875;1;0;2.30;0.72
TEL2006615_61;MFD_SETNO61;43.481333;-60.123833;287970;49;11-mar-06;14:54:22;NaN;1.9275;NaN;10.4655870967742;1;NaN;9;NaN;9;1.8465;1;0.527;1;2.1535;1;0;3.50;0.86
TEL2006615_61;MFD_SETNO61;43.481333;-60.123833;287969;207;11-mar-06;14:54:22;NaN;7.236;NaN;NaN;9;34.676;1;4.3935;1;18.671;1;1.2435;1;11.974;1;0;15.01;1.56
TEL2006615_62;MFD_SETNO62;43.704833;-60.2045;287976;5;11-mar-06;17:18:51;NaN;2.4501;NaN;6.84288387096774;1;31.948;1;7.746;1;1.0865;1;0.464;1;1.4275;1;0;2.34;0.76
TEL2006615_62;MFD_SETNO62;43.704833;-60.2045;287975;26;11-mar-06;17:18:51;NaN;2.4552;NaN;7.2454064516129;1;NaN;9;NaN;9;1.3635;1;0.48;1;1.7855;1;0;2.84;0.76
TEL2006615_62;MFD_SETNO62;43.704833;-60.2045;287973;51;11-mar-06;17:18:51;NaN;2.6636;NaN;3.35435483870968;1;32.082;1;7.155;1;2.5865;1;0.6335;1;2.288;1;0;4.08;1.13
TEL2006615_62;MFD_SETNO62;43.704833;-60.2045;287974;51;11-mar-06;17:18:51;NaN;2.6638;NaN;NaN;9;NaN;9;NaN;9;NaN;9;NaN;9;NaN;9;0;NaN;NaN
TEL2006615_63;MFD_SETNO63;43.814167;-59.961333;287979;5;11-mar-06;19:25:45;NaN;2.0274;NaN;7.11123225806451;1;31.747;1;7.797;1;0.2605;1;0.408;1;1.847;1;0;0.64;0.14
TEL2006615_63;MFD_SETNO63;43.814167;-59.961333;287978;26;11-mar-06;19:25:45;NaN;2.0319;NaN;7.11123225806451;1;NaN;9;NaN;9;0.304;1;0.4095;1;0.8185;1;0;0.74;0.37
TEL2006615_63;MFD_SETNO63;43.814167;-59.961333;287977;43;11-mar-06;19:25:45;NaN;2.4042;NaN;6.44036129032258;1;31.935;1;7.277;1;1.7335;1;0.651;1;1.5215;1;0;2.66;1.14
TEL2006615_64;MFD_SETNO64;43.847;-59.833833;287982;6;11-mar-06;20:55:43;NaN;2.0322;NaN;6.97705806451613;1;31.715;1;7.695;1;0.1085;1;0.385;1;0.8895;1;0;0.28;0.12
TEL2006615_64;MFD_SETNO64;43.847;-59.833833;287981;25;11-mar-06;20:55:43;NaN;1.9844;NaN;9.25801935483871;1;NaN;9;NaN;9;0.1575;1;0.4695;1;1.0085;1;0;0.34;0.16
TEL2006615_64;MFD_SETNO64;43.847;-59.833833;287980;40;11-mar-06;20:55:43;NaN;1.8078;NaN;9.92889032258064;1;31.733;1;7.7965;1;0.277;1;0.45;1;0.9905;1;0;0.62;0.28
TEL2006615_65;MFD_SETNO65;43.652333;-59.418;287986;6;11-mar-06;23:57:03;NaN;1.9403;NaN;11.652335483871;1;32.101;1;8.0395;1;0.3555;1;0.43;1;1.5755;1;0;0.83;0.23
TEL2006615_65;MFD_SETNO65;43.652333;-59.418;287985;26;11-mar-06;23:57:03;NaN;1.7067;NaN;12.3806064516129;1;NaN;9;NaN;9;0.5695;1;0.4925;1;1.6375;1;0;1.16;0.35
TEL2006615_65;MFD_SETNO65;43.652333;-59.418;287984;50;11-mar-06;23:57:03;NaN;1.7734;NaN;2.13468387096774;1;NaN;9;NaN;9;4.666;1;0.68;1;4.8485;1;0;6.86;0.96
TEL2006615_65;MFD_SETNO65;43.652333;-59.418;287983;218;11-mar-06;23:57:03;NaN;7.0354;NaN;0.03976;1;34.718;1;4.3875;1;17.921;1;1.2105;1;11.573;1;0;14.80;1.55
TEL2006615_66;MFD_SETNO66;43.758833;-59.160333;287990;5;12-mar-06;02:08:22;NaN;1.789;NaN;11.652335483871;1;32.108;1;7.9265;1;0.608;1;0.4815;1;1.607;1;0;1.26;0.38
TEL2006615_66;MFD_SETNO66;43.758833;-59.160333;287989;25;12-mar-06;02:08:22;NaN;1.792;NaN;12.3806064516129;1;NaN;9;NaN;9;0.586;1;0.4825;1;1.637;1;0;1.21;0.36
TEL2006615_66;MFD_SETNO66;43.758833;-59.160333;287988;49;12-mar-06;02:08:22;NaN;1.7897;NaN;4.29357419354839;1;NaN;9;NaN;9;4.4055;1;0.7275;1;4.494;1;0;6.06;0.98
TEL2006615_66;MFD_SETNO66;43.758833;-59.160333;287987;124;12-mar-06;02:08:22;NaN;3.5933;NaN;0.259912258064516;1;33.164;1;6.023;1;10.6815;1;1.0465;1;9.275;1;0;10.21;1.15
TEL2006615_67;MFD_SETNO67;43.939333;-59.248833;287993;5;12-mar-06;04:34:49;NaN;1.9652;NaN;8.18462580645161;1;32.052;1;7.7315;1;1.7555;1;0.5795;1;2.1335;1;0;3.03;0.82
TEL2006615_67;MFD_SETNO67;43.939333;-59.248833;287992;24;12-mar-06;04:34:49;NaN;1.9695;NaN;9.3921935483871;1;NaN;9;NaN;9;1.8625;1;0.556;1;2.321;1;0;3.35;0.80
TEL2006615_67;MFD_SETNO67;43.939333;-59.248833;287991;43;12-mar-06;04:34:49;NaN;1.9674;NaN;6.44036129032258;1;32.127;1;7.6405;1;2.0535;1;0.5995;1;2.3585;1;0;3.43;0.87
TEL2006615_68;MFD_SETNO68;44.182167;-59.258167;287997;6;12-mar-06;07:25:18;NaN;1.9296;NaN;8.58714838709677;1;32.059;1;7.7685;1;1.9195;1;0.5615;1;2.4495;1;0;3.42;0.78
TEL2006615_68;MFD_SETNO68;44.182167;-59.258167;287996;25;12-mar-06;07:25:18;NaN;1.9305;NaN;9.46752258064516;1;NaN;9;NaN;9;2.0825;1;0.575;1;2.601;1;0;3.62;0.80
TEL2006615_68;MFD_SETNO68;44.182167;-59.258167;287995;50;12-mar-06;07:25:18;NaN;1.9737;NaN;8.01098064516129;1;NaN;9;NaN;9;2.5845;1;0.6;1;2.728;1;0;4.31;0.95
TEL2006615_68;MFD_SETNO68;44.182167;-59.258167;287994;180;12-mar-06;07:25:18;NaN;4.6406;NaN;0.259912258064516;1;33.981;1;5.428;1;15.018;1;1.14;1;11.4635;1;0;13.17;1.31
TEL2006615_69;MFD_SETNO69;44.179;-59.381333;288001;6;12-mar-06;09:17:21;NaN;1.9435;NaN;7.78210322580645;1;32.049;1;7.842;1;2.3285;1;0.621;1;2.763;1;0;3.75;0.84
TEL2006615_69;MFD_SETNO69;44.179;-59.381333;288000;25;12-mar-06;09:17:21;NaN;1.9436;NaN;9.66054193548387;1;NaN;9;NaN;9;2.3055;1;0.5925;1;2.699;1;0;3.89;0.85
TEL2006615_69;MFD_SETNO69;44.179;-59.381333;287999;51;12-mar-06;09:17:21;NaN;1.9374;NaN;8.18462580645161;1;NaN;9;NaN;9;2.4925;1;0.59;1;2.7455;1;0;4.22;0.91
TEL2006615_69;MFD_SETNO69;44.179;-59.381333;287998;258;12-mar-06;09:17:21;NaN;4.7333;NaN;0.0303944516129032;1;34.782;1;5.4885;1;18.3015;1;1.235;1;12.3275;1;0;14.82;1.48
TEL2006615_70;MFD_SETNO70;44.310833;-59.294;288005;6;12-mar-06;12:00:04;NaN;1.8669;NaN;8.05045161290322;1;32.054;1;7.8255;1;2.216;1;0.625;1;2.4315;1;0;3.55;0.91
TEL2006615_70;MFD_SETNO70;44.310833;-59.294;288004;25;12-mar-06;12:00:04;NaN;1.8634;NaN;8.98967096774194;1;NaN;9;NaN;9;2.2695;1;0.633;1;2.283;1;0;3.59;0.99
TEL2006615_70;MFD_SETNO70;44.310833;-59.294;288003;51;12-mar-06;12:00:04;NaN;2.0803;NaN;7.64792903225806;1;NaN;9;NaN;9;2.9775;1;0.6455;1;3.068;1;0;4.61;0.97
TEL2006615_70;MFD_SETNO70;44.310833;-59.294;288002;149;12-mar-06;12:00:04;NaN;4.5206;NaN;0.135086451612903;1;33.83;1;5.581;1;14.3325;1;1.144;1;11.2225;1;0;12.53;1.28
TEL2006615_71;MFD_SETNO71;44.351667;-59.114833;288009;6;12-mar-06;14:01:42;NaN;2.0161;NaN;7.78210322580645;1;32.095;1;7.854;1;1.9905;1;0.616;1;2.2985;1;0;3.23;0.87
TEL2006615_71;MFD_SETNO71;44.351667;-59.114833;288008;26;12-mar-06;14:01:42;NaN;2.0054;NaN;8.05045161290323;1;NaN;9;NaN;9;2.031;1;0.5735;1;2.2185;1;0;3.54;0.92
TEL2006615_71;MFD_SETNO71;44.351667;-59.114833;288007;50;12-mar-06;14:01:42;NaN;2.2399;NaN;2.43025548387097;1;NaN;9;NaN;9;6.7475;1;0.912;1;6.031;1;0;7.40;1.12
TEL2006615_71;MFD_SETNO71;44.351667;-59.114833;288006;104;12-mar-06;14:01:42;NaN;3.9218;NaN;0.531638709677419;1;33.433;1;6.007;1;11.252;1;1.028;1;9.133;1;0;10.95;1.23
TEL2006615_72;MFD_SETNO72;44.393833;-58.762333;288013;5;12-mar-06;16:31:30;NaN;1.7259;NaN;2.23320774193548;1;31.986;1;7.613;1;4.6215;1;0.7605;1;4.5995;1;0;6.08;1.00
TEL2006615_72;MFD_SETNO72;44.393833;-58.762333;288012;26;12-mar-06;16:31:30;NaN;1.7098;NaN;2.26604903225806;1;NaN;9;NaN;9;4.606;1;0.769;1;4.678;1;0;5.99;0.98
TEL2006615_72;MFD_SETNO72;44.393833;-58.762333;288011;48;12-mar-06;16:31:30;NaN;1.9421;NaN;5.90366451612903;1;NaN;9;NaN;9;3.8905;1;0.703;1;3.385;1;0;5.53;1.15
TEL2006615_72;MFD_SETNO72;44.393833;-58.762333;288010;63;12-mar-06;16:31:30;NaN;2.9523;NaN;1.54354064516129;1;32.768;1;6.6715;1;7.8905;1;0.907;1;6.885;1;0;8.70;1.15
TEL2006615_73;MFD_SETNO73;44.575667;-58.687667;288017;5;12-mar-06;19:20:41;NaN;1.1822;NaN;0.543452903225806;1;31.825;1;7.6735;1;5.8985;1;0.8085;1;6.2565;1;0;7.30;0.94
TEL2006615_73;MFD_SETNO73;44.575667;-58.687667;288016;24;12-mar-06;19:20:41;NaN;1.1817;NaN;NaN;9;NaN;9;NaN;9;NaN;9;NaN;9;NaN;9;0;NaN;NaN
TEL2006615_73;MFD_SETNO73;44.575667;-58.687667;288015;49;12-mar-06;19:20:41;NaN;1.5432;NaN;0.342611612903226;1;NaN;9;NaN;9;7.003;1;0.885;1;7.355;1;0;7.91;0.95
TEL2006615_73;MFD_SETNO73;44.575667;-58.687667;288014;66;12-mar-06;19:20:41;NaN;1.5905;NaN;0.182366709677419;1;32.012;1;7.1065;1;7.0875;1;0.904;1;7.5085;1;0;7.84;0.94
TEL2006615_74;MFD_SETNO74;44.566667;-59.058;288021;5;12-mar-06;21:49:42;NaN;1.6764;NaN;1.77342967741935;1;31.954;1;7.642;1;4.338;1;0.6675;1;4.721;1;0;6.50;0.92
TEL2006615_74;MFD_SETNO74;44.566667;-59.058;288020;25;12-mar-06;21:49:42;NaN;1.7341;NaN;2.29889032258064;1;NaN;9;NaN;9;4.6325;1;0.7105;1;4.8625;1;0;6.52;0.95
TEL2006615_74;MFD_SETNO74;44.566667;-59.058;288019;49;12-mar-06;21:49:42;NaN;1.7378;NaN;2.56162064516129;1;NaN;9;NaN;9;4.6645;1;0.71;1;4.8515;1;0;6.57;0.96
TEL2006615_74;MFD_SETNO74;44.566667;-59.058;288018;54;12-mar-06;21:49:42;NaN;1.737;NaN;2.56162064516129;1;31.998;1;7.583;1;4.6415;1;0.7765;1;4.929;1;0;5.98;0.94
TEL2006615_75;MFD_SETNO75;44.6615;-59.123667;288025;6;12-mar-06;23:42:16;NaN;1.0497;NaN;0.531638709677419;1;31.775;1;7.6525;1;5.8705;1;0.7765;1;6.5215;1;0;7.56;0.90
TEL2006615_75;MFD_SETNO75;44.6615;-59.123667;288024;25;12-mar-06;23:42:16;NaN;1.0545;NaN;0.555267096774194;1;NaN;9;NaN;9;5.8045;1;0.7795;1;6.599;1;0;7.45;0.88
TEL2006615_75;MFD_SETNO75;44.6615;-59.123667;288023;49;12-mar-06;23:42:16;NaN;1.4686;NaN;0.378054193548387;1;NaN;9;NaN;9;5.2855;1;1.0225;1;5.837;1;0;5.17;0.91
TEL2006615_75;MFD_SETNO75;44.6615;-59.123667;288022;122;12-mar-06;23:42:16;NaN;2.5423;NaN;0.189121032258065;1;32.485;1;6.2355;1;9.4685;1;1.027;1;10.633;1;0;9.22;0.89
TEL2006615_76;MFD_SETNO76;44.768;-58.927833;288029;5;13-mar-06;02:03:02;NaN;0.857;NaN;0.637966451612903;1;31.735;1;7.7385;1;5.732;1;0.757;1;6.3405;1;0;7.57;0.90
TEL2006615_76;MFD_SETNO76;44.768;-58.927833;288028;26;13-mar-06;02:03:02;NaN;0.8751;NaN;0.567081290322581;1;NaN;9;NaN;9;5.568;1;0.7395;1;6.159;1;0;7.53;0.90
TEL2006615_76;MFD_SETNO76;44.768;-58.927833;288027;50;13-mar-06;02:03:02;NaN;0.8632;NaN;0.531638709677419;1;NaN;9;NaN;9;5.967;1;0.7535;1;6.495;1;0;7.92;0.92
TEL2006615_76;MFD_SETNO76;44.768;-58.927833;288026;267;13-mar-06;02:03:02;NaN;2.9502;NaN;0.0405259354838709;1;32.915;1;5.6805;1;11.3005;1;1.1965;1;13.4765;1;0;9.44;0.84
TEL2006615_78;MFD_SETNO78;44.773333;-59.0165;288033;5;13-mar-06;06:11:48;NaN;0.8812;NaN;NaN;9;NaN;9;NaN;9;NaN;9;NaN;9;NaN;9;0;NaN;NaN
TEL2006615_78;MFD_SETNO78;44.773333;-59.0165;288032;26;13-mar-06;06:11:48;NaN;0.873;NaN;0.543452903225806;1;NaN;9;NaN;9;5.8185;1;0.7705;1;6.399;1;0;7.55;0.91
TEL2006615_78;MFD_SETNO78;44.773333;-59.0165;288031;50;13-mar-06;06:11:48;NaN;0.8487;NaN;0.519824516129032;1;NaN;9;NaN;9;5.389;1;0.6925;1;5.8945;1;0;7.78;0.91
TEL2006615_78;MFD_SETNO78;44.773333;-59.0165;288030;239;13-mar-06;06:11:48;NaN;2.9328;NaN;NaN;9;32.868;1;4.7295;1;11.361;1;1.129;1;12.7835;1;0;10.06;0.89
TEL2006615_79;MFD_SETNO79;44.848333;-58.852667;288037;5;13-mar-06;09:06:44;NaN;0.7208;NaN;0.590709677419355;1;31.668;1;7.8495;1;5.651;1;0.724;1;6.3385;1;0;7.81;0.89
TEL2006615_79;MFD_SETNO79;44.848333;-58.852667;288036;25;13-mar-06;09:06:44;NaN;0.7748;NaN;0.162103741935484;1;NaN;9;NaN;9;6.067;1;0.7795;1;6.6925;1;0;7.78;0.91
TEL2006615_79;MFD_SETNO79;44.848333;-58.852667;288035;50;13-mar-06;09:06:44;NaN;1.8593;NaN;0.131709290322581;1;NaN;9;NaN;9;8.2165;1;0.982;1;9.3765;1;0;8.37;0.88
TEL2006615_79;MFD_SETNO79;44.848333;-58.852667;288034;199;13-mar-06;09:06:44;NaN;2.9046;NaN;0.141770322580645;1;32.862;1;5.833;1;11.2135;1;1.1235;1;12.643;1;0;9.98;0.89
TEL2006615_80;MFD_SETNO80;44.917;-58.5405;288041;5;13-mar-06;11:53:01;NaN;0.8162;NaN;0.531638709677419;1;31.815;1;7.765;1;5.8315;1;0.7645;1;6.4055;1;0;7.63;0.91
TEL2006615_80;MFD_SETNO80;44.917;-58.5405;288040;26;13-mar-06;11:53:01;NaN;0.9806;NaN;NaN;9;NaN;9;NaN;9;NaN;9;NaN;9;NaN;9;0;NaN;NaN
TEL2006615_80;MFD_SETNO80;44.917;-58.5405;288039;50;13-mar-06;11:53:01;NaN;1.2981;NaN;0.543452903225806;1;NaN;9;NaN;9;6.164;1;0.761;1;6.508;1;0;8.10;0.95
TEL2006615_80;MFD_SETNO80;44.917;-58.5405;288038;252;13-mar-06;11:53:01;NaN;2.948;NaN;0.0303944516129032;1;32.958;1;5.7415;1;11.624;1;1.1575;1;13.643;1;0;10.04;0.85
TEL2006615_81;MFD_SETNO81;44.941833;-58.442667;288045;6;13-mar-06;15:27:48;NaN;0.9072;NaN;0.567081290322581;1;31.836;1;7.6675;1;5.9175;1;0.77;1;6.3855;1;0;7.69;0.93
TEL2006615_81;MFD_SETNO81;44.941833;-58.442667;288044;26;13-mar-06;15:27:48;NaN;0.8774;NaN;0.543452903225806;1;NaN;9;NaN;9;5.7185;1;0.7995;1;6.2115;1;0;7.15;0.92
TEL2006615_81;MFD_SETNO81;44.941833;-58.442667;288043;50;13-mar-06;15:27:48;NaN;1.018;NaN;0.318983225806452;1;NaN;9;NaN;9;6.549;1;0.8005;1;7.137;1;0;8.18;0.92
TEL2006615_81;MFD_SETNO81;44.941833;-58.442667;288042;156;13-mar-06;15:27:48;NaN;2.8225;NaN;NaN;9;32.887;1;5.8425;1;10.986;1;1.114;1;12.2635;1;0;9.86;0.90
TEL2006615_82;MFD_SETNO82;44.944167;-58.753;288049;5;13-mar-06;19:21:57;NaN;0.9632;NaN;0.555267096774194;1;31.778;1;7.755;1;5.3065;1;0.702;1;5.683;1;0;7.56;0.93
TEL2006615_82;MFD_SETNO82;44.944167;-58.753;288048;25;13-mar-06;19:21:57;NaN;0.9688;NaN;0.555267096774194;1;NaN;9;NaN;9;5.184;1;0.702;1;5.4845;1;0;7.38;0.95
TEL2006615_82;MFD_SETNO82;44.944167;-58.753;288047;49;13-mar-06;19:21:57;NaN;1.1403;NaN;0.44893935483871;1;NaN;9;NaN;9;5.3485;1;0.712;1;5.547;1;0;7.51;0.96
TEL2006615_82;MFD_SETNO82;44.944167;-58.753;288046;92;13-mar-06;19:21:57;NaN;2.3275;NaN;NaN;9;32.438;1;6.4595;1;7.802;1;0.888;1;8.1695;1;0;8.79;0.96
TEL2006615_83;MFD_SETNO83;45.185333;-58.941667;288053;5;13-mar-06;22:09:50;NaN;0.6334;NaN;NaN;9;NaN;9;NaN;9;NaN;9;NaN;9;NaN;9;0;NaN;NaN
TEL2006615_83;MFD_SETNO83;45.185333;-58.941667;288052;26;13-mar-06;22:09:50;NaN;0.642;NaN;0.63205935483871;1;NaN;9;NaN;9;5.9585;1;0.8035;1;6.6285;1;0;7.42;0.90
TEL2006615_83;MFD_SETNO83;45.185333;-58.941667;288051;51;13-mar-06;22:09:50;NaN;1.2867;NaN;0.224469677419355;1;NaN;9;NaN;9;6.2795;1;0.7695;1;6.898;1;0;8.16;0.91
TEL2006615_83;MFD_SETNO83;45.185333;-58.941667;288050;75;13-mar-06;22:09:50;NaN;1.6904;NaN;0.129956129032258;1;32.075;1;6.9035;1;7.178;1;0.834;1;7.9145;1;0;8.61;0.91
TEL2006615_84;MFD_SETNO84;45.303;-58.876833;288057;6;13-mar-06;23:51:54;NaN;0.6674;NaN;0.519824516129032;1;31.798;1;7.7245;1;5.468;1;0.6835;1;5.605;1;0;8.00;0.98
TEL2006615_84;MFD_SETNO84;45.303;-58.876833;288056;26;13-mar-06;23:51:54;NaN;0.7041;NaN;0.496196129032258;1;NaN;9;NaN;9;5.8805;1;0.7555;1;6.279;1;0;7.78;0.94
TEL2006615_84;MFD_SETNO84;45.303;-58.876833;288055;51;13-mar-06;23:51:54;NaN;0.76;NaN;0.354425806451613;1;NaN;9;NaN;9;6.555;1;0.8;1;6.9215;1;0;8.19;0.95
TEL2006615_84;MFD_SETNO84;45.303;-58.876833;288054;81;13-mar-06;23:51:54;NaN;1.7394;NaN;0.108069161290323;1;32.199;1;6.4575;1;8.1345;1;0.9365;1;9.0745;1;0;8.69;0.90
TEL2006615_85;MFD_SETNO85;45.521333;-58.723;288061;5;14-mar-06;02:18:25;NaN;0.9335;NaN;NaN;9;NaN;9;NaN;9;NaN;9;NaN;9;NaN;9;0;NaN;NaN
TEL2006615_85;MFD_SETNO85;45.521333;-58.723;288060;25;14-mar-06;02:18:25;NaN;0.9444;NaN;0.54936;1;NaN;9;NaN;9;5.6645;1;0.724;1;5.712;1;0;7.82;0.99
TEL2006615_85;MFD_SETNO85;45.521333;-58.723;288059;50;14-mar-06;02:18:25;NaN;0.8895;NaN;0.295354838709677;1;NaN;9;NaN;9;5.45;1;0.7005;1;5.3255;1;0;7.78;1.02
TEL2006615_85;MFD_SETNO85;45.521333;-58.723;288058;79;14-mar-06;02:18:25;NaN;1.2007;NaN;0.135863225806452;1;32.268;1;7.2765;1;6.5685;1;0.8185;1;6.3925;1;0;8.03;1.03
TEL2006615_86;MFD_SETNO86;45.558;-58.851333;288065;5;14-mar-06;04:06:40;NaN;0.9027;NaN;NaN;9;NaN;9;NaN;9;NaN;9;NaN;9;NaN;9;0;NaN;NaN
TEL2006615_86;MFD_SETNO86;45.558;-58.851333;288064;26;14-mar-06;04:06:40;NaN;0.9413;NaN;0.531638709677419;1;NaN;9;NaN;9;4.9515;1;0.664;1;5.131;1;0;7.46;0.97
TEL2006615_86;MFD_SETNO86;45.558;-58.851333;288063;50;14-mar-06;04:06:40;NaN;1.1157;NaN;0.171305806451613;1;NaN;9;NaN;9;6.193;1;0.7425;1;5.8475;1;0;8.34;1.06
TEL2006615_86;MFD_SETNO86;45.558;-58.851333;288062;108;14-mar-06;04:06:40;NaN;2.207;NaN;0.0506574193548387;1;32.851;1;6.06;1;10.781;1;1.0955;1;11.288;1;0;9.84;0.96
TEL2006615_87;MFD_SETNO87;45.5445;-59.624167;288069;5;14-mar-06;08:27:23;NaN;-0.4579;NaN;0.561174193548387;1;30.997;1;NaN;9;6.8975;1;0.8635;1;8.6885;1;0;7.99;0.79
TEL2006615_87;MFD_SETNO87;45.5445;-59.624167;288068;25;14-mar-06;08:27:23;NaN;-0.0239;NaN;0.561174193548387;1;NaN;9;NaN;9;5.9565;1;0.7435;1;7.0055;1;0;8.01;0.85
TEL2006615_87;MFD_SETNO87;45.5445;-59.624167;288067;50;14-mar-06;08:27:23;NaN;2.1121;NaN;0.271726451612903;1;NaN;9;NaN;9;6.727;1;0.794;1;7.2075;1;0;8.47;0.93
TEL2006615_88;MFD_SETNO88;45.510667;-59.729667;288073;5;14-mar-06;09:56:32;NaN;0.0455;NaN;0.567081290322581;1;31.2;1;7.98;1;6.1985;1;0.7955;1;7.368;1;0;7.79;0.84
TEL2006615_88;MFD_SETNO88;45.510667;-59.729667;288072;25;14-mar-06;09:56:32;NaN;0.0319;NaN;0.301261935483871;1;NaN;9;NaN;9;6.4765;1;0.8605;1;6.928;1;0;7.53;0.93
TEL2006615_88;MFD_SETNO88;45.510667;-59.729667;288071;50;14-mar-06;09:56:32;NaN;0.1238;NaN;0.567081290322581;1;NaN;9;NaN;9;6.1755;1;0.822;1;7.403;1;0;7.51;0.83
TEL2006615_88;MFD_SETNO88;45.510667;-59.729667;288070;141;14-mar-06;09:56:32;NaN;2.1413;NaN;0.0388373548387097;1;32.676;1;6.2205;1;9.2455;1;0.984;1;10.341;1;0;9.40;0.89
TEL2006615_89;MFD_SETNO89;45.521333;-59.9315;288077;5;14-mar-06;11:59:50;NaN;0.2618;NaN;0.54936;1;31.338;1;7.954;1;6.072;1;0.8015;1;7.0505;1;0;7.58;0.86
TEL2006615_89;MFD_SETNO89;45.521333;-59.9315;288076;26;14-mar-06;11:59:50;NaN;0.2619;NaN;0.502103225806452;1;NaN;9;NaN;9;6.2255;1;0.801;1;7.0825;1;0;7.77;0.88
TEL2006615_89;MFD_SETNO89;45.521333;-59.9315;288075;50;14-mar-06;11:59:50;NaN;0.9469;NaN;0.165398709677419;1;NaN;9;NaN;9;6.157;1;0.768;1;6.0585;1;0;8.02;1.02
TEL2006615_89;MFD_SETNO89;45.521333;-59.9315;288074;162;14-mar-06;11:59:50;NaN;2.1385;NaN;0.040525935483871;1;32.679;1;6.244;1;8.6535;1;0.986;1;9.3745;1;0;8.78;0.92
TEL2006615_90;MFD_SETNO90;45.420833;-60.1665;288081;5;14-mar-06;14:01:23;NaN;-0.2097;NaN;0.413496774193548;1;30.595;1;8.061;1;6.63;1;0.812;1;8.7495;1;0;8.17;0.76
TEL2006615_90;MFD_SETNO90;45.420833;-60.1665;288080;24;14-mar-06;14:01:23;NaN;-0.1846;NaN;0.295354838709677;1;NaN;9;NaN;9;6.973;1;0.925;1;9.071;1;0;7.54;0.77
TEL2006615_90;MFD_SETNO90;45.420833;-60.1665;288079;50;14-mar-06;14:01:23;NaN;-0.3382;NaN;0.277633548387097;1;NaN;9;NaN;9;6.0595;1;0.7615;1;6.7835;1;0;7.96;0.89
TEL2006615_90;MFD_SETNO90;45.420833;-60.1665;288078;144;14-mar-06;14:01:23;NaN;2.1673;NaN;0.0388373548387097;1;32.699;1;6.1865;1;10.2595;1;1.0905;1;11.0295;1;0;9.41;0.93
TEL2006615_91;MFD_SETNO91;45.2705;-60.4645;288085;5;14-mar-06;16:14:48;NaN;-0.1995;NaN;0.502103225806452;1;30.639;1;7.117;1;6.0805;1;0.781;1;8.1545;1;0;7.79;0.75
TEL2006615_91;MFD_SETNO91;45.2705;-60.4645;288084;25;14-mar-06;16:14:48;NaN;-0.2432;NaN;0.289447741935484;1;NaN;9;NaN;9;6.3665;1;0.797;1;7.943;1;0;7.99;0.80
TEL2006615_91;MFD_SETNO91;45.2705;-60.4645;288083;50;14-mar-06;16:14:48;NaN;-0.2891;NaN;0.157038;1;NaN;9;NaN;9;6.9625;1;0.855;1;8.498;1;0;8.14;0.82
TEL2006615_91;MFD_SETNO91;45.2705;-60.4645;288082;126;14-mar-06;16:14:48;NaN;1.4644;NaN;0.0692318064516129;1;32.094;1;7.018;1;7.296;1;0.8695;1;7.368;1;0;8.39;0.99
TEL2006615_92;MFD_SETNO92;44.268667;-63.323333;288095;3;15-mar-06;05:34:44;NaN;0.2878;NaN;0.531638709677419;1;30.848;1;8.1295;1;6.3225;1;0.7145;1;8.146;1;0;8.85;0.78
TEL2006615_92;MFD_SETNO92;44.268667;-63.323333;288094;5;15-mar-06;05:34:44;NaN;0.297;NaN;0.531638709677419;1;NaN;9;NaN;9;5.986;1;0.711;1;7.705;1;0;8.42;0.78
TEL2006615_92;MFD_SETNO92;44.268667;-63.323333;288093;10;15-mar-06;05:34:44;NaN;0.2984;NaN;0.513917419354839;1;NaN;9;NaN;9;6.342;1;0.763;1;8.1575;1;0;8.31;0.78
TEL2006615_92;MFD_SETNO92;44.268667;-63.323333;288092;21;15-mar-06;05:34:44;NaN;0.2866;NaN;0.513917419354839;1;NaN;9;NaN;9;6.002;1;0.676;1;7.591;1;0;8.88;0.79
TEL2006615_92;MFD_SETNO92;44.268667;-63.323333;288091;31;15-mar-06;05:34:44;NaN;0.3191;NaN;0.289447741935484;1;NaN;9;NaN;9;5.859;1;0.689;1;6.673;1;0;8.50;0.88
TEL2006615_92;MFD_SETNO92;44.268667;-63.323333;288090;41;15-mar-06;05:34:44;NaN;1.2124;NaN;NaN;9;NaN;9;NaN;9;NaN;9;NaN;9;NaN;9;0;NaN;NaN
TEL2006615_92;MFD_SETNO92;44.268667;-63.323333;288089;50;15-mar-06;05:34:44;NaN;1.4026;NaN;0.0658546451612903;1;31.539;1;7.3985;1;5.865;1;0.729;1;6.563;1;0;8.05;0.89
TEL2006615_92;MFD_SETNO92;44.268667;-63.323333;288088;75;15-mar-06;05:34:44;NaN;1.5529;NaN;0.064166064516129;1;NaN;9;NaN;9;5.566;1;0.6985;1;5.991;1;0;7.97;0.93
TEL2006615_92;MFD_SETNO92;44.268667;-63.323333;288087;98;15-mar-06;05:34:44;NaN;2.0529;NaN;0.0928719354838709;1;NaN;9;NaN;9;6.8495;1;0.7705;1;7.1675;1;0;8.89;0.96
TEL2006615_92;MFD_SETNO92;44.268667;-63.323333;288086;163;15-mar-06;05:34:44;NaN;8.5408;NaN;0.0135086451612903;1;34.53;1;3.859;1;16.7305;1;1.155;1;14.2165;1;0;14.49;1.18
