CTD;CTD;CTD;CTD;CTD;CTD;CTD;CTD;CTD;CTD;CTD;labo;labo;labo;labo;labo;labo;labo;labo;labo;labo;labo;labo;labo;calc;calc
Fichier;Station;Latitude;Longitude;Echantillon;zbouteille;Date;Heure;PSAL;TEMP_XX;DOXY;CHL_01;Q_CHL;PSAL_BS;Q_PSAL;OXY_03;Q_OXY;NOx_01;Q_NOX;PO4_01;Q_PO4;Si_01;Q_Si;QCFF;N_P;N_Si
(nom);(nom/no);(degres);(degres);(no_unique);(dbar);(jj-mmm-yyyy);(GMT);(psu);(celsius);(ml/l);(mg/m**3);((none));(PSU);((none));(ml/l);((none));(mmol/m**3);((none));(mmol/m**3);((none));(mmol/m**3);((none));((none));((none));((none))
TEL2004529_0;MFD_SETNO0;44.27075;63.325017;263459;1;05-jul-04;22:35:12;31.352;13.49;3.8925;0.263616279069767;1;31.189;7;6.253;7;0;1;0.301;1;0.566;1;256;0.00;0.00
TEL2004529_0;MFD_SETNO0;44.27075;63.325017;263458;5;05-jul-04;22:35:12;31.438;13.013;3.9455;0.283143410852713;1;NaN;9;NaN;9;0;1;0.368;1;0.4185;1;0;0.00;0.00
TEL2004529_0;MFD_SETNO0;44.27075;63.325017;263457;10;05-jul-04;22:35:12;31.711;12.018;3.8792;0.322197674418605;1;NaN;9;NaN;9;0;1;0.364;1;0.9495;1;0;0.00;0.00
TEL2004529_0;MFD_SETNO0;44.27075;63.325017;263456;20;05-jul-04;22:35:12;31.671;7.362;3.7305;0.607338178294573;1;NaN;9;NaN;9;0;1;0.3755;1;0.533;1;0;0.00;0.00
TEL2004529_0;MFD_SETNO0;44.27075;63.325017;263455;30;05-jul-04;22:35:12;31.996;5.13;3.9254;0.919683527131783;1;NaN;9;NaN;9;0;1;0.4565;1;0.825;1;0;0.00;0.00
TEL2004529_0;MFD_SETNO0;44.27075;63.325017;263454;40;05-jul-04;22:35:12;32.268;3.852;3.8812;0.971741085271318;1;32.221;1;7.3515;7;0;1;0.4945;1;1.255;1;256;0.00;0.00
TEL2004529_0;MFD_SETNO0;44.27075;63.325017;263453;50;05-jul-04;22:35:12;32.315;2.255;3.8527;0.600459302325581;1;NaN;9;NaN;9;2.752;1;0.7595;1;2.5585;1;0;3.62;1.08
TEL2004529_0;MFD_SETNO0;44.27075;63.325017;263452;75;05-jul-04;22:35:12;32.566;2.094;3.9463;0.268498062015504;1;NaN;9;NaN;9;6.016;1;0.954;1;4.8525;1;0;6.31;1.24
TEL2004529_0;MFD_SETNO0;44.27075;63.325017;263451;100;05-jul-04;22:35:12;32.896;2.95;3.8571;0.0830790697674418;1;NaN;9;NaN;9;9.292;1;1.068;1;8.9385;1;0;8.70;1.04
TEL2004529_0;MFD_SETNO0;44.27075;63.325017;263450;171;05-jul-04;22:35:12;33.873;6.382;3.128;0.0311546511627907;1;33.902;1;4.184;7;15.091;1;1.3145;1;14.4535;1;256;11.48;1.04
TEL2004529_1;MFD_SETNO1;44.179967;63.150933;263463;5;06-jul-04;02:13:29;31.371;14.055;4.055;0.258734496124031;1;31.314;1;5.991;7;0;1;0.314;1;0.4635;1;256;0.00;0.00
TEL2004529_1;MFD_SETNO1;44.179967;63.150933;263462;25;06-jul-04;02:13:29;32.166;6.326;3.9245;0.815568410852713;1;NaN;9;NaN;9;0;1;0.3965;1;0.446;1;0;0.00;0.00
TEL2004529_1;MFD_SETNO1;44.179967;63.150933;263461;50;06-jul-04;02:13:29;32.463;2.07;4.0489;0.694100775193798;1;NaN;9;NaN;9;4.512;1;0.84;1;2.637;1;0;5.37;1.71
TEL2004529_1;MFD_SETNO1;44.179967;63.150933;263460;170;06-jul-04;02:13:29;34.888;9.445;2.6206;0.00927538759689923;1;34.839;1;3.0305;1;20.193;1;1.511;1;18.6365;1;0;13.36;1.08
TEL2004529_2;MFD_SETNO2;43.975667;63.051517;263467;5;06-jul-04;04:44:13;31.245;13.6;3.9716;0.302670542635659;1;31.239;1;6.101;7;0;1;0.2825;1;0.65;1;256;0.00;0.00
TEL2004529_2;MFD_SETNO2;43.975667;63.051517;263466;25;06-jul-04;04:44:13;32.137;5.133;3.9661;0.576050387596899;1;NaN;9;NaN;9;0;1;0.4105;1;0.515;1;0;0.00;0.00
TEL2004529_2;MFD_SETNO2;43.975667;63.051517;263465;50;06-jul-04;04:44:13;32.642;2.358;4.1432;0.444242248062016;1;NaN;9;NaN;9;4.1075;1;0.814;1;1.7655;1;0;5.05;2.33
TEL2004529_2;MFD_SETNO2;43.975667;63.051517;263464;223;06-jul-04;04:44:13;34.996;9.683;2.0213;NaN;9;34.996;1;2.5195;1;22.78;1;1.6385;1;21.285;1;0;13.90;1.07
TEL2004529_3;MFD_SETNO3;43.7632;62.618583;263471;5;06-jul-04;09:16:52;31.48;14.626;4.0378;0.302670542635659;1;31.443;1;5.8985;7;0;1;0.28;1;0.298;1;256;0.00;0.00
TEL2004529_3;MFD_SETNO3;43.7632;62.618583;263470;25;06-jul-04;09:16:52;32.547;7.1;3.993;0.867625968992248;1;NaN;9;NaN;9;0;1;0.391;1;0.4745;1;0;0.00;0.00
TEL2004529_3;MFD_SETNO3;43.7632;62.618583;263469;50;06-jul-04;09:16:52;32.728;3.378;4.1868;1.17997131782946;1;NaN;9;NaN;9;1.9205;1;0.636;1;1.2485;1;0;3.02;1.54
TEL2004529_3;MFD_SETNO3;43.7632;62.618583;263468;151;06-jul-04;09:16:52;34.534;8.129;3.2328;NaN;9;34.534;1;4.168;1;15.964;1;1.253;1;12.979;1;0;12.74;1.23
TEL2004529_4;MFD_SETNO4;43.709567;62.430183;263475;5;06-jul-04;11:14:55;31.806;14.267;4.0476;0.234325581395349;1;31.821;1;5.887;7;0;1;0.304;1;0.451;1;256;0.00;0.00
TEL2004529_4;MFD_SETNO4;43.709567;62.430183;263474;25;06-jul-04;11:14:55;32.48;5.354;3.9316;1.02379864341085;1;NaN;9;NaN;9;0;1;0.395;1;0.514;1;0;0.00;0.00
TEL2004529_4;MFD_SETNO4;43.709567;62.430183;263473;50;06-jul-04;11:14:55;32.72;2.971;4.2069;0.971741085271318;1;NaN;9;NaN;9;1.8935;1;0.6625;1;1.0365;1;0;2.86;1.83
TEL2004529_4;MFD_SETNO4;43.709567;62.430183;263472;102;06-jul-04;11:14:55;33.327;3.35;4.089;0.0709633720930233;1;33.321;1;6.121;7;9.5175;1;1.064;1;6.672;1;256;8.95;1.43
TEL2004529_5;MFD_SETNO5;43.59335;62.2449;263479;5;06-jul-04;13:40:09;31.962;13.902;3.9558;0.180625968992248;1;31.971;1;5.8725;7;0;1;0.3225;1;0.642;1;256;0.00;0.00
TEL2004529_5;MFD_SETNO5;43.59335;62.2449;263478;25;06-jul-04;13:40:09;32.171;7.476;3.8758;0.572633139534884;1;NaN;9;NaN;9;0;1;0.328;1;0.7135;1;0;0.00;0.00
TEL2004529_5;MFD_SETNO5;43.59335;62.2449;263477;50;06-jul-04;13:40:09;32.707;2.619;4.1245;1.05850368217054;1;NaN;9;NaN;9;3.271;1;0.779;1;2.6885;1;0;4.20;1.22
TEL2004529_5;MFD_SETNO5;43.59335;62.2449;263476;90;06-jul-04;13:40:09;32.934;2.444;4.0997;0.0969255813953488;1;32.944;1;6.3195;7;7.991;1;0.985;1;7.341;1;256;8.11;1.09
TEL2004529_6;MFD_SETNO6;43.536117;62.500817;263487;1;06-jul-04;16:13:25;32.073;13.82;4.0113;0.244089147286822;1;32.093;1;5.92;7;0;1;0.2975;1;0.295;1;256;0.00;0.00
TEL2004529_6;MFD_SETNO6;43.536117;62.500817;263486;10;06-jul-04;16:13:25;32.085;13.803;4.114;0.454005813953488;1;NaN;9;NaN;9;0;1;0.316;1;0.283;1;0;0.00;0.00
TEL2004529_6;MFD_SETNO6;43.536117;62.500817;263485;20;06-jul-04;16:13:25;32.246;11.197;3.9655;1.12791375968992;1;NaN;9;NaN;9;0;1;0.364;1;0.3445;1;0;0.00;0.00
TEL2004529_6;MFD_SETNO6;43.536117;62.500817;263484;30;06-jul-04;16:13:25;32.488;7.652;4.0746;1.14526627906977;1;NaN;9;NaN;9;1.493;1;0.633;1;0.5875;1;0;2.36;2.54
TEL2004529_6;MFD_SETNO6;43.536117;62.500817;263483;40;06-jul-04;16:13:25;32.521;2.768;4.0427;0.429596899224806;1;NaN;9;NaN;9;2.693;1;0.7345;1;1.021;1;0;3.67;2.64
TEL2004529_6;MFD_SETNO6;43.536117;62.500817;263482;50;06-jul-04;16:13:25;32.629;1.927;4.0941;0.13668992248062;1;NaN;9;NaN;9;5.637;1;0.9025;1;3.898;1;0;6.25;1.45
TEL2004529_6;MFD_SETNO6;43.536117;62.500817;263481;60;06-jul-04;16:13:25;32.912;2.128;4.1008;0.0976356589147287;1;NaN;9;NaN;9;7.1185;1;0.9625;1;5.96;1;0;7.40;1.19
TEL2004529_6;MFD_SETNO6;43.536117;62.500817;263480;77;06-jul-04;16:13:25;32.942;2.178;4.1744;0.078108527131783;1;32.95;1;6.3215;7;7.2375;1;0.962;1;6.064;1;256;7.52;1.19
TEL2004529_7;MFD_SETNO7;43.419017;62.08175;263491;5;06-jul-04;19:26:58;32.009;13.549;4.1407;0.195271317829457;1;32.021;1;6.1955;7;0;1;0.337;1;0.5705;1;256;0.00;0.00
TEL2004529_7;MFD_SETNO7;43.419017;62.08175;263490;25;06-jul-04;19:26:58;32.193;7.141;4.1604;0.711453294573643;1;NaN;9;NaN;9;0;1;0.3665;1;0.6425;1;0;0.00;0.00
TEL2004529_7;MFD_SETNO7;43.419017;62.08175;263489;50;06-jul-04;19:26:58;32.504;2.934;4.3534;0.884978488372093;1;NaN;9;NaN;9;1.188;1;0.6095;1;0.592;1;0;1.95;2.01
TEL2004529_7;MFD_SETNO7;43.419017;62.08175;263488;97;06-jul-04;19:26:58;32.875;2.108;4.2755;0.0501936046511628;1;32.885;1;6.5855;7;7.1425;1;0.992;1;7.301;1;256;7.20;0.98
TEL2004529_8;MFD_SETNO8;43.40365;62.212683;263495;5;06-jul-04;21:21:29;32.015;13.604;4.2443;0.185507751937985;1;32.031;1;6.1675;7;0;1;0.3215;1;0.1665;1;256;0.00;0.00
TEL2004529_8;MFD_SETNO8;43.40365;62.212683;263494;25;06-jul-04;21:21:29;32.154;8.566;4.1888;0.589985658914729;1;NaN;9;NaN;9;0;1;0.348;1;0.247;1;0;0.00;0.00
TEL2004529_8;MFD_SETNO8;43.40365;62.212683;263493;50;06-jul-04;21:21:29;32.478;3.29;4.5037;1.00644612403101;1;NaN;9;NaN;9;0.0945;1;0.5175;1;0.5425;1;0;0.18;0.17
TEL2004529_8;MFD_SETNO8;43.40365;62.212683;263492;96;06-jul-04;21:21:29;32.914;2.298;4.2502;0.0501936046511628;1;32.922;1;6.337;7;7.905;1;1.0255;1;8.336;1;256;7.71;0.95
TEL2004529_9;MFD_SETNO9;43.381867;62.4081;263499;5;06-jul-04;23:50:24;32.059;13.688;4.1747;0.20503488372093;1;32.072;1;6.2265;7;0.0065;1;0.322;1;0.42;1;256;0.02;0.02
TEL2004529_9;MFD_SETNO9;43.381867;62.4081;263498;25;06-jul-04;23:50:24;32.236;8.395;4.1445;0.47841472868217;1;NaN;9;NaN;9;0.0155;1;0.3535;1;0.055;1;0;0.04;0.28
TEL2004529_9;MFD_SETNO9;43.381867;62.4081;263497;50;06-jul-04;23:50:24;32.599;2.62;4.3729;0.517468992248062;1;NaN;9;NaN;9;4.235;1;0.784;1;2.5055;1;0;5.40;1.69
TEL2004529_9;MFD_SETNO9;43.381867;62.4081;263496;84;06-jul-04;23:50:24;32.839;2.821;4.2598;0.27337984496124;1;32.847;1;6.429;7;7.473;1;0.955;1;6.3095;1;256;7.83;1.18
TEL2004529_10;MFD_SETNO10;43.302533;62.7803;263804;5;07-jul-04;02:22:46;31.976;13.571;4.2662;0.263616279069767;1;32.043;1;6.6945;7;0.105;1;0.2955;1;0.3905;1;256;0.36;0.27
TEL2004529_10;MFD_SETNO10;43.302533;62.7803;263803;25;07-jul-04;02:22:46;32.203;9.64;4.2878;0.884978488372093;1;NaN;9;NaN;9;0.1065;1;0.324;1;0.421;1;0;0.33;0.25
TEL2004529_10;MFD_SETNO10;43.302533;62.7803;263802;50;07-jul-04;02:22:46;32.636;3.895;4.4653;1.59643178294574;1;NaN;9;NaN;9;1.0765;1;0.569;1;0.889;1;0;1.89;1.21
TEL2004529_10;MFD_SETNO10;43.302533;62.7803;263801;97;07-jul-04;02:22:46;33.045;2.332;4.3072;0.0657709302325582;1;33.05;1;6.374;7;8.383;1;0.93;1;5.986;1;256;9.01;1.40
TEL2004529_11;MFD_SETNO11;43.124317;62.777283;263808;5;07-jul-04;04:28:31;32.065;12.65;4.355;0.234325581395349;1;32.049;1;6.2805;7;0.1215;1;0.2885;1;0.427;1;256;0.42;0.28
TEL2004529_11;MFD_SETNO11;43.124317;62.777283;263807;25;07-jul-04;04:28:31;32.29;7.783;4.1811;1.09320872093023;1;NaN;9;NaN;9;0.1275;1;0.335;1;0.4175;1;0;0.38;0.31
TEL2004529_11;MFD_SETNO11;43.124317;62.777283;263806;50;07-jul-04;04:28:31;32.629;2.254;4.3036;0.711453294573643;1;NaN;9;NaN;9;2.887;1;0.709;1;1.125;1;0;4.07;2.57
TEL2004529_11;MFD_SETNO11;43.124317;62.777283;263805;109;07-jul-04;04:28:31;33.052;2.224;4.3366;0.0501936046511628;1;33.06;1;6.6495;7;8.4585;1;0.944;1;7.084;1;256;8.96;1.19
TEL2004529_12;MFD_SETNO12;43.13575;62.904333;263812;5;07-jul-04;06:16:57;31.925;12.489;4.4337;0.292906976744186;1;31.906;1;6.452;7;0.13;1;0.2825;1;0.561;1;256;0.46;0.23
TEL2004529_12;MFD_SETNO12;43.13575;62.904333;263811;25;07-jul-04;06:16:57;32.166;7.821;4.3753;0.537928100775194;1;NaN;9;NaN;9;0.132;1;0.293;1;0.4565;1;0;0.45;0.29
TEL2004529_12;MFD_SETNO12;43.13575;62.904333;263810;50;07-jul-04;06:16:57;32.595;3.251;4.5211;1.68319437984496;1;NaN;9;NaN;9;0.372;1;0.456;1;0.479;1;0;0.82;0.78
TEL2004529_12;MFD_SETNO12;43.13575;62.904333;263809;119;07-jul-04;06:16:57;33.443;3.319;4.2801;0.0501936046511628;1;33.456;1;6.1445;7;11.1535;1;0.9935;1;8.6455;1;256;11.23;1.29
TEL2004529_13;MFD_SETNO13;43.004933;62.99175;263816;5;07-jul-04;08:52:32;31.922;12.032;4.8093;0.351488372093023;1;31.94;1;6.552;7;0.1605;1;0.2755;1;0.478;1;256;0.58;0.34
TEL2004529_13;MFD_SETNO13;43.004933;62.99175;263815;25;07-jul-04;08:52:32;32.37;4.379;4.4503;1.35349651162791;1;NaN;9;NaN;9;0.712;1;0.4965;1;0.6525;1;0;1.43;1.09
TEL2004529_13;MFD_SETNO13;43.004933;62.99175;263814;50;07-jul-04;08:52:32;32.561;1.472;4.4618;0.458887596899225;1;NaN;9;NaN;9;4.5725;1;0.8295;1;1.801;1;0;5.51;2.54
TEL2004529_13;MFD_SETNO13;43.004933;62.99175;263813;131;07-jul-04;08:52:32;33.408;3.058;4.4566;0.0732267441860465;1;33.416;1;6.2475;7;11.044;1;0.9845;1;8.1495;1;256;11.22;1.36
TEL2004529_14;MFD_SETNO14;42.9716;62.664883;263820;5;07-jul-04;11:18:38;31.983;13.363;4.3866;0.439360465116279;1;31.947;1;6.3295;7;0.198;1;0.291;1;0.7805;1;256;0.68;0.25
TEL2004529_14;MFD_SETNO14;42.9716;62.664883;263819;25;07-jul-04;11:18:38;32.239;6.408;4.2347;0.954388565891473;1;NaN;9;NaN;9;0.19;1;0.329;1;0.516;1;0;0.58;0.37
TEL2004529_14;MFD_SETNO14;42.9716;62.664883;263818;50;07-jul-04;11:18:38;32.566;2.464;4.4012;1.16261879844961;1;NaN;9;NaN;9;2.278;1;0.6755;1;0.922;1;0;3.37;2.47
TEL2004529_14;MFD_SETNO14;42.9716;62.664883;263817;112;07-jul-04;11:18:38;33.042;1.995;4.4438;0.0432703488372093;1;33.052;1;6.431;7;8.848;1;0.957;1;7.0625;1;256;9.25;1.25
TEL2004529_15;MFD_SETNO15;42.88085;63.065883;263824;5;07-jul-04;18:20:03;31.924;14.227;4.2288;0.607338178294574;1;31.958;1;7.0445;7;0.1625;1;0.2725;1;0.4015;1;256;0.60;0.40
TEL2004529_15;MFD_SETNO15;42.88085;63.065883;263823;25;07-jul-04;18:20:03;32.078;9.909;4.0892;1.1973238372093;1;NaN;9;NaN;9;0.2255;1;0.3445;1;0.4565;1;0;0.65;0.49
TEL2004529_15;MFD_SETNO15;42.88085;63.065883;263822;50;07-jul-04;18:20:03;32.559;3.13;4.3524;0.278261627906977;1;NaN;9;NaN;9;5.0015;1;0.883;1;2.867;1;0;5.66;1.74
TEL2004529_15;MFD_SETNO15;42.88085;63.065883;263821;139;07-jul-04;18:20:03;33.923;4.553;4.0207;0.0588476744186047;1;33.916;1;6.017;7;12.812;1;1.016;1;8.4705;1;256;12.61;1.51
TEL2004529_16;MFD_SETNO16;42.813117;63.120733;263828;5;07-jul-04;20:52:34;32.398;14.874;4.1298;0.642043217054264;1;32.408;1;6.294;7;0.2285;1;0.2805;1;0.5205;1;256;0.81;0.44
TEL2004529_16;MFD_SETNO16;42.813117;63.120733;263827;25;07-jul-04;20:52:34;32.764;6.275;4.0681;1.76995697674419;1;NaN;9;NaN;9;0.244;1;0.3755;1;0.5435;1;0;0.65;0.45
TEL2004529_16;MFD_SETNO16;42.813117;63.120733;263826;50;07-jul-04;20:52:34;32.55;1.861;4.3588;1.82201453488372;1;NaN;9;NaN;9;3.3555;1;0.752;1;1.2785;1;0;4.46;2.62
TEL2004529_16;MFD_SETNO16;42.813117;63.120733;263825;215;07-jul-04;20:52:34;34.326;5.571;3.8595;0.0398087209302326;1;34.224;7;5.4;7;14.6245;1;1.086;1;10.21;1;256;13.47;1.43
TEL2004529_17;MFD_SETNO17;42.879167;63.426867;263832;5;07-jul-04;23:16:32;31.917;13.251;4.4883;0.346606589147287;1;31.907;1;6.533;7;0.193;1;0.263;1;0.6855;1;256;0.73;0.28
TEL2004529_17;MFD_SETNO17;42.879167;63.426867;263831;25;07-jul-04;23:16:32;32.452;4.598;4.3056;2.06494980620155;1;NaN;9;NaN;9;0.7755;1;0.4805;1;0.732;1;0;1.61;1.06
TEL2004529_17;MFD_SETNO17;42.879167;63.426867;263830;50;07-jul-04;23:16:32;32.733;3.038;4.5635;0.268498062015504;1;NaN;9;NaN;9;5.5795;1;0.861;1;3.3915;1;0;6.48;1.65
TEL2004529_17;MFD_SETNO17;42.879167;63.426867;263829;162;07-jul-04;23:16:32;34.289;6.29;3.9075;0.0294238372093023;1;34.289;1;5.2795;7;14.8535;1;1.0875;1;10.301;1;256;13.66;1.44
TEL2004529_18;MFD_SETNO18;42.75795;63.507533;263842;1;08-jul-04;01:52:06;31.358;15.208;4.4738;NaN;9;NaN;9;NaN;9;NaN;9;NaN;9;NaN;9;0;NaN;NaN
TEL2004529_18;MFD_SETNO18;42.75795;63.507533;263841;10;08-jul-04;01:52:06;32.02;12.179;4.3788;0.572633139534884;1;32.027;1;6.8415;7;0.0975;1;0.2445;1;0.806;1;256;0.40;0.12
TEL2004529_18;MFD_SETNO18;42.75795;63.507533;263840;20;08-jul-04;01:52:06;32.352;7.698;4.3185;0.815568410852713;1;NaN;9;NaN;9;0.096;1;0.258;1;1.1465;1;0;0.37;0.08
TEL2004529_18;MFD_SETNO18;42.75795;63.507533;263839;30;08-jul-04;01:52:06;32.521;6.336;4.5377;1.12791375968992;1;NaN;9;NaN;9;0.099;1;0.322;1;0.834;1;0;0.31;0.12
TEL2004529_18;MFD_SETNO18;42.75795;63.507533;263838;40;08-jul-04;01:52:06;32.691;4.758;4.5762;1.3882015503876;1;NaN;9;NaN;9;0.306;1;0.3945;1;0.898;1;0;0.78;0.34
TEL2004529_18;MFD_SETNO18;42.75795;63.507533;263837;50;08-jul-04;01:52:06;32.778;3.325;4.5123;0.884978488372093;1;NaN;9;NaN;9;1.291;1;0.4985;1;1.3375;1;0;2.59;0.97
TEL2004529_18;MFD_SETNO18;42.75795;63.507533;263836;75;08-jul-04;01:52:06;32.933;2.839;4.5278;NaN;9;NaN;9;NaN;9;NaN;9;NaN;9;NaN;9;0;NaN;NaN
TEL2004529_18;MFD_SETNO18;42.75795;63.507533;263835;100;08-jul-04;01:52:06;33.58;5.039;4.3572;0.0934639534883721;1;NaN;9;NaN;9;10.134;1;0.9045;1;6.8225;1;0;11.20;1.49
TEL2004529_18;MFD_SETNO18;42.75795;63.507533;263834;250;08-jul-04;01:52:06;35.111;8.444;2.6749;0.00878720930232558;1;35.11;1;3.703;7;24.278;1;1.41;1;14.047;1;256;17.22;1.73
TEL2004529_18;MFD_SETNO18;42.75795;63.507533;263833;586;08-jul-04;01:52:06;34.922;4.679;3.8702;0.00878720930232558;1;34.922;1;5.563;7;19.5805;1;1.2425;1;12.282;1;256;15.76;1.59
TEL2004529_19;MFD_SETNO19;42.773283;63.973517;263846;5;08-jul-04;05:32:50;30.962;14.758;4.4828;0.449124031007752;1;31.185;7;6.3855;7;0.1235;1;0.207;1;0.6695;1;256;0.60;0.18
TEL2004529_19;MFD_SETNO19;42.773283;63.973517;263845;25;08-jul-04;05:32:50;32.275;4.916;4.3479;0.585813953488372;1;NaN;9;NaN;9;0.1535;1;0.338;1;0.979;1;0;0.45;0.16
TEL2004529_19;MFD_SETNO19;42.773283;63.973517;263844;50;08-jul-04;05:32:50;32.788;2.677;4.5196;0.322197674418605;1;NaN;9;NaN;9;5.0235;1;0.723;1;2.8755;1;0;6.95;1.75
TEL2004529_19;MFD_SETNO19;42.773283;63.973517;263843;256;08-jul-04;05:32:50;35.049;7.724;2.7408;0.0155773255813953;1;35.05;1;3.906;7;23.6385;1;1.363;1;13.955;1;256;17.34;1.69
TEL2004529_20;MFD_SETNO20;42.712967;63.996183;263850;5;08-jul-04;08:28:38;31.375;15.212;4.2335;0.28802519379845;1;31.329;1;6.0745;7;0.144;1;0.2105;1;1.1525;1;256;0.68;0.12
TEL2004529_20;MFD_SETNO20;42.712967;63.996183;263849;25;08-jul-04;08:28:38;31.951;8.788;4.2851;0.624690697674419;1;NaN;9;NaN;9;0.1425;1;0.254;1;0.8165;1;0;0.56;0.17
TEL2004529_20;MFD_SETNO20;42.712967;63.996183;263848;50;08-jul-04;08:28:38;34.035;11.031;4.667;0.711453294573643;1;NaN;9;NaN;9;0.4155;1;0.257;1;1.272;1;0;1.62;0.33
TEL2004529_20;MFD_SETNO20;42.712967;63.996183;263847;585;08-jul-04;08:28:38;34.906;4.767;3.8622;0.00683449612403101;1;34.932;1;5.4655;7;19.5935;1;1.167;1;12.466;1;256;16.79;1.57
TEL2004529_21;MFD_SETNO21;42.863633;63.90915;263854;5;08-jul-04;10:56:08;30.985;14.138;4.4165;0.336843023255814;1;31.019;1;6.227;7;0.1665;1;0.217;1;0.7465;1;256;0.77;0.22
TEL2004529_21;MFD_SETNO21;42.863633;63.90915;263853;25;08-jul-04;10:56:08;32.221;2.128;4.1981;1.12791375968992;1;NaN;9;NaN;9;1.8385;1;0.5725;1;1.872;1;0;3.21;0.98
TEL2004529_21;MFD_SETNO21;42.863633;63.90915;263852;50;08-jul-04;10:56:08;32.445;1.825;4.4981;0.520575581395349;1;NaN;9;NaN;9;4.6335;1;0.726;1;3.4265;1;0;6.38;1.35
TEL2004529_21;MFD_SETNO21;42.863633;63.90915;263851;123;08-jul-04;10:56:08;33.975;6.673;3.5559;0.0173081395348837;1;33.862;7;4.634;7;15.274;1;1.112;1;11.611;1;256;13.74;1.32
TEL2004529_22;MFD_SETNO22;43.126517;63.459183;263858;5;08-jul-04;14:17:57;31.707;14.525;4.2275;0.283143410852713;1;31.736;1;7.853;7;0.091;1;0.235;1;0;7;288;0.39;NaN
TEL2004529_22;MFD_SETNO22;43.126517;63.459183;263857;25;08-jul-04;14:17:57;32.335;5.744;4.188;0.590695736434108;1;NaN;9;NaN;9;0.199;1;0.416;1;0;7;32;0.48;NaN
TEL2004529_22;MFD_SETNO22;43.126517;63.459183;263856;50;08-jul-04;14:17:57;32.662;2.409;4.3444;0.209916666666667;1;NaN;9;NaN;9;7.5725;1;0.828;1;0;7;32;9.15;NaN
TEL2004529_22;MFD_SETNO22;43.126517;63.459183;263855;150;08-jul-04;14:17:57;34.863;9.245;3.2008;0.013846511627907;1;34.861;1;5.428;7;16.4375;1;1.091;1;0;7;288;15.07;NaN
TEL2004529_23;MFD_SETNO23;43.31585;63.786983;263862;5;08-jul-04;17:09:32;31.202;13.147;4.5627;0.607338178294574;1;31.337;7;7.0895;7;0.093;1;0.273;1;0.8915;1;256;0.34;0.10
TEL2004529_23;MFD_SETNO23;43.31585;63.786983;263861;25;08-jul-04;17:09:32;32.237;3.963;4.3675;1.1973238372093;1;NaN;9;NaN;9;0.2325;1;0.442;1;1.507;1;0;0.53;0.15
TEL2004529_23;MFD_SETNO23;43.31585;63.786983;263860;50;08-jul-04;17:09:32;32.469;1.817;4.4469;0.503223062015504;1;NaN;9;NaN;9;5.5825;1;0.875;1;5.1265;1;0;6.38;1.09
TEL2004529_23;MFD_SETNO23;43.31585;63.786983;263859;164;08-jul-04;17:09:32;34.647;8.826;2.4317;0.0190389534883721;1;34.603;1;3.1315;1;19.0075;1;1.394;1;0;3;16;13.64;NaN
TEL2004529_24;MFD_SETNO24;43.1066;64.07555;263866;5;08-jul-04;20:09:18;30.988;14.035;4.54;0.331961240310078;1;31.047;1;6.841;7;0.077;1;0.2505;1;0.9975;1;256;0.31;0.08
TEL2004529_24;MFD_SETNO24;43.1066;64.07555;263865;25;08-jul-04;20:09:18;32.198;4.17;4.3305;0.624868217054263;1;NaN;9;NaN;9;0.342;1;0.3645;1;3.811;1;0;0.94;0.09
TEL2004529_24;MFD_SETNO24;43.1066;64.07555;263864;50;08-jul-04;20:09:18;32.377;1.626;4.4002;0.151335271317829;1;NaN;9;NaN;9;6.4625;1;0.909;1;6.121;1;0;7.11;1.06
TEL2004529_24;MFD_SETNO24;43.1066;64.07555;263863;89;08-jul-04;20:09:18;32.471;1.846;4.553;0.122044573643411;1;32.483;1;7.2095;7;6.524;1;0.905;1;6.232;1;256;7.21;1.05
TEL2004529_25;MFD_SETNO25;43.237967;64.172383;263870;5;08-jul-04;22:24:27;30.983;14.362;4.4982;0.642043217054264;1;31.275;7;6.994;7;0.0545;1;0.262;1;1.283;1;256;0.21;0.04
TEL2004529_25;MFD_SETNO25;43.237967;64.172383;263869;25;08-jul-04;22:24:27;32.141;5.489;4.4004;1.26673391472868;1;NaN;9;NaN;9;0.084;1;0.367;1;1.078;1;0;0.23;0.08
TEL2004529_25;MFD_SETNO25;43.237967;64.172383;263868;50;08-jul-04;22:24:27;32.5;2.117;4.5678;0.503223062015504;1;NaN;9;NaN;9;4.328;1;0.7925;1;3.504;1;0;5.46;1.24
TEL2004529_25;MFD_SETNO25;43.237967;64.172383;263867;83;08-jul-04;22:24:27;32.88;2.976;4.2535;0.0571168604651163;1;32.888;1;6.4825;7;9.654;1;1.0025;1;8.12;1;256;9.63;1.19
TEL2004529_26;MFD_SETNO26;43.578917;63.658;263874;5;09-jul-04;02:07:59;30.975;15.147;4.274;NaN;9;31.153;7;6.5745;7;NaN;9;NaN;9;NaN;9;256;NaN;NaN
TEL2004529_26;MFD_SETNO26;43.578917;63.658;263873;25;09-jul-04;02:07:59;32.013;7.599;4.1334;0.297788759689922;1;NaN;9;NaN;9;NaN;9;NaN;9;NaN;9;0;NaN;NaN
TEL2004529_26;MFD_SETNO26;43.578917;63.658;263872;50;09-jul-04;02:07:59;32.498;2.213;4.4645;0.919683527131783;1;NaN;9;NaN;9;NaN;9;NaN;9;NaN;9;0;NaN;NaN
TEL2004529_26;MFD_SETNO26;43.578917;63.658;263871;223;09-jul-04;02:07:59;34.928;9.554;1.6144;0.607338178294573;1;34.922;1;2.2975;1;NaN;9;NaN;9;NaN;9;0;NaN;NaN
TEL2004529_27;MFD_SETNO27;44.091967;63.429517;263878;5;09-jul-04;22:11:03;31.414;15.382;3.8226;0.248970930232558;1;31.462;1;6.691;7;0.047;1;0.2435;1;0.998;1;256;0.19;0.05
TEL2004529_27;MFD_SETNO27;44.091967;63.429517;263877;25;09-jul-04;22:11:03;32.203;7.863;3.8419;0.884978488372093;1;NaN;9;NaN;9;0.0675;1;0.317;1;1.023;1;0;0.21;0.07
TEL2004529_27;MFD_SETNO27;44.091967;63.429517;263876;50;09-jul-04;22:11:03;32.467;2.219;4.2437;0.624690697674419;1;NaN;9;NaN;9;2.251;1;0.655;1;2.262;1;0;3.44;1.00
TEL2004529_27;MFD_SETNO27;44.091967;63.429517;263875;163;09-jul-04;22:11:03;34.389;8.037;2.8053;0.0207697674418605;1;34.373;1;5.3645;7;17.9005;1;1.296;1;16.706;1;256;13.81;1.07
TEL2004529_28;MFD_SETNO28;44.054567;63.9639;263882;5;10-jul-04;01:20:38;31.168;14.193;4.2919;0.555280620155039;1;31.245;1;6.679;7;0.0775;1;0.2575;1;1.0835;1;256;0.30;0.07
TEL2004529_28;MFD_SETNO28;44.054567;63.9639;263881;25;10-jul-04;01:20:38;31.723;5.552;4.2831;0.763510852713178;1;NaN;9;NaN;9;0.093;1;0.32;1;1.0325;1;0;0.29;0.09
TEL2004529_28;MFD_SETNO28;44.054567;63.9639;263880;50;10-jul-04;01:20:38;32.271;2.015;4.3124;0.485870542635659;1;NaN;9;NaN;9;3.9325;1;0.749;1;4.326;1;0;5.25;0.91
TEL2004529_28;MFD_SETNO28;44.054567;63.9639;263879;120;10-jul-04;01:20:38;33.129;3.741;4.1056;0.0588476744186047;1;33.092;1;6.0065;7;10.256;1;0.983;1;9.631;1;256;10.43;1.06
TEL2004529_29;MFD_SETNO29;43.464617;64.281367;263886;5;10-jul-04;06:04:54;31.204;14.189;4.2466;0.659395736434109;1;31.277;1;6.33;7;0.0825;1;0.261;1;1.297;1;256;0.32;0.06
TEL2004529_29;MFD_SETNO29;43.464617;64.281367;263885;25;10-jul-04;06:04:54;32.082;5.077;4.1807;1.07585620155039;1;NaN;9;NaN;9;0.6445;1;0.428;1;1.3915;1;0;1.51;0.46
TEL2004529_29;MFD_SETNO29;43.464617;64.281367;263884;50;10-jul-04;06:04:54;32.134;1.258;4.3186;0.122044573643411;1;NaN;9;NaN;9;5.552;1;0.8555;1;5.1165;1;0;6.49;1.09
TEL2004529_29;MFD_SETNO29;43.464617;64.281367;263883;200;10-jul-04;06:04:54;34.794;9.226;1.9821;NaN;9;34.792;1;2.3355;1;22.234;1;1.593;1;24.01;1;0;13.96;0.93
TEL2004529_30;MFD_SETNO30;43.62645;64.490867;263890;5;10-jul-04;08:52:31;30.876;13.611;5.0727;0.815568410852713;1;31.088;7;6.7685;7;0.228;1;0.2965;1;1.645;1;256;0.77;0.14
TEL2004529_30;MFD_SETNO30;43.62645;64.490867;263889;25;10-jul-04;08:52:31;31.607;1.775;4.53;0.902331007751938;1;NaN;9;NaN;9;2.9395;1;0.688;1;3.43;1;0;4.27;0.86
TEL2004529_30;MFD_SETNO30;43.62645;64.490867;263888;50;10-jul-04;08:52:31;31.946;0.741;4.7021;0.109041279069767;1;NaN;9;NaN;9;5.2035;1;0.879;1;4.7295;1;0;5.92;1.10
TEL2004529_30;MFD_SETNO30;43.62645;64.490867;263887;156;10-jul-04;08:52:31;32.026;7.31;3.2543;NaN;9;34.181;7;3.689;1;16.154;1;1.2655;1;17.057;1;256;12.76;0.95
TEL2004529_31;MFD_SETNO31;43.406133;64.562833;263894;5;10-jul-04;11:06:35;30.812;13.154;4.59;0.659395736434109;1;30.88;1;6.559;7;0;1;0.25;1;1.429;1;256;0.00;0.00
TEL2004529_31;MFD_SETNO31;43.406133;64.562833;263893;25;10-jul-04;11:06:35;32.059;3.546;4.3595;0.919683527131783;1;NaN;9;NaN;9;0.0595;1;0.268;1;1.3605;1;0;0.22;0.04
TEL2004529_31;MFD_SETNO31;43.406133;64.562833;263892;50;10-jul-04;11:06:35;32.122;1.417;4.7894;0.154042441860465;1;NaN;9;NaN;9;5.1805;1;0.8685;1;5.3345;1;0;5.96;0.97
TEL2004529_31;MFD_SETNO31;43.406133;64.562833;263891;81;10-jul-04;11:06:35;32.204;1.418;4.8892;0.114233720930233;1;32.219;1;6.945;7;5.949;1;0.8945;1;6.0955;1;256;6.65;0.98
TEL2004529_32;MFD_SETNO32;43.331983;64.653717;263898;5;10-jul-04;12:36:00;30.924;13.728;4.5075;0.380779069767442;1;30.947;1;6.3595;7;0;1;0.2255;1;0.849;1;256;0.00;0.00
TEL2004529_32;MFD_SETNO32;43.331983;64.653717;263897;25;10-jul-04;12:36:00;31.906;5.799;4.4574;1.1973238372093;1;NaN;9;NaN;9;0.3415;1;0.38;1;1.2425;1;0;0.90;0.27
TEL2004529_32;MFD_SETNO32;43.331983;64.653717;263896;50;10-jul-04;12:36:00;32.138;1.588;4.4034;0.209916666666667;1;NaN;9;NaN;9;5.3045;1;0.857;1;5.1345;1;0;6.19;1.03
TEL2004529_32;MFD_SETNO32;43.331983;64.653717;263895;83;10-jul-04;12:36:00;32.318;1.563;4.564;0.0986563953488372;1;32.328;1;6.867;7;6.2455;1;0.887;1;6.261;1;256;7.04;1.00
TEL2004529_33;MFD_SETNO33;43.12605;64.710517;263902;5;10-jul-04;15:00:01;30.918;13.642;4.5471;0.375897286821705;1;30.967;1;6.3975;7;0;1;0.2355;1;0.7155;1;256;0.00;0.00
TEL2004529_33;MFD_SETNO33;43.12605;64.710517;263901;25;10-jul-04;15:00:01;31.786;4.083;4.5156;0.615104651162791;1;NaN;9;NaN;9;0.613;1;0.427;1;1.865;1;0;1.44;0.33
TEL2004529_33;MFD_SETNO33;43.12605;64.710517;263900;50;10-jul-04;15:00:01;32.093;1.132;4.5074;0.322197674418605;1;NaN;9;NaN;9;5.29;1;0.827;1;4.5995;1;0;6.40;1.15
TEL2004529_33;MFD_SETNO33;43.12605;64.710517;263899;127;10-jul-04;15:00:01;32.896;3.235;4.2616;0.0328854651162791;1;32.907;1;5.958;7;10.4605;1;1.015;1;9.133;1;256;10.31;1.15
TEL2004529_34;MFD_SETNO34;42.94775;64.2624;263906;5;10-jul-04;18:03:14;30.993;14.066;4.5179;0.244089147286822;1;31.059;1;6.6355;7;0;1;0.2425;1;0.6725;1;256;0.00;0.00
TEL2004529_34;MFD_SETNO34;42.94775;64.2624;263905;25;10-jul-04;18:03:14;32.033;6.177;4.5279;0.676748255813953;1;NaN;9;NaN;9;0.211;1;0.41;1;1.039;1;0;0.51;0.20
TEL2004529_34;MFD_SETNO34;42.94775;64.2624;263904;50;10-jul-04;18:03:14;32.454;1.861;4.3615;0.248970930232558;1;NaN;9;NaN;9;5.814;1;0.8485;1;4.953;1;0;6.85;1.17
TEL2004529_34;MFD_SETNO34;42.94775;64.2624;263903;112;10-jul-04;18:03:14;33.375;4.735;3.8613;0.112281007751938;1;33.387;1;5.475;7;11.979;1;1.1055;1;11.2175;1;256;10.84;1.07
TEL2004529_35;MFD_SETNO35;42.974217;64.739283;263910;5;10-jul-04;20:54:30;31.005;13.895;4.3874;0.302670542635659;1;31.063;1;6.6025;7;0.0095;1;0.25;1;0.7265;1;256;0.04;0.01
TEL2004529_35;MFD_SETNO35;42.974217;64.739283;263909;25;10-jul-04;20:54:30;32;3.358;4.3108;1.07585620155039;1;NaN;9;NaN;9;2.4085;1;0.6415;1;2.7515;1;0;3.75;0.88
TEL2004529_35;MFD_SETNO35;42.974217;64.739283;263908;50;10-jul-04;20:54:30;32.346;1.783;4.3372;0.151335271317829;1;NaN;9;NaN;9;6.5105;1;0.8765;1;5.432;1;0;7.43;1.20
TEL2004529_35;MFD_SETNO35;42.974217;64.739283;263907;84;10-jul-04;20:54:30;32.344;1.837;4.6381;0.126926356589147;1;32.364;1;7.0145;7;6.554;1;0.875;1;5.477;1;256;7.49;1.20
TEL2004529_36;MFD_SETNO36;42.9181;64.652233;263914;5;10-jul-04;22:12:26;30.943;13.997;4.5279;0.28802519379845;1;30.997;1;7.51;7;0;1;0.2585;1;0.629;1;256;0.00;0.00
TEL2004529_36;MFD_SETNO36;42.9181;64.652233;263913;25;10-jul-04;22:12:26;31.876;4.285;4.4643;1.28408643410853;1;NaN;9;NaN;9;0;1;0.445;1;1.334;1;0;0.00;0.00
TEL2004529_36;MFD_SETNO36;42.9181;64.652233;263912;50;10-jul-04;22:12:26;32.31;1.381;4.3717;0.141571705426357;1;NaN;9;NaN;9;6.218;1;0.8975;1;5.5185;1;0;6.93;1.13
TEL2004529_36;MFD_SETNO36;42.9181;64.652233;263911;89;10-jul-04;22:12:26;32.308;1.35;4.6121;0.117162790697674;1;32.32;1;8.103;7;7.115;1;0.934;1;5.806;1;256;7.62;1.23
TEL2004529_37;MFD_SETNO37;43.12635;65.297733;263918;5;11-jul-04;02:15:47;30.926;12.235;4.9392;0.322197674418605;1;31.101;7;8.2315;7;0;1;0.2885;1;0.81;1;256;0.00;0.00
TEL2004529_37;MFD_SETNO37;43.12635;65.297733;263917;25;11-jul-04;02:15:47;31.548;5.534;4.8434;0.659395736434109;1;NaN;9;NaN;9;2.2015;1;0.63;1;2.1895;1;0;3.49;1.01
TEL2004529_37;MFD_SETNO37;43.12635;65.297733;263916;50;11-jul-04;02:15:47;31.984;1.315;4.7131;0.183466279069767;1;NaN;9;NaN;9;5.044;1;0.849;1;4.292;1;0;5.94;1.18
TEL2004529_37;MFD_SETNO37;43.12635;65.297733;263915;107;11-jul-04;02:15:47;32.526;2.085;4.6163;0.0450011627906977;1;32.538;1;7.6785;7;8.064;1;0.951;1;6.851;1;256;8.48;1.18
TEL2004529_39;MFD_SETNO39;43.374583;65.220617;263928;1;11-jul-04;08:03:11;30.377;13.07;4.6449;0.390542635658915;1;30.861;7;7.5415;7;0.002;1;0.269;1;0.598;1;256;0.01;0.00
TEL2004529_39;MFD_SETNO39;43.374583;65.220617;263927;10;11-jul-04;08:03:11;31.214;9.586;4.6998;0.400306201550388;1;NaN;9;NaN;9;0;1;0.306;1;0.7415;1;0;0.00;0.00
TEL2004529_39;MFD_SETNO39;43.374583;65.220617;263926;20;11-jul-04;08:03:11;31.518;6.559;4.9081;0.642043217054264;1;NaN;9;NaN;9;0.0965;1;0.35;1;1.2645;1;0;0.28;0.08
TEL2004529_39;MFD_SETNO39;43.374583;65.220617;263925;30;11-jul-04;08:03:11;31.77;4.188;4.7981;0.624690697674419;1;NaN;9;NaN;9;1.8505;1;0.586;1;2.7875;1;0;3.16;0.66
TEL2004529_39;MFD_SETNO39;43.374583;65.220617;263924;40;11-jul-04;08:03:11;31.935;2.225;4.7619;0.434478682170543;1;NaN;9;NaN;9;3.4825;1;0.716;1;3.304;1;0;4.86;1.05
TEL2004529_39;MFD_SETNO39;43.374583;65.220617;263923;50;11-jul-04;08:03:11;32.046;1.48;4.759;0.283143410852713;1;NaN;9;NaN;9;4.783;1;0.8115;1;4.732;1;0;5.89;1.01
TEL2004529_39;MFD_SETNO39;43.374583;65.220617;263922;60;11-jul-04;08:03:11;32.107;1.375;4.7728;0.126349418604651;1;NaN;9;NaN;9;5.437;1;0.8755;1;4.7655;1;0;6.21;1.14
TEL2004529_39;MFD_SETNO39;43.374583;65.220617;263921;80;11-jul-04;08:03:11;32.309;1.479;4.7654;0.0865406976744186;1;NaN;9;NaN;9;6.4345;1;0.921;1;5.641;1;0;6.99;1.14
TEL2004529_39;MFD_SETNO39;43.374583;65.220617;263920;100;11-jul-04;08:03:11;32.616;2.377;4.5761;0.0346162790697674;1;NaN;9;NaN;9;8.2825;1;0.9745;1;7.685;1;0;8.50;1.08
TEL2004529_39;MFD_SETNO39;43.374583;65.220617;263919;118;11-jul-04;08:03:11;32.674;2.541;4.4695;0.0346162790697674;1;32.686;1;7.372;7;9.151;1;1.004;1;8.6935;1;256;9.11;1.05
TEL2004529_40;MFD_SETNO40;42.951567;65.6472;263932;5;11-jul-04;12:31:23;31.528;9.861;5.253;2.56817286821705;1;31.746;7;8.6735;7;0.4575;1;0.3985;1;0.973;1;256;1.15;0.47
TEL2004529_40;MFD_SETNO40;42.951567;65.6472;263931;25;11-jul-04;12:31:23;31.901;6.467;5.0441;2.32523759689923;1;NaN;9;NaN;9;1.6555;1;0.4945;1;2.3445;1;0;3.35;0.71
TEL2004529_40;MFD_SETNO40;42.951567;65.6472;263930;50;11-jul-04;12:31:23;32.226;2.12;4.6799;0.165980620155039;1;NaN;9;NaN;9;6.144;1;0.8575;1;5.4145;1;0;7.17;1.13
TEL2004529_40;MFD_SETNO40;42.951567;65.6472;263929;141;11-jul-04;12:31:23;32.337;2.163;4.7948;0.112281007751938;1;32.344;1;8.006;7;6.5925;1;0.8935;1;6.0575;1;256;7.38;1.09
TEL2004529_41;MFD_SETNO41;42.85055;65.343183;263942;1;11-jul-04;15:07:30;31.114;12.288;4.587;0.659395736434109;1;31.277;7;7.975;7;0.0495;1;0.361;1;0.909;1;256;0.14;0.05
TEL2004529_41;MFD_SETNO41;42.85055;65.343183;263941;10;11-jul-04;15:07:30;31.354;11.683;4.7678;0.798215891472868;1;NaN;9;NaN;9;0.039;1;0.273;1;0.7975;1;0;0.14;0.05
TEL2004529_41;MFD_SETNO41;42.85055;65.343183;263940;20;11-jul-04;15:07:30;31.489;7.552;4.7586;1.47496414728682;1;NaN;9;NaN;9;0.1165;1;0.3695;1;1.221;1;0;0.32;0.10
TEL2004529_41;MFD_SETNO41;42.85055;65.343183;263939;30;11-jul-04;15:07:30;31.913;4.175;4.6691;2.03024476744186;1;NaN;9;NaN;9;2.2945;1;0.5745;1;2.5775;1;0;3.99;0.89
TEL2004529_41;MFD_SETNO41;42.85055;65.343183;263938;40;11-jul-04;15:07:30;32.098;2.828;4.6273;0.27337984496124;1;NaN;9;NaN;9;4.9465;1;0.773;1;4.7215;1;0;6.40;1.05
TEL2004529_41;MFD_SETNO41;42.85055;65.343183;263937;50;11-jul-04;15:07:30;32.21;2.679;4.6584;0.140195930232558;1;NaN;9;NaN;9;5.6175;1;0.8175;1;5.3295;1;0;6.87;1.05
TEL2004529_41;MFD_SETNO41;42.85055;65.343183;263936;60;11-jul-04;15:07:30;32.233;2.667;4.7185;0.112502906976744;1;NaN;9;NaN;9;5.5175;1;0.8125;1;5.2945;1;0;6.79;1.04
TEL2004529_41;MFD_SETNO41;42.85055;65.343183;263935;80;11-jul-04;15:07:30;32.284;2.251;4.7148;0.103848837209302;1;NaN;9;NaN;9;6.181;1;0.8775;1;4.797;1;0;7.04;1.29
TEL2004529_41;MFD_SETNO41;42.85055;65.343183;263934;100;11-jul-04;15:07:30;32.488;1.986;4.725;0.0380779069767442;1;NaN;9;NaN;9;8.3445;1;0.974;1;6.939;1;0;8.57;1.20
TEL2004529_41;MFD_SETNO41;42.85055;65.343183;263933;127;11-jul-04;15:07:30;32.849;3.112;4.3624;0.0328854651162791;1;32.825;1;7.092;7;10.373;1;1.0515;1;8.7845;1;256;9.86;1.18
TEL2004529_42;MFD_SETNO42;42.678417;65.498183;263946;5;11-jul-04;18:00:27;31.649;10.125;5.241;0.732267441860465;1;31.719;1;7.5;7;0.8745;1;0.4065;1;1.821;1;256;2.15;0.48
TEL2004529_42;MFD_SETNO42;42.678417;65.498183;263945;25;11-jul-04;18:00:27;32.224;3.1;4.7958;0.141571705426357;1;NaN;9;NaN;9;5.1425;1;0.797;1;5.278;1;0;6.45;0.97
TEL2004529_42;MFD_SETNO42;42.678417;65.498183;263944;50;11-jul-04;18:00:27;32.185;3.114;5.0136;0.13668992248062;1;NaN;9;NaN;9;4.967;1;0.7865;1;5.125;1;0;6.32;0.97
TEL2004529_42;MFD_SETNO42;42.678417;65.498183;263943;94;11-jul-04;18:00:27;32.33;3.64;4.9759;0.131808139534884;1;32.328;1;7.123;7;5.38;1;0.7905;1;5.3585;1;256;6.81;1.00
TEL2004529_44;MFD_SETNO44;42.607917;65.731533;263950;5;11-jul-04;21:42:17;31.587;10.492;5.1559;0.832920930232558;1;31.717;7;7.904;7;0.474;1;0.3795;1;1.7875;1;256;1.25;0.27
TEL2004529_44;MFD_SETNO44;42.607917;65.731533;263949;25;11-jul-04;21:42:17;32.067;5.766;4.792;0.798215891472868;1;NaN;9;NaN;9;3.1685;1;0.6035;1;3.6545;1;0;5.25;0.87
TEL2004529_44;MFD_SETNO44;42.607917;65.731533;263948;50;11-jul-04;21:42:17;32.43;3.634;4.706;0.180625968992248;1;NaN;9;NaN;9;5.584;1;0.7785;1;5.0765;1;0;7.17;1.10
TEL2004529_44;MFD_SETNO44;42.607917;65.731533;263947;89;11-jul-04;21:42:17;32.425;3.646;4.8073;0.161098837209302;1;32.441;1;7.4345;7;5.017;1;0.713;1;4.438;1;256;7.04;1.13
TEL2004529_45;MFD_SETNO45;42.755467;65.833867;263954;5;11-jul-04;23:42:39;31.689;7.393;5.5635;1.85671957364341;1;31.726;1;7.4505;7;0.0855;1;0.355;1;1.0765;1;256;0.24;0.08
TEL2004529_45;MFD_SETNO45;42.755467;65.833867;263953;25;11-jul-04;23:42:39;32.294;6.467;5.2982;1.35349651162791;1;NaN;9;NaN;9;4.754;1;0.687;1;4.3085;1;0;6.92;1.10
TEL2004529_45;MFD_SETNO45;42.755467;65.833867;263952;50;11-jul-04;23:42:39;32.398;5.504;4.9398;0.434478682170543;1;NaN;9;NaN;9;5.2765;1;0.736;1;4.9245;1;0;7.17;1.07
TEL2004529_45;MFD_SETNO45;42.755467;65.833867;263951;98;11-jul-04;23:42:39;32.37;5.145;4.9304;0.317315891472868;1;32.376;1;6.765;7;4.982;1;0.7095;1;4.726;1;256;7.02;1.05
TEL2004529_48;MFD_SETNO48;42.7633;66.01235;263958;5;12-jul-04;04:36:01;32.337;7.3;5.0594;2.34259011627907;1;32.301;1;7.0855;7;3.0045;1;0.5635;1;3.321;1;256;5.33;0.90
TEL2004529_48;MFD_SETNO48;42.7633;66.01235;263957;25;12-jul-04;04:36:01;32.417;6.296;4.9161;NaN;9;NaN;9;NaN;9;NaN;9;NaN;9;NaN;9;0;NaN;NaN
TEL2004529_48;MFD_SETNO48;42.7633;66.01235;263956;50;12-jul-04;04:36:01;32.454;6.092;4.9039;1.07585620155039;1;NaN;9;NaN;9;5.0485;1;0.6985;1;4.3425;1;0;7.23;1.16
TEL2004529_48;MFD_SETNO48;42.7633;66.01235;263955;73;12-jul-04;04:36:01;32.457;6.066;4.9126;0.937036046511628;1;32.472;1;6.671;7;5.1045;1;0.699;1;4.3935;1;256;7.30;1.16
TEL2004529_49;MFD_SETNO49;42.808117;66.232417;263962;5;12-jul-04;06:55:41;32.266;6.841;4.9714;2.16906492248062;1;32.315;1;6.907;7;3.741;1;0.6195;1;3.643;1;256;6.04;1.03
TEL2004529_49;MFD_SETNO49;42.808117;66.232417;263961;20;12-jul-04;06:55:41;32.364;6.433;4.9512;NaN;9;NaN;9;NaN;9;NaN;9;NaN;9;NaN;9;0;NaN;NaN
TEL2004529_49;MFD_SETNO49;42.808117;66.232417;263960;32;12-jul-04;06:55:41;32.52;5.898;4.8503;1.14526627906977;1;NaN;9;NaN;9;5.414;1;0.702;1;4.5405;1;0;7.71;1.19
TEL2004529_49;MFD_SETNO49;42.808117;66.232417;263959;47;12-jul-04;06:55:41;32.543;5.834;4.8561;1.00644612403101;1;32.558;1;6.666;7;5.352;1;0.703;1;4.5685;1;256;7.61;1.17
TEL2004529_50;MFD_SETNO50;43.019483;66.786083;263966;5;12-jul-04;11:01:37;31.695;11.812;4.843;0.902331007751938;1;31.686;1;6.8465;7;0;1;0.3455;1;1.9085;1;256;0.00;0.00
TEL2004529_50;MFD_SETNO50;43.019483;66.786083;263965;25;12-jul-04;11:01:37;31.885;8.209;4.6676;0.884978488372093;1;NaN;9;NaN;9;2.1005;1;0.517;1;2.5205;1;0;4.06;0.83
TEL2004529_50;MFD_SETNO50;43.019483;66.786083;263964;50;12-jul-04;11:01:37;32.689;4.937;4.6299;0.200153100775194;1;NaN;9;NaN;9;7.428;1;0.801;1;5.4525;1;0;9.27;1.36
TEL2004529_50;MFD_SETNO50;43.019483;66.786083;263963;142;12-jul-04;11:01:37;34.098;7.142;3.9625;0.0398087209302326;1;34.086;1;5.2895;7;13.725;1;1.0565;1;9.7175;1;256;12.99;1.41
TEL2004529_51;MFD_SETNO51;43.17025;67.013167;263970;5;12-jul-04;14:29:27;32.093;9.559;5.185;2.13435988372093;1;34.399;7;8.3065;7;2.216;1;0.515;1;2.8535;1;256;4.30;0.78
TEL2004529_51;MFD_SETNO51;43.17025;67.013167;263969;25;12-jul-04;14:29:27;32.11;6.476;5.0614;1.94348217054264;1;NaN;9;NaN;9;0.435;1;0.3775;1;2.3275;1;0;1.15;0.19
TEL2004529_51;MFD_SETNO51;43.17025;67.013167;263968;50;12-jul-04;14:29:27;32.528;4.084;4.7983;NaN;9;NaN;9;NaN;9;NaN;9;NaN;9;NaN;9;0;NaN;NaN
TEL2004529_51;MFD_SETNO51;43.17025;67.013167;263967;179;12-jul-04;14:29:27;34.375;7.517;3.7055;0.0311546511627907;1;32.09;7;5.263;7;16.3685;1;1.179;1;12.516;1;256;13.88;1.31
TEL2004529_52;MFD_SETNO52;43.831483;66.287133;263973;5;12-jul-04;20:39:01;31.718;8.793;4.9422;1.40555406976744;1;31.722;1;7.4595;7;1.8715;1;0.5325;1;2.2615;1;256;3.51;0.83
TEL2004529_52;MFD_SETNO52;43.831483;66.287133;263972;25;12-jul-04;20:39:01;31.718;8.33;5.0459;1.24938139534884;1;NaN;9;NaN;9;2.0895;1;0.5525;1;2.57;1;0;3.78;0.81
TEL2004529_52;MFD_SETNO52;43.831483;66.287133;263971;43;12-jul-04;20:39:01;31.726;8.074;5.057;1.11056124031008;1;31.733;1;7.358;7;2.2195;1;0.5665;1;2.6685;1;256;3.92;0.83
TEL2004529_53;MFD_SETNO53;43.935717;66.463117;263977;5;12-jul-04;22:52:30;31.967;7.632;4.9013;0.884978488372093;1;31.986;1;6.7915;7;3.441;1;0.6265;1;3.665;1;256;5.49;0.94
TEL2004529_53;MFD_SETNO53;43.935717;66.463117;263976;25;12-jul-04;22:52:30;32.033;7.533;5.0708;0.815568410852713;1;NaN;9;NaN;9;3.426;1;0.616;1;3.6465;1;0;5.56;0.94
TEL2004529_53;MFD_SETNO53;43.935717;66.463117;263975;50;12-jul-04;22:52:30;32.104;7.332;5.0524;0.884978488372093;1;NaN;9;NaN;9;3.866;1;0.6455;1;3.956;1;0;5.99;0.98
TEL2004529_53;MFD_SETNO53;43.935717;66.463117;263974;77;12-jul-04;22:52:30;32.125;7.28;5.0404;0.867625968992248;1;32.134;1;6.665;7;3.94;1;0.651;1;3.937;1;256;6.05;1.00
TEL2004529_54;MFD_SETNO54;43.863317;66.649117;263981;5;13-jul-04;01:19:44;32.13;8.422;5.5189;5.24884864341085;1;32.177;1;7.4755;7;0.648;1;0.421;1;1.305;1;256;1.54;0.50
TEL2004529_54;MFD_SETNO54;43.863317;66.649117;263980;25;13-jul-04;01:19:44;32.275;7.561;5.5829;4.46931666666667;1;NaN;9;NaN;9;3.343;1;0.5915;1;2.6735;1;0;5.65;1.25
TEL2004529_54;MFD_SETNO54;43.863317;66.649117;263979;50;13-jul-04;01:19:44;32.422;6.634;5.1589;0.763510852713178;1;NaN;9;NaN;9;7.489;1;0.9125;1;5.987;1;0;8.21;1.25
TEL2004529_54;MFD_SETNO54;43.863317;66.649117;263978;94;13-jul-04;01:19:44;32.66;5.931;4.7428;0.642043217054264;1;32.674;1;6.252;7;7.5355;1;0.8115;1;6.237;1;256;9.29;1.21
TEL2004529_56;MFD_SETNO56;44.07025;66.530983;263985;5;13-jul-04;05:49:09;32.094;8.363;5.2289;3.58584709302326;1;32.103;1;9.0105;7;1.2475;1;0.4905;1;1.699;1;256;2.54;0.73
TEL2004529_56;MFD_SETNO56;44.07025;66.530983;263984;25;13-jul-04;05:49:09;32.104;8.362;5.3623;2.63758294573643;1;NaN;9;NaN;9;1.8195;1;0.539;1;2.078;1;0;3.38;0.88
TEL2004529_56;MFD_SETNO56;44.07025;66.530983;263983;50;13-jul-04;05:49:09;32.091;7.88;5.2983;1.90877713178295;1;NaN;9;NaN;9;3.3365;1;0.6005;1;2.7925;1;0;5.56;1.19
TEL2004529_56;MFD_SETNO56;44.07025;66.530983;263982;111;13-jul-04;05:49:09;32.434;6.918;4.9602;1.28408643410853;1;32.444;1;6.714;7;5.4095;1;0.719;1;4.685;1;256;7.52;1.15
TEL2004529_57;MFD_SETNO57;44.726667;66.362967;263989;5;13-jul-04;10:18:40;32.04;8.797;5.4113;3.22206550387597;1;32.059;1;7.5165;7;0.575;1;0.348;1;0.543;1;256;1.65;1.06
TEL2004529_57;MFD_SETNO57;44.726667;66.362967;263988;25;13-jul-04;10:18:40;32.317;6.798;4.9036;0.832920930232558;1;NaN;9;NaN;9;6.242;1;0.7185;1;4.5345;1;0;8.69;1.38
TEL2004529_57;MFD_SETNO57;44.726667;66.362967;263987;50;13-jul-04;10:18:40;32.635;5.902;4.6155;0.180625968992248;1;NaN;9;NaN;9;8.899;1;0.8755;1;6.775;1;0;10.16;1.31
TEL2004529_57;MFD_SETNO57;44.726667;66.362967;263986;141;13-jul-04;10:18:40;32.841;5.783;4.4977;0.180625968992248;1;32.854;1;6.0995;7;10.235;1;0.9685;1;8.104;1;256;10.57;1.26
TEL2004529_60;MFD_SETNO60;44.687167;65.970117;263993;5;13-jul-04;15:19:15;32.23;8.798;4.7896;0.832920930232558;1;32.269;1;7.2465;7;3.4535;1;0.58;1;2.821;1;256;5.95;1.22
TEL2004529_60;MFD_SETNO60;44.687167;65.970117;263992;25;13-jul-04;15:19:15;32.318;7.087;4.7349;0.746158333333333;1;NaN;9;NaN;9;5.765;1;0.712;1;4.2585;1;0;8.10;1.35
TEL2004529_60;MFD_SETNO60;44.687167;65.970117;263991;50;13-jul-04;15:19:15;32.322;6.926;4.7804;0.624690697674419;1;NaN;9;NaN;9;6.0525;1;0.7335;1;4.5895;1;0;8.25;1.32
TEL2004529_60;MFD_SETNO60;44.687167;65.970117;263990;81;13-jul-04;15:19:15;32.329;6.815;4.8017;0.607338178294574;1;32.345;1;6.9835;7;5.7465;1;0.7225;1;4.334;1;256;7.95;1.33
TEL2004529_61;MFD_SETNO61;44.8613;65.8537;263997;5;13-jul-04;17:26:53;31.832;12.303;5.3849;0.607338178294574;1;32.053;7;7.422;7;1.6915;1;0.405;1;1.597;1;256;4.18;1.06
TEL2004529_61;MFD_SETNO61;44.8613;65.8537;263996;25;13-jul-04;17:26:53;32.284;7.107;4.7087;0.624690697674419;1;NaN;9;NaN;9;4.857;1;0.6895;1;3.712;1;0;7.04;1.31
TEL2004529_61;MFD_SETNO61;44.8613;65.8537;263995;50;13-jul-04;17:26:53;32.285;6.88;4.8085;0.676748255813953;1;NaN;9;NaN;9;5.1505;1;0.714;1;3.862;1;0;7.21;1.33
TEL2004529_61;MFD_SETNO61;44.8613;65.8537;263994;96;13-jul-04;17:26:53;32.311;6.732;4.8557;0.989093604651163;1;32.323;1;7.048;7;5.662;1;0.73;1;4.1595;1;256;7.76;1.36
TEL2004529_62;MFD_SETNO62;44.915383;65.449817;263704;5;13-jul-04;20:30:45;32.146;8.42;4.5651;0.520575581395349;1;32.151;1;7.092;7;3.353;1;0.715;1;3.4895;1;256;4.69;0.96
TEL2004529_62;MFD_SETNO62;44.915383;65.449817;263703;25;13-jul-04;20:30:45;32.147;8.012;4.8197;0.537928100775194;1;NaN;9;NaN;9;3.159;1;0.682;1;2.8965;1;0;4.63;1.09
TEL2004529_62;MFD_SETNO62;44.915383;65.449817;263702;50;13-jul-04;20:30:45;32.152;7.907;4.928;0.433812984496124;1;NaN;9;NaN;9;3.2805;1;0.7075;1;2.886;1;0;4.64;1.14
TEL2004529_62;MFD_SETNO62;44.915383;65.449817;263701;75;13-jul-04;20:30:45;32.154;7.883;4.9677;0.433812984496124;1;32.169;1;7.0635;7;3.421;1;0.728;1;3.0485;1;256;4.70;1.12
TEL2004529_63;MFD_SETNO63;44.988667;65.357817;263708;5;13-jul-04;22:32:57;32.172;8.572;4.622;0.520575581395349;1;32.155;1;7.137;7;3.185;1;0.6955;1;3.022;1;256;4.58;1.05
TEL2004529_63;MFD_SETNO63;44.988667;65.357817;263707;25;13-jul-04;22:32:57;32.147;7.87;4.856;0.433812984496124;1;NaN;9;NaN;9;3.4055;1;0.744;1;2.692;1;0;4.58;1.27
TEL2004529_63;MFD_SETNO63;44.988667;65.357817;263706;50;13-jul-04;22:32:57;32.133;7.79;4.9841;0.451165503875969;1;NaN;9;NaN;9;3.3495;1;0.7405;1;2.5505;1;0;4.52;1.31
TEL2004529_63;MFD_SETNO63;44.988667;65.357817;263705;70;13-jul-04;22:32:57;32.131;7.79;5.0377;0.468518023255814;1;32.149;1;7.2175;7;2.852;1;0.657;1;2.1235;1;256;4.34;1.34
TEL2004529_64;MFD_SETNO64;45.031;65.569017;263712;5;14-jul-04;00:26:03;32.169;8.443;4.7753;0.268498062015504;1;32.204;1;7.233;7;3.5055;1;0.673;1;3.135;1;256;5.21;1.12
TEL2004529_64;MFD_SETNO64;45.031;65.569017;263711;25;14-jul-04;00:26:03;32.19;7.478;4.8786;0.34172480620155;1;NaN;9;NaN;9;3.731;1;0.717;1;3.1935;1;0;5.20;1.17
TEL2004529_64;MFD_SETNO64;45.031;65.569017;263710;50;14-jul-04;00:26:03;32.186;7.456;4.9616;0.361251937984496;1;NaN;9;NaN;9;3.4815;1;0.7;1;2.9815;1;0;4.97;1.17
TEL2004529_64;MFD_SETNO64;45.031;65.569017;263709;78;14-jul-04;00:26:03;32.185;7.452;5.0002;0.468518023255814;1;32.202;1;7.1885;7;3.4925;1;0.672;1;2.95;1;256;5.20;1.18
TEL2004529_65;MFD_SETNO65;45.223867;65.2592;263715;5;14-jul-04;02:47:25;31.635;8.694;4.7927;0.850273449612403;1;31.646;1;7.4865;7;3.1015;1;0.5545;1;1.4605;1;256;5.59;2.12
TEL2004529_65;MFD_SETNO65;45.223867;65.2592;263714;25;14-jul-04;02:47:25;31.663;8.656;5.1397;1.97481434108527;1;NaN;9;NaN;9;2.987;1;0.5715;1;1.4695;1;0;5.23;2.03
TEL2004529_65;MFD_SETNO65;45.223867;65.2592;263713;55;14-jul-04;02:47:25;31.744;8.487;5.1828;2.96222151162791;1;31.75;1;7.3585;7;2.9265;1;0.6115;1;1.6675;1;256;4.79;1.76
TEL2004529_66;MFD_SETNO66;45.17155;65.550117;263719;5;14-jul-04;04:35:18;31.926;8.032;5.0589;0.537928100775194;1;31.958;1;7.389;7;3.4675;1;0.6115;1;1.8005;1;256;5.67;1.93
TEL2004529_66;MFD_SETNO66;45.17155;65.550117;263718;25;14-jul-04;04:35:18;31.958;7.619;5.1961;0.728805813953488;1;NaN;9;NaN;9;3.532;1;0.661;1;1.8325;1;0;5.34;1.93
TEL2004529_66;MFD_SETNO66;45.17155;65.550117;263717;50;14-jul-04;04:35:18;31.991;7.549;5.2125;0.746158333333333;1;NaN;9;NaN;9;3.65;1;0.6445;1;2.0125;1;0;5.66;1.81
TEL2004529_66;MFD_SETNO66;45.17155;65.550117;263716;70;14-jul-04;04:35:18;32.015;7.521;5.1993;0.642043217054263;1;32.035;1;7.2785;7;3.4445;1;0.6285;1;1.843;1;256;5.48;1.87
TEL2004529_67;MFD_SETNO67;45.076233;66.073633;263723;5;14-jul-04;07:31:11;31.549;9.851;5.1914;0.434478682170543;1;31.707;7;7.4755;7;3.37;1;0.5535;1;1.826;1;256;6.09;1.85
TEL2004529_67;MFD_SETNO67;45.076233;66.073633;263722;25;14-jul-04;07:31:11;32.234;7.206;4.88;NaN;9;NaN;9;NaN;9;4.276;1;0.6925;1;3.5245;1;0;6.17;1.21
TEL2004529_67;MFD_SETNO67;45.076233;66.073633;263721;42;14-jul-04;07:31:11;32.239;6.789;4.8856;0.214798449612403;1;NaN;9;NaN;9;4.822;1;0.7225;1;3.812;1;0;6.67;1.26
TEL2004529_67;MFD_SETNO67;45.076233;66.073633;263720;78;14-jul-04;07:31:11;32.23;6.689;4.9545;0.190389534883721;1;32.246;1;7.092;7;4.891;1;0.737;1;3.762;1;256;6.64;1.30
TEL2004529_68;MFD_SETNO68;45.0124;66.605617;263726;5;14-jul-04;10:26:39;31.356;8.968;5.3962;3.17009670542636;1;31.409;1;7.7575;7;2.268;1;0.4525;1;1.877;1;256;5.01;1.21
TEL2004529_68;MFD_SETNO68;45.0124;66.605617;263725;25;14-jul-04;10:26:39;31.662;7.576;5.2137;1.61378430232558;1;NaN;9;NaN;9;4.4265;1;0.655;1;3.634;1;0;6.76;1.22
TEL2004529_68;MFD_SETNO68;45.0124;66.605617;263724;50;14-jul-04;10:26:39;31.893;6.766;5.0114;1.17997131782946;1;31.86;1;7.2075;7;5.283;1;0.7505;1;5;1;256;7.04;1.06
TEL2004529_69;MFD_SETNO69;44.864367;66.795733;263730;5;14-jul-04;12:45:06;31.304;8.954;5.1885;2.01289224806202;1;31.352;1;7.654;7;3.0155;1;0.5145;1;2.231;1;256;5.86;1.35
TEL2004529_69;MFD_SETNO69;44.864367;66.795733;263729;25;14-jul-04;12:45:06;31.74;7.253;5.0222;1.09320872093023;1;NaN;9;NaN;9;4.326;1;0.6295;1;3.3645;1;0;6.87;1.29
TEL2004529_69;MFD_SETNO69;44.864367;66.795733;263728;50;14-jul-04;12:45:06;31.872;6.877;5.0122;0.522350775193798;1;NaN;9;NaN;9;5.4255;1;0.715;1;4.2035;1;0;7.59;1.29
TEL2004529_69;MFD_SETNO69;44.864367;66.795733;263727;147;14-jul-04;12:45:06;32.385;5.971;4.7973;0.21968023255814;1;32.386;1;6.899;7;8.097;1;0.8375;1;6.335;1;256;9.67;1.28
TEL2004529_70;MFD_SETNO70;44.15935;66.955117;263734;5;14-jul-04;18:11:02;32.2;11.113;4.9608;1.16261879844961;1;32.223;1;7.216;7;0.575;1;0.3595;1;1.5765;1;256;1.60;0.36
TEL2004529_70;MFD_SETNO70;44.15935;66.955117;263733;25;14-jul-04;18:11:02;32.422;7.634;4.7691;1.28408643410853;1;NaN;9;NaN;9;3.327;1;0.6025;1;2.784;1;0;5.52;1.20
TEL2004529_70;MFD_SETNO70;44.15935;66.955117;263732;50;14-jul-04;18:11:02;32.533;6.09;4.7017;0.42471511627907;1;NaN;9;NaN;9;6.097;1;0.733;1;4.8905;1;0;8.32;1.25
TEL2004529_70;MFD_SETNO70;44.15935;66.955117;263731;162;14-jul-04;18:11:02;33.377;5.635;4.1967;0.0536996124031008;1;33.391;1;6.062;7;13.021;1;1.081;1;10.643;1;256;12.05;1.22
TEL2004529_71;MFD_SETNO71;43.409;67.501567;263738;5;15-jul-04;00:56:29;32.098;11.994;4.8109;1.14526627906977;1;32.132;1;7.69;7;0;1;0.304;1;1.153;1;256;0.00;0.00
TEL2004529_71;MFD_SETNO71;43.409;67.501567;263737;25;15-jul-04;00:56:29;32.245;9.813;4.8199;2.27318003875969;1;NaN;9;NaN;9;1.4405;1;0.459;1;2.368;1;0;3.14;0.61
TEL2004529_71;MFD_SETNO71;43.409;67.501567;263736;50;15-jul-04;00:56:29;32.527;6.455;4.6576;0.520575581395349;1;NaN;9;NaN;9;5.619;1;0.6995;1;4.2875;1;0;8.03;1.31
TEL2004529_71;MFD_SETNO71;43.409;67.501567;263735;196;15-jul-04;00:56:29;34.191;7.128;3.6573;0.0259622093023256;1;34.202;1;5.563;7;15.333;1;1.1865;1;13.0635;1;256;12.92;1.17
TEL2004529_72;MFD_SETNO72;42.761433;67.3127;263742;5;15-jul-04;05:57:37;31.996;12.851;4.7617;1.00644612403101;1;32.035;1;7.449;7;0;1;0.286;1;0.6335;1;256;0.00;0.00
TEL2004529_72;MFD_SETNO72;42.761433;67.3127;263741;25;15-jul-04;05:57:37;32.155;10.399;4.9446;1.87407209302326;1;NaN;9;NaN;9;0.0085;1;0.355;1;1.2875;1;0;0.02;0.01
TEL2004529_72;MFD_SETNO72;42.761433;67.3127;263740;50;15-jul-04;05:57:37;32.543;5.948;4.6819;0.433812984496124;1;NaN;9;NaN;9;6.057;1;0.7405;1;4.4815;1;0;8.18;1.35
TEL2004529_72;MFD_SETNO72;42.761433;67.3127;263739;197;15-jul-04;05:57:37;34.808;8.487;3.304;NaN;9;34.821;1;5.006;7;17.5245;1;1.2165;1;11.9425;1;256;14.41;1.47
TEL2004529_73;MFD_SETNO73;42.572983;67.391567;263746;5;15-jul-04;08:13:50;31.975;14.483;4.4244;0.711453294573643;1;32.069;7;7.1595;7;0;1;0.318;1;1.9045;1;256;0.00;0.00
TEL2004529_73;MFD_SETNO73;42.572983;67.391567;263745;25;15-jul-04;08:13:50;32.411;8.296;5.0288;1.49231666666667;1;NaN;9;NaN;9;1.094;1;0.5075;1;3.0705;1;0;2.16;0.36
TEL2004529_73;MFD_SETNO73;42.572983;67.391567;263744;50;15-jul-04;08:13:50;32.774;5.063;4.5019;0.239207364341085;1;NaN;9;NaN;9;7.344;1;0.8185;1;5.016;1;0;8.97;1.46
TEL2004529_73;MFD_SETNO73;42.572983;67.391567;263743;269;15-jul-04;08:13:50;34.934;8.488;3.128;NaN;9;34.945;1;4.719;7;18.9945;1;1.2825;1;14.034;1;256;14.81;1.35
TEL2004529_74;MFD_SETNO74;42.835117;67.053117;263750;5;15-jul-04;11:24:23;31.648;10.832;5.0177;1.30143895348837;1;31.702;1;7.759;7;0.0205;1;0.3645;1;0.854;1;256;0.06;0.02
TEL2004529_74;MFD_SETNO74;42.835117;67.053117;263749;25;15-jul-04;11:24:23;32.252;7.324;4.8498;1.17997131782946;1;NaN;9;NaN;9;1.237;1;0.49;1;2.082;1;0;2.52;0.59
TEL2004529_74;MFD_SETNO74;42.835117;67.053117;263748;50;15-jul-04;11:24:23;32.801;4.475;4.6435;0.239207364341085;1;NaN;9;NaN;9;6.217;1;0.778;1;4.306;1;0;7.99;1.44
TEL2004529_74;MFD_SETNO74;42.835117;67.053117;263747;212;15-jul-04;11:24:23;34.689;8.241;3.4374;NaN;9;34.686;1;5.172;7;17.343;1;1.2145;1;11.672;1;256;14.28;1.49
TEL2004529_75;MFD_SETNO75;42.348183;66.9578;263754;5;15-jul-04;15:43:32;31.932;15.705;4.8171;0.780863372093023;1;31.976;1;6.0895;7;0.04;1;0.3045;1;1.3275;1;256;0.13;0.03
TEL2004529_75;MFD_SETNO75;42.348183;66.9578;263753;25;15-jul-04;15:43:32;32.41;7.267;4.8116;0.937036046511628;1;NaN;9;NaN;9;4.2815;1;0.6765;1;3.6705;1;0;6.33;1.17
TEL2004529_75;MFD_SETNO75;42.348183;66.9578;263752;50;15-jul-04;15:43:32;32.869;4.647;4.5554;0.151335271317829;1;NaN;9;NaN;9;9.6675;1;0.9545;1;7.2535;1;0;10.13;1.33
TEL2004529_75;MFD_SETNO75;42.348183;66.9578;263751;323;15-jul-04;15:43:32;34.895;8.274;3.2732;NaN;9;34.903;1;4.4145;7;18.556;1;1.26;1;12.3495;1;256;14.73;1.50
TEL2004529_76;MFD_SETNO76;42.451683;66.849967;263758;5;15-jul-04;17:37:44;32.254;12.438;4.8559;0.676748255813953;1;32.043;7;7.3375;7;0.04;1;0.311;1;1.5865;1;256;0.13;0.03
TEL2004529_76;MFD_SETNO76;42.451683;66.849967;263757;25;15-jul-04;17:37:44;32.466;6.504;4.7453;1.56172674418605;1;NaN;9;NaN;9;0.107;1;0.413;1;2.136;1;0;0.26;0.05
TEL2004529_76;MFD_SETNO76;42.451683;66.849967;263756;50;15-jul-04;17:37:44;32.728;5.073;4.7139;0.244089147286822;1;NaN;9;NaN;9;6.87;1;0.811;1;4.475;1;0;8.47;1.54
TEL2004529_76;MFD_SETNO76;42.451683;66.849967;263755;338;15-jul-04;17:37:44;34.916;8.366;3.1995;NaN;9;34.927;1;5.014;7;19.2845;1;1.2935;1;13.191;1;256;14.91;1.46
TEL2004529_77;MFD_SETNO77;42.726;66.5457;263762;5;15-jul-04;21:15:42;32.016;9.073;5.1636;0.798215891472868;1;31.806;7;6.5675;7;0.2465;1;0.35;1;1.0435;1;256;0.70;0.24
TEL2004529_77;MFD_SETNO77;42.726;66.5457;263761;25;15-jul-04;21:15:42;32.275;5.201;4.9096;2.06494980620155;1;NaN;9;NaN;9;3.831;1;0.673;1;2.9595;1;0;5.69;1.29
TEL2004529_77;MFD_SETNO77;42.726;66.5457;263760;50;15-jul-04;21:15:42;32.438;4.385;4.8512;0.485870542635659;1;NaN;9;NaN;9;5.2995;1;0.773;1;4.5185;1;0;6.86;1.17
TEL2004529_77;MFD_SETNO77;42.726;66.5457;263759;149;15-jul-04;21:15:42;34.132;7.662;4.2035;0.0830790697674419;1;34.154;1;5.433;7;12.1285;1;0.9705;1;7.637;1;256;12.50;1.59
TEL2004529_79;MFD_SETNO79;42.4915;66.188433;263766;5;16-jul-04;01:31:03;31.832;12.529;4.7839;0.728805813953488;1;31.859;1;6.4275;7;0.1235;1;0.323;1;1.1925;1;256;0.38;0.10
TEL2004529_79;MFD_SETNO79;42.4915;66.188433;263765;25;16-jul-04;01:31:03;32.173;8.145;4.6638;1.80466201550388;1;NaN;9;NaN;9;1.034;1;0.4775;1;2.0185;1;0;2.17;0.51
TEL2004529_79;MFD_SETNO79;42.4915;66.188433;263764;50;16-jul-04;01:31:03;32.802;4.622;4.5169;0.451165503875969;1;NaN;9;NaN;9;7.122;1;0.819;1;4.859;1;0;8.70;1.47
TEL2004529_79;MFD_SETNO79;42.4915;66.188433;263763;231;16-jul-04;01:31:03;34.928;8.086;3.3761;0.0311546511627907;1;34.942;1;4.523;7;18.6365;1;1.228;1;11.434;1;256;15.18;1.63
TEL2004529_80;MFD_SETNO80;42.67685;66.106733;263770;5;16-jul-04;03:29:22;31.347;11.827;5.1831;0.728805813953488;1;31.402;1;8.4395;7;0.198;1;0.4075;1;1.0335;1;256;0.49;0.19
TEL2004529_80;MFD_SETNO80;42.67685;66.106733;263769;25;16-jul-04;03:29:22;32.397;5.744;4.831;1.40555406976744;1;NaN;9;NaN;9;4.6045;1;0.73;1;4.014;1;0;6.31;1.15
TEL2004529_80;MFD_SETNO80;42.67685;66.106733;263768;50;16-jul-04;03:29:22;32.378;5.722;4.9729;0.867625968992248;1;NaN;9;NaN;9;4.8865;1;0.737;1;4.215;1;0;6.63;1.16
TEL2004529_80;MFD_SETNO80;42.67685;66.106733;263767;64;16-jul-04;03:29:22;32.379;5.724;5.01;0.798215891472868;1;32.393;1;8.9675;7;4.479;1;0.6915;1;3.854;1;256;6.48;1.16
TEL2004529_81;MFD_SETNO81;42.4105;65.6343;263774;5;16-jul-04;07:12:42;31.582;10.858;4.9339;0.649277131782946;1;31.395;7;6.654;7;0.307;1;0.3285;1;1.134;1;256;0.93;0.27
TEL2004529_81;MFD_SETNO81;42.4105;65.6343;263773;25;16-jul-04;07:12:42;32.12;2.707;4.7025;0.517468992248062;1;NaN;9;NaN;9;3.9955;1;0.775;1;4.1;1;0;5.16;0.97
TEL2004529_81;MFD_SETNO81;42.4105;65.6343;263772;50;16-jul-04;07:12:42;32.275;2.628;4.8936;0.122044573643411;1;NaN;9;NaN;9;5.998;1;0.9585;1;5.814;1;0;6.26;1.03
TEL2004529_81;MFD_SETNO81;42.4105;65.6343;263771;93;16-jul-04;07:12:42;32.325;2.661;4.9969;0.122044573643411;1;32.337;1;6.7275;7;6.096;1;0.8865;1;5.891;1;256;6.88;1.03
TEL2004529_82;MFD_SETNO82;42.31585;65.6988;263778;5;16-jul-04;09:01:11;31.353;13.445;4.7053;0.278261627906977;1;31.381;1;9.2685;7;0.1425;1;0.282;1;1.0445;1;256;0.51;0.14
TEL2004529_82;MFD_SETNO82;42.31585;65.6988;263777;25;16-jul-04;09:01:11;31.914;5.669;4.6123;0.454005813953488;1;NaN;9;NaN;9;0.483;1;0.3815;1;1.39;1;0;1.27;0.35
TEL2004529_82;MFD_SETNO82;42.31585;65.6988;263776;50;16-jul-04;09:01:11;32.331;1.887;4.6966;0.346606589147287;1;NaN;9;NaN;9;6.3145;1;0.88;1;5.3565;1;0;7.18;1.18
TEL2004529_82;MFD_SETNO82;42.31585;65.6988;263775;112;16-jul-04;09:01:11;34.065;6.581;3.869;0.0640401162790698;1;34.028;1;5.088;7;14.63;1;1.1085;1;9.234;1;256;13.20;1.58
TEL2004529_83;MFD_SETNO83;42.398;65.410633;263788;1;16-jul-04;11:25:27;31.278;12.6;4.6094;0.763510852713178;1;31.305;1;6.386;7;0.102;1;0.354;1;0.9015;1;256;0.29;0.11
TEL2004529_83;MFD_SETNO83;42.398;65.410633;263787;10;16-jul-04;11:25:27;31.281;12.608;4.8026;0.711453294573643;1;NaN;9;NaN;9;0.1035;1;0.3355;1;0.9155;1;0;0.31;0.11
TEL2004529_83;MFD_SETNO83;42.398;65.410633;263786;20;16-jul-04;11:25:27;31.311;12.264;4.839;1.31879147286822;1;NaN;9;NaN;9;0.1275;1;0.371;1;1.072;1;0;0.34;0.12
TEL2004529_83;MFD_SETNO83;42.398;65.410633;263785;30;16-jul-04;11:25:27;31.577;8.309;4.6798;2.16906492248062;1;NaN;9;NaN;9;0.5565;1;0.4825;1;1.3315;1;0;1.15;0.42
TEL2004529_83;MFD_SETNO83;42.398;65.410633;263784;40;16-jul-04;11:25:27;31.814;4.42;4.7993;0.867625968992248;1;NaN;9;NaN;9;1.203;1;0.542;1;2.367;1;0;2.22;0.51
TEL2004529_83;MFD_SETNO83;42.398;65.410633;263783;50;16-jul-04;11:25:27;31.938;0.685;4.6687;0.676748255813953;1;NaN;9;NaN;9;5.4965;1;0.838;1;4.464;1;0;6.56;1.23
TEL2004529_83;MFD_SETNO83;42.398;65.410633;263782;60;16-jul-04;11:25:27;32.189;1.639;5.0138;NaN;9;NaN;9;NaN;9;NaN;9;NaN;9;NaN;9;0;NaN;NaN
TEL2004529_83;MFD_SETNO83;42.398;65.410633;263781;80;16-jul-04;11:25:27;32.385;2.116;4.8052;0.15923488372093;1;NaN;9;NaN;9;6.8625;1;0.927;1;6.382;1;0;7.40;1.08
TEL2004529_83;MFD_SETNO83;42.398;65.410633;263780;90;16-jul-04;11:25:27;32.413;1.871;4.7884;0.109041279069767;1;NaN;9;NaN;9;6.6195;1;0.8745;1;5.71;1;0;7.57;1.16
TEL2004529_83;MFD_SETNO83;42.398;65.410633;263779;107;16-jul-04;11:25:27;33.221;4.114;4.4377;0.0553860465116279;1;33.235;1;5.728;7;10.967;1;1.029;1;8.0755;1;256;10.66;1.36
TEL2004529_84;MFD_SETNO84;42.384933;65.209883;263792;5;16-jul-04;13:36:28;31.077;14.749;4.71;0.283143410852713;1;31.115;1;6.059;7;0.215;1;0.2705;1;0.658;1;256;0.79;0.33
TEL2004529_84;MFD_SETNO84;42.384933;65.209883;263791;25;16-jul-04;13:36:28;32.073;5.008;4.733;0.763510852713178;1;NaN;9;NaN;9;0.865;1;0.503;1;1.826;1;0;1.72;0.47
TEL2004529_84;MFD_SETNO84;42.384933;65.209883;263790;50;16-jul-04;13:36:28;33.293;7.354;5.2903;0.503223062015504;1;NaN;9;NaN;9;3.11;1;0.566;1;2.5305;1;0;5.49;1.23
TEL2004529_84;MFD_SETNO84;42.384933;65.209883;263789;116;16-jul-04;13:36:28;34.489;7.972;3.5958;0.0311546511627907;1;34.501;1;4.775;7;15.8645;1;1.1255;1;9.4645;1;256;14.10;1.68
TEL2004529_85;MFD_SETNO85;42.552433;65.09835;263796;5;16-jul-04;15:39:09;31.139;14.066;4.8429;0.390542635658915;1;31.327;7;6.3605;7;0.149;1;0.2825;1;0.7635;1;256;0.53;0.20
TEL2004529_85;MFD_SETNO85;42.552433;65.09835;263795;25;16-jul-04;15:39:09;32.1;1.622;4.5191;0.683449612403101;1;NaN;9;NaN;9;3.998;1;0.7615;1;3.7175;1;0;5.25;1.08
TEL2004529_85;MFD_SETNO85;42.552433;65.09835;263794;50;16-jul-04;15:39:09;32.347;1.696;4.83;0.312434108527132;1;NaN;9;NaN;9;6.1845;1;0.8765;1;5.7725;1;0;7.06;1.07
TEL2004529_85;MFD_SETNO85;42.552433;65.09835;263793;110;16-jul-04;15:39:09;32.843;3.052;4.5377;0.0484627906976744;1;32.864;1;6.0625;7;9.823;1;1.008;1;7.823;1;256;9.75;1.26
TEL2004529_86;MFD_SETNO86;42.647067;64.788133;263800;5;16-jul-04;17:50:41;31.104;13.764;4.7188;0.47841472868217;1;31.168;1;6.366;7;0.0875;1;0.282;1;0.6295;1;256;0.31;0.14
TEL2004529_86;MFD_SETNO86;42.647067;64.788133;263799;25;16-jul-04;17:50:41;31.958;2.871;4.7542;0.919683527131783;1;NaN;9;NaN;9;3.599;1;0.7025;1;3.1145;1;0;5.12;1.16
TEL2004529_86;MFD_SETNO86;42.647067;64.788133;263798;50;16-jul-04;17:50:41;32.37;1.726;4.7233;0.117695348837209;1;NaN;9;NaN;9;7.3185;1;0.8895;1;5.8185;1;0;8.23;1.26
TEL2004529_86;MFD_SETNO86;42.647067;64.788133;263797;118;16-jul-04;17:50:41;33.193;4.16;4.2471;0.0311546511627907;1;33.216;1;5.452;7;11.91;1;1.078;1;10.2505;1;256;11.05;1.16
TEL2004529_87;MFD_SETNO87;42.736883;64.591783;257804;5;16-jul-04;19:39:47;30.972;15.134;4.4058;0.268498062015504;1;30.996;1;6.013;7;0.0975;1;0.246;1;0.664;1;256;0.40;0.15
TEL2004529_87;MFD_SETNO87;42.736883;64.591783;257803;25;16-jul-04;19:39:47;32.138;4.969;4.3914;0.507705426356589;1;NaN;9;NaN;9;0.4765;1;0.4235;1;1.2175;1;0;1.13;0.39
TEL2004529_87;MFD_SETNO87;42.736883;64.591783;257802;50;16-jul-04;19:39:47;32.428;2.057;4.7372;0.351488372093023;1;NaN;9;NaN;9;5.7275;1;0.8395;1;4.3965;1;0;6.82;1.30
TEL2004529_87;MFD_SETNO87;42.736883;64.591783;257801;117;16-jul-04;19:39:47;33.345;4.621;3.8538;0.0346162790697674;1;33.361;1;5.2045;7;12.849;1;1.1185;1;11.2205;1;256;11.49;1.15
TEL2004529_88;MFD_SETNO88;42.704767;64.306033;257808;5;16-jul-04;21:52:43;30.989;15.064;4.4254;0.884978488372093;1;31.103;7;6.2175;7;0.082;1;0.2475;1;0.4965;1;256;0.33;0.17
TEL2004529_88;MFD_SETNO88;42.704767;64.306033;257807;25;16-jul-04;21:52:43;32.127;4.955;4.4705;0.737149224806201;1;NaN;9;NaN;9;0.2875;1;0.4615;1;3.122;1;0;0.62;0.09
TEL2004529_88;MFD_SETNO88;42.704767;64.306033;257806;50;16-jul-04;21:52:43;32.429;1.922;4.7003;0.229443798449612;1;NaN;9;NaN;9;7.673;1;0.902;1;5.6495;1;0;8.51;1.36
TEL2004529_88;MFD_SETNO88;42.704767;64.306033;257805;143;16-jul-04;21:52:43;34.383;7.689;3.4456;0.0242313953488372;1;34.414;1;4.4425;1;16.3175;1;1.1495;1;10.5315;1;0;14.20;1.55
TEL2004529_89;MFD_SETNO89;42.6924;64.23585;257812;5;16-jul-04;23:31:59;31.063;14.47;5.0377;0.380779069767442;1;31.178;7;6.8435;7;0.0985;1;0.238;1;0.43;1;256;0.41;0.23
TEL2004529_89;MFD_SETNO89;42.6924;64.23585;257811;25;16-jul-04;23:31:59;32.237;4.41;4.872;0.566286821705426;1;NaN;9;NaN;9;0.1145;1;0.3825;1;0.7625;1;0;0.30;0.15
TEL2004529_89;MFD_SETNO89;42.6924;64.23585;257810;50;16-jul-04;23:31:59;32.417;1.725;4.8465;0.327079457364341;1;NaN;9;NaN;9;4.8235;1;0.796;1;3.7835;1;0;6.06;1.27
TEL2004529_89;MFD_SETNO89;42.6924;64.23585;257809;278;16-jul-04;23:31:59;35.055;7.709;2.6958;NaN;9;35.051;1;3.9975;7;22.303;1;1.3785;1;13.2645;1;256;16.18;1.68
